0.496794
0.496794
0.496794
0.496794
0.496794
0.496794
0.496794
0.496794
0.496794
1.49679
1.49679
1.49679
1.49679
1.49679
1.49679
1.49679
1.49679
1.49679
1.49679
2.49679
2.49679
2.49679
2.49679
2.49679
2.49679
2.49679
2.27836
2.49679
2.49679
3.49679
3.49679
3.49679
3.49679
3.49679
3.49679
3.49679
3.49679
3.49679
3.49679
2.13892
4.49679
4.49679
4.49679
4.49679
4.49679
4.49679
2.65822
3.52246
4.49679
5.49679
5.49679
5.49679
5.49679
4.49799
1.07871
4.30309
5.49679
1.42847
5.49679
6.49679
6.49679
6.49679
6.49679
6.49679
6.49679
2.15427
6.49679
6.49679
1.57027
2.90273
7.49679
7.49679
7.49679
7.49679
7.49679
7.49679
7.49679
7.32039
7.49679
6.76026
8.49679
4.16705
3.76099
8.49679
5.3712
8.49679
8.49679
2.58227
8.49679
4.13448
2.1577
9.49679
8.37518
4.01182
9.49679
5.43535
9.49679
8.64577
9.49679
10.4968
4.15761
9.20467
3.12052
10.4968
10.4968
3.71566
10.3118
10.4968
10.4968
10.2771
11.4968
6.12247
6.44844
11.4968
5.54828
4.06308
9.59389
11.4968
10.5865
12.4968
12.4968
12.4968
12.4968
12.4968
12.4968
7.43083
4.46615
2.58592
9.14595
13.4968
11.2733
8.42141
6.54275
4.4262
3.44797
13.4968
3.7025
4.24608
5.4534
4.46503
11.7246
14.4968
14.4968
10.7869
7.28462
10.9011
14.4968
14.4968
13.4673
9.9934
1.51849
15.4968
15.4968
12.322
4.16251
15.4968
12.7894
15.4968
11.9246
14.6667
6.61739
16.4968
16.4968
8.3109
11.3845
11.2295
6.05689
3.6797
16.4968
17.4968
9.05482
17.4968
5.98863
15.2826
9.99239
9.6068
11.3118
17.3606
10.974
18.4968
18.4968
10.5083
18.4968
9.12821
9.32012
18.4968
3.76763
10.207
18.4968
1.83459
13.9559
15.134
16.251
19.4968
19.4968
19.4968
19.4968
10.0052
19.4968
20.4968
15.4938
2.80043
0
10.3056
3.22938
3.28645
20.4968
15.4038
20.1047
5.77506
11.7774
20.1422
6.55619
21.4968
21.4968
20.867
21.4968
14.6721
9.68892
9.42995
2.25663
19.685
22.4968
10.2804
7.98129
19.4974
11.0127
22.4968
11.5491
20.6807
23.4968
18.7448
5.30747
5.06117
13.5269
15.0062
13.6447
23.4968
16.2168
11.4559
24.4968
24.4968
13.4208
12.7339
24.4968
24.4968
2.08001
24.4968
5.30019
7.73186
23.0155
20.506
18.694
14.6301
19.738
8.73727
25.4968
10.5727
7.21369
15.0347
18.7715
13.5552
15.4619
14.9362
13.0081
10.8598
11.9614
7.99915
23.2148
25.65
25.1553
17.4439
15.2758
17.8674
0
9.38318
19.639
24.6206
9.56488
20.0733
13.2793
9.44733
12.8702
18.3722
26.7242
20.863
9.61706
19.3456
28.4968
22.6946
29.4968
24.993
28.221
26.7217
5.20962
29.4968
20.0612
29.3148
12.6341
24.0329
21.5076
8.01221
27.9228
28.3474
29.3598
6.83221
27.8169
9.01645
22.2131
21.5612
14.4436
15.4101
31.4968
10.9247
31.4968
28.5745
31.4968
7.33997
8.36444
0
9.10359
3.72857
32.4968
5.37266
11.5225
12.7397
21.3576
21.6658
13.1728
29.3392
8.01389
22.17
28.8294
1.62846
3.48491
19.6837
2.87742
33.4968
29.1406
14.2202
30.6
9.57766
29.4732
0
27.7314
34.4968
24.4295
25.8278
34.4968
25.4361
5.9729
24.9995
28.7755
14.0458
1.77208
14.8282
12.3708
34.2797
13.1212
28.4262
9.61346
17.7789
29.2578
12.9995
16.9266
16.5283
7.30041
25.6288
20.3929
1.34922
12.5244
29.2704
26.095
22.873
3.54162
36.1879
28.7889
18.9194
2.20707
31.2257
19.8029
34.2574
5.64679
28.5966
0
38.4968
5.6008
30.4812
30.5521
26.2466
3.78031
39.4968
39.4968
25.9235
0
35.4135
37.2229
37.8707
10.4192
34.0825
21.9776
28.088
26.0466
39.2664
21.0912
35.437
40.4968
26.0614
37.8755
8.08961
22.9108
1.66323
26.4244
20.4506
33.68
16.8657
17.7273
3.44784
22.4482
35.2267
30.8158
38.7209
33.6251
9.35019
42.4968
4.54435
28.08
42.4968
37.9211
36.2596
12.7425
26.8317
32.2449
24.7774
43.4968
43.4968
11.6494
13.9128
35.4101
1.35263
37.1104
41.3771
3.4162
42.3513
18.7581
38.3465
38.5038
25.5888
35.2711
36.5055
45.4968
33.639
20.1475
27.4846
22.5108
13.9534
36.3777
10.9993
11.281
26.8973
29.5502
7.31575
10.1522
44.6172
44.9931
44.7881
23.0804
41.3426
46.4968
41.4591
44.3112
44.4561
28.0995
31.3609
44.1366
42.1546
22.9034
11.8919
47.4968
38.4567
14.5594
23.8081
44.1466
35.4042
39.2868
48.4968
48.4968
13.2998
48.4968
49.4968
37.0921
34.4116
37.0677
49.4968
3.61374
35.9418
7.67576
25.1972
18.0613
9.86717
31.2773
32.7815
0
31.8137
30.0071
13.9237
46.1717
15.9476
28.136
41.2354
46.0632
25.0546
19.0254
20.7571
13.5064
47.1093
30.0218
39.4177
2.96826
40.9929
19.0989
48.7458
11.4456
41.6412
47.8768
46.8772
41.9091
7.02267
44.987
49.0385
24.3683
53.4968
10.4384
37.0867
36.7259
31.8437
35.5907
45.6771
18.2473
37.1085
31.9378
41.5758
32.7836
5.70977
17.5422
30.714
54.4968
9.66566
23.3261
33.6581
47.1851
26.5457
42.7535
29.134
13.6814
