0.5
0.5
0.5
0.5
0.5
0.5
0.5
0.5
0.5
1.5
1.5
1.5
1.5
1.5
1.5
1.5
1.5
1.5
1.5
2.5
2.5
2.5
2.5
2.5
2.5
2.5
2.5
2.5
2.5
3.5
3.5
3.5
3.5
3.5
3.5
3.5
3.5
3.5
3.5
4.5
4.5
4.5
4.5
4.5
4.5
4.5
4.5
4.5
4.5
5.5
5.5
5.5
5.5
5.5
5.5
5.5
5.5
5.5
5.5
6.5
6.5
6.5
6.5
6.5
6.5
6.5
6.5
6.5
6.5
7.5
7.5
7.5
7.5
7.5
7.5
7.5
7.5
7.5
7.5
8.5
8.5
8.5
8.5
8.5
8.5
8.5
8.5
8.5
8.5
9.5
9.5
9.5
9.5
9.5
9.5
9.5
9.5
9.5
9.5
10.5
10.5
10.5
10.5
10.5
10.5
10.5
10.5
10.5
10.5
11.5
11.5
11.5
11.5
11.5
11.5
11.5
11.5
11.5
10.989
12.5
12.5
12.5
12.5
12.5
12.5
12.5
12.5
12.5
12.5
13.5
13.5
13.5
13.5
13.5
13.5
13.5
13.5
13.5
13.5
4.47959
14.5
14.5
14.5
14.5
14.5
14.5
14.5
14.5
14.5
15.5
15.5
15.5
15.5
15.5
15.5
15.5
15.5
15.5
15.5
16.5
16.5
16.5
16.5
16.5
16.5
16.5
16.5
16.5
16.5
17.5
17.5
17.5
17.5
17.5
17.5
17.5
17.5
17.5
17.5
18.5
18.5
18.5
18.5
18.5
18.4815
18.5
18.5
18.5
18.5
19.5
19.5
19.5
19.5
19.5
19.5
19.5
19.5
19.5
19.5
20.5
20.5
20.5
0
20.5
20.5
20.5
20.5
20.5
20.1047
21.5
21.5
21.5
21.5
21.5
21.5
21.5
21.5
21.5
21.5
22.5
22.5
22.5
22.5
22.5
22.5
22.5
22.5
22.5
22.5
23.5
23.5
23.5
23.3544
23.5
23.5
23.5
23.5
23.5
23.5
24.5
24.5
24.5
24.2979
24.5
24.5
24.5
24.5
24.5
24.5
25.5
25.5
25.5
25.5
25.5
25.5
25.5
25.5
25.5
25.5
26.5
26.5
26.5
26.5
26.5
26.5
26.5
26.5
26.5
26.5
27.5
27.5
27.5
27.5
27.5
0
27.5
27.5
27.5
27.5
28.5
28.5
11.6128
28.5
28.5
28.5
28.5
28.5
28.5
28.5
29.5
29.5
29.5
29.5
29.5
29.5
29.5
29.5
29.5
29.5
30.5
30.5
30.5
30.5
30.5
30.5
30.5
30.1357
30.5
30.5
31.5
31.5
31.5
31.5
31.2694
31.5
31.5
31.5
31.5
31.5
0
32.5
32.5
32.5
32.5
32.5
32.5
32.5
32.5
32.5
33.5
33.5
33.5
33.5
33.5
33.5
33.5
33.5
33.5
33.5
34.5
34.5
34.5
34.5
0
34.5
34.5
34.5
34.5
34.5
35.5
35.5
35.5
35.5
35.5
35.5
35.5
35.5
35.5
35.5
36.5
36.5
36.5
36.5
36.5
36.5
36.5
36.5
36.5
36.5
37.5
37.5
37.5
37.5
22.873
37.5
37.5
37.5
37.5
37.5
38.5
38.5
38.5
38.5
38.5
0
38.5
38.5
38.5
38.5
39.5
39.5
39.5
39.5
39.5
0
39.5
39.5
38.989
18.4857
40.5
40.5
40.5
40.5
40.5
40.2475
40.5
40.5
40.5
40.5
41.5
41.5
41.5
41.5
41.5
41.5
41.5
41.5
41.5
41.5
42.5
42.5
42.5
42.5
42.1893
42.5
42.5
42.5
42.5
42.5
43.5
43.5
43.5
43.5
43.5
43.5
43.5
43.5
43.5
43.5
44.5
44.5
44.5
44.5
44.5
44.5
44.5
44.5
44.5
44.5
45.5
45.5
45.5
45.5
44.8545
45.5
45.5
45.5
45.5
45.5
46.5
46.5
46.5
46.5
46.5
46.5
46.5
46.5
46.5
46.5
47.5
47.5
47.5
47.5
47.5
47.5
47.5
47.5
47.5
47.5
48.5
48.5
48.5
48.5
48.5
48.5
48.5
48.5
48.5
48.5
49.5
49.5
49.5
49.0666
49.5
49.5
49.5
49.5
49.5
49.5
50.5
50.5
50.5
0
50.5
50.5
26.2705
50.5
50.5
50.5
51.5
51.5
51.5
51.5
51.5
51.5
51.5
51.5
39.4177
51.5
52.5
52.5
52.5
52.5
52.5
52.5
52.5
52.5
52.5
52.5
53.5
53.5
53.5
53.5
53.5
53.5
53.5
53.5
53.5
53.5
54.5
54.5
54.5
54.5
54.5
54.5
54.5
54.5
54.5
54.5
55.5
55.5
55.5
55.5
55.5
55.5
