0.0032063
0.0032063
0.0032063
0.0032063
0.0032063
0.0032063
0.0032063
0.0032063
0.0032063
0.0032063
0.0032063
0.0032063
0.0032063
0.0032063
0.0032063
0.0032063
0.0032063
0.0032063
0.0032063
0.0032063
0.0032063
0.0032063
0.0032063
0.0032063
0.0032063
0.0032063
0.0064126
0.0032063
0.0032063
0.0032063
0.0032063
0.0032063
0.0032063
0.0032063
0.0032063
0.0032063
0.0032063
0.0032063
0.0032063
0.0064126
0.0032063
0.0032063
0.0032063
0.0032063
0.0032063
0.0032063
0.0064126
0.0064126
0.0032063
0.0032063
0.0032063
0.0032063
0.0032063
0.0064126
0.0064126
0.0064126
0.0032063
0.0064126
0.0032063
0.0032063
0.0032063
0.0032063
0.0032063
0.0032063
0.0032063
0.0064126
0.0032063
0.0032063
0.0064126
0.0064126
0.0032063
0.0032063
0.0032063
0.0032063
0.0032063
0.0032063
0.0032063
0.0064126
0.0032063
0.0064126
0.0032063
0.0064126
0.0064126
0.0032063
0.0064126
0.0032063
0.0032063
0.0064126
0.0032063
0.0064126
0.0064126
0.0032063
0.0064126
0.0064126
0.0032063
0.0064126
0.0032063
0.0064126
0.0032063
0.0032063
0.0064126
0.0064126
0.0064126
0.0032063
0.0032063
0.0064126
0.0064126
0.0032063
0.0032063
0.0064126
0.0032063
0.0064126
0.0064126
0.0032063
0.0064126
0.0064126
0.0064126
0.0032063
0.0032063
0.0032063
0.0032063
0.0032063
0.0032063
0.0032063
0.0032063
0.0064126
0.0064126
0.0064126
0.0064126
0.0032063
0.0064126
0.0064126
0.0064126
0.0064126
0.00650265
0.0032063
0.0064126
0.0064126
0.0064126
0.0096189
0.0064126
0.0032063
0.0032063
0.0064815
0.0064126
0.0064126
0.0032063
0.0032063
0.0064126
0.0064126
0.0064126
0.0032063
0.0032063
0.0064126
0.0064126
0.0032063
0.0064126
0.0032063
0.0064126
0.0064126
0.0064126
0.0032063
0.00324668
0.0064126
0.0064126
0.0064126
0.0064126
0.0064126
0.0032063
0.0032063
0.0064126
0.0032063
0.0064126
0.0064126
0.0064126
0.0064126
0.0064126
0.0064126
0.0064126
0.0032063
0.0032063
0.0064126
0.0032063
0.0064126
0.0128252
0.0032063
0.0064126
0.0064126
0.0032063
0.00646134
0.0064126
0.0064126
0.0064126
0.0032063
0.0032063
0.0032063
0.0032063
0.0064126
0.0032063
0.0032063
0.0064126
0.0064126
0
0.0064126
0.0064126
0.0064126
0.0032063
0.0064126
0
0.0064126
0.0064126
0.0064126
0.0064126
0.0032063
0.0032063
0.0064126
0.0032063
0.0064126
0.0064126
0.0064126
0.0064126
0.0064126
0.0032063
0.0064126
0.0064126
0.0064126
0.0064126
0.0032063
0.0064126
0.0064126
0.0032063
0.0064126
0.0032063
0.0064126
0.0064126
0.0064126
0.0064126
0.0032063
0.0064126
0.0064126
0.0032063
0.0032063
0.0032063
0.0064126
0.0032063
0.0032063
0.0064126
0.0032063
0.0064126
0.0064126
0.0064126
0.0064126
0.0064126
0.0064126
0.0064126
0.0064126
0.0032063
0.0064126
0.0064126
0.0064126
0.0064126
0.0064126
0.0064126
0.0064126
0.0064126
0.0064126
0.0064126
0.0064126
0.0064126
0.0064126
0.0064126
0.0064126
0.0064126
0.0064126
0
0.0064126
0.0064126
0.0064126
0.0064126
0.0064126
0.0064126
0.0230971
0.0064126
0.0064126
0.0064126
0.0064126
0.0064126
0.0064126
0.0032063
0.0064126
0.0032063
0.0064126
0.0064126
0.0064126
0.0064126
0.0032063
0.0064126
0.0064126
0.0064126
0.0064126
0.0064126
0.0064126
0.0064126
0.0064126
0.0064126
0.0064126
0.0032063
0.0064126
0.0064126
0.0064126
0.0064126
0.0064126
0.0032063
0.0032063
0.0032063
0.0064126
0.0032063
0.0064126
0.0064126
0
0.0064126
0.0064126
0.0032063
0.0064126
0.0064126
0.0064126
0.0064126
0.0064126
0.0064126
0.0064126
0.0064126
0.0064126
0.0064126
0.0064126
0.0064126
0.0064126
0.0064126
0.0032063
0.0064126
0.0064126
0.0064126
0.0064126
0.0064126
0
0.0064126
0.0032063
0.0064126
0.0064126
0.0032063
0.0064126
0.0064126
0.0064126
0.0064126
0.0064126
0.0064126
0.0064126
0.0064126
0.0064126
0.0064126
0.0064126
0.0064126
0.0064126
0.0064126
0.0064126
0.0064126
0.0064126
0.0064126
0.0064126
0.0064126
0.0064126
0.0064126
0.0064126
0.0064126
0
0.0064126
0.0064126
0.0064126
0.0064126
0.0064126
0.0064126
0.0064126
0.0064126
0.0064126
0.0064126
0
0.0032063
0.0064126
0.0064126
0.0064126
0.0064126
0.0064126
0.0032063
0.0032063
0.0064126
0
0.0064126
0.0064126
0.0032063
0.0032063
0.0064126
0.0064126
0.0064126
0.0096189
0.0064126
0
0.0064126
0.0032063
0.0064126
0.0064126
0.0064126
0.0064126
0.0064126
0.0064126
0.0064126
0.0064126
0.0064126
0.0064126
0.0064126
0.0064126
0.0064126
0.0064126
0.0096189
0.0064126
0.0032063
0.0032063
0.0064126
0.0064126
0.0032063
0.0064126
0.0064126
0.0064126
0.0064126
0.0064126
0.0064126
0.0032063
0.0032063
0.0064126
0.0064126
0.0064126
0.0064126
0.0064126
0.0064126
0.0064126
0.0064126
0.0064126
0.0064126
0.0064126
0.0064126
0.0064126
0.0064126
0.0032063
0.0064126
0.0064126
0
0.0064126
0.0064126
0.0064126
0.0064126
0.0064126
0.0064126
0.0064126
0.0064126
0.0064126
0.0064126
0.0064126
0.0064126
0.0064126
0.0064126
0.0032063
0.0064126
0.0096189
0.0064126
0.0064126
0.0064126
0.0064126
0.0064126
0.0064126
0.0064126
0.0032063
0.0064126
0.0064126
0.0064126
0.0064126
0.0064126
0.0064126
0.00324338
0.0032063
0.0064126
0.0032063
0.0032063
0.0064126
0.0064126
0.0032063
0.0032063
0.0064126
0.0064126
0.0064126
0.0064126
0.0064126
0.0064126
0.0064126
0.0064126
0
0.0064126
0.0064126
0.0224441
0.0064126
0.0064126
0.0064126
0.0064126
0.0064126
0.0064126
0.0064126
0.0064126
0.0064126
0.0064126
0.0064126
0
0.0064126
0.0064126
0.0064126
0.0064126
0.0064126
0.0064126
0.0064126
0.0064126
0.0064126
0.0064126
0.0064126
0.0064126
0.0064126
0.0032063
0.0064126
0.0064126
0.0064126
0.0064126
0.00646468
0.0064126
0.0064126
0.0064126
0.0096189
0.0064126
0.0064126
0.0064126
0.0064126
0.0064126
0.0032063
0.0064126
0.0064126
0.0064126
0.0064126
0.0064126
0.0064126
0.0064126
0.0064126
