0.5
0.5
0.5
0.5
0.5
0.5
0.5
0.5
0.5
1.5
1.5
1.5
1.5
1.5
1.5
1.5
1.5
1.5
1.5
2.5
2.5
2.5
2.5
2.5
2.5
2.5
2.28477
2.5
2.5
3.5
3.5
3.5
3.5
3.5
3.5
3.5
3.5
3.5
3.5
2.14534
4.5
4.5
4.5
4.5
4.5
4.5
2.66464
3.52887
4.5
5.5
5.5
5.5
5.5
4.5044
1.08513
4.3095
5.5
1.43489
5.5
6.5
6.5
6.5
6.5
6.5
6.5
2.16068
6.5
6.5
1.57668
2.90914
7.5
7.5
7.5
7.5
7.5
7.5
7.5
7.3268
7.5
6.76668
8.5
4.17346
3.7674
8.5
5.37761
8.5
8.5
2.58868
8.5
4.14089
2.16412
9.5
8.3816
4.01823
9.5
5.44176
9.5
8.65218
9.5
10.5
4.16402
9.21109
3.12694
10.5
10.5
3.72208
10.3182
10.5
10.5
10.2835
11.5
6.12889
6.45485
11.5
5.55469
4.06949
9.6003
11.5
10.5897
12.5
12.5
12.5
12.5
12.5
12.5
7.43724
4.47256
2.59233
9.15236
13.5
11.2797
8.42782
6.54916
4.43261
3.45447
13.5
3.70891
4.2525
5.45981
4.47464
11.731
14.5
14.5
10.7934
7.29103
10.9075
14.5
14.5
13.4737
9.99982
1.5249
15.5
15.5
12.3284
4.16892
15.5
12.7958
15.5
11.931
14.6731
6.6238
16.5
16.5
8.31731
11.3909
11.236
6.0633
3.68611
16.5
17.5
9.06123
17.5
5.99504
15.289
9.99881
9.61321
11.3183
17.367
10.9804
18.5
18.5
10.5148
18.5
9.13463
9.33295
18.5
3.77405
10.2135
18.5
1.84105
13.9623
15.1404
16.2574
19.5
19.5
19.5
19.5
10.0116
19.5
20.5
15.5003
2.80684
0
10.312
3.23579
3.29286
20.5
15.4102
20.1047
5.78147
11.7838
20.1487
6.5626
21.5
21.5
20.8734
21.5
14.6785
9.69533
9.43637
2.26304
19.6914
22.5
10.2868
7.9877
19.5038
11.0191
22.5
11.5555
20.6871
23.5
18.7512
5.31067
5.06758
13.5334
15.0127
13.6511
23.5
16.2232
11.4623
24.5
24.5
13.424
12.7403
24.5
24.5
2.08642
24.5
5.3066
7.73828
23.0219
20.5124
18.7004
14.6365
19.7444
8.74368
25.5
10.5791
7.2201
15.0411
18.7779
13.5617
15.4683
14.9426
13.0145
10.8662
11.9678
8.00557
23.2212
25.6565
25.1617
17.4503
15.2823
17.8738
0
9.38959
19.6454
24.627
9.5713
20.0797
13.2857
9.47043
12.8766
18.3786
26.7306
20.8694
9.62347
19.352
28.5
22.7011
29.5
24.9994
28.2274
26.7281
5.21604
29.5
20.0676
29.3212
12.6405
24.0393
21.514
8.01862
27.9292
28.3538
29.3663
6.83862
27.8201
9.02287
22.2195
21.5676
14.45
15.4165
31.5
10.9279
31.5
28.5809
31.5
7.34638
8.37086
0
9.11001
3.73499
32.5
5.37907
11.5289
12.7461
21.364
21.6722
13.1792
29.3456
8.0203
22.1764
28.8358
1.63488
3.49133
19.6901
2.88383
33.5
29.147
14.2266
30.6064
9.58407
29.4797
0
27.7378
34.5
24.4359
25.8342
34.5
25.4425
5.97931
25.0059
28.7819
14.0522
1.77849
14.8346
12.3772
34.2862
13.1276
28.4326
9.61987
17.7853
29.2642
13.0059
16.933
16.5347
7.30682
25.6352
20.3993
1.35563
12.5308
29.2769
26.1014
22.873
3.54803
36.1943
28.7954
18.9258
2.21348
31.2321
19.8093
34.2638
5.6532
28.603
0
38.5
5.60721
30.4876
30.5585
26.2531
3.78672
39.5
39.5
25.9299
0
35.4199
37.2293
37.8739
10.4224
34.0889
21.984
28.0944
26.0563
39.2728
21.0912
35.4434
40.5
26.0678
37.8819
8.09602
22.9172
1.66964
26.4308
20.457
33.6864
16.8721
17.7337
3.45425
22.4546
35.2331
30.8223
38.7305
33.6315
9.3534
42.5
4.55076
28.0864
42.5
37.9275
36.266
12.7489
26.8381
32.2513
24.7838
43.5
43.5
11.6559
13.9192
35.4166
1.35904
37.1168
41.3835
3.42261
42.3578
18.7645
38.3529
38.5102
25.5952
35.2775
36.5119
45.5
33.6455
20.1539
27.4846
22.5172
13.9598
36.3841
11.0057
11.2875
26.9037
29.5566
7.32217
10.1586
44.6236
44.9995
44.7945
23.0868
41.349
46.5
41.4655
44.3208
44.4625
28.1059
31.3673
44.143
42.161
22.9099
11.8983
47.5
38.4631
14.5658
23.8145
44.153
35.4106
39.2932
48.5
48.5
13.3062
48.5
49.5
37.0985
34.418
37.0709
49.5
3.62015
35.9482
7.68217
25.2036
18.0677
9.87359
31.2837
32.7879
0
31.8201
30.0135
13.9461
46.1782
15.954
28.1424
41.2418
46.0696
25.061
19.0319
20.7635
13.5129
47.1157
30.0282
39.4177
2.97467
40.9993
19.1053
48.7522
11.452
41.6476
47.8832
46.8837
41.9155
7.02909
44.9934
49.0449
24.3748
53.5
10.4448
37.0932
36.7323
31.8501
35.5971
45.6835
18.2537
37.1149
31.9474
41.5822
32.79
5.71618
17.5486
30.7204
54.5
9.67207
23.3325
33.6645
47.1915
26.5521
42.7599
29.1404
13.6878
