40.1982
36.7211
8.4284
40.0106
36.4119
37.6001
36.8955
38.5476
34.0104
29.3078
36.1349
19.1979
25.5122
20.8814
38.0161
27.9772
15.072
35.3823
34.4216
18.3864
23.5946
7.33603
5.93603
24.6723
28.2712
36.3897
25.1254
38.3673
19.2666
31.3242
26.615
34.5309
32.6408
42.2201
24.0031
21.6485
14.461
33.3706
12.1833
26.5755
44.0337
21.3609
29.5852
44.9618
41.1766
19.2047
14.1794
32.2659
24.5036
20.5568
28.4532
21.2565
14.115
34.0466
32.9289
35.8126
19.9373
28.4063
8.79999
39.3434
35.6254
38.0701
27.9755
1.80999
15.3494
20.3659
23.0463
23.7683
37.4233
35.897
38.5573
32.9737
27.1869
22.5281
43.5606
27.1734
30.2057
28.2005
36.6646
29.3901
32.5447
30.7445
43.8108
25.2062
12.6083
25.4546
46.6866
28.4413
33.6693
44.9336
29.3661
43.4397
31.1535
27.8771
19.0403
17.2631
17.1484
37.4953
44.2115
33.3953
32.0091
17.3167
37.1517
34.6089
40.9096
27.3705
18.6324
19.8335
43.8879
28.297
16.3883
24.7322
36.7775
31.1518
17.8889
42.9682
20.0596
38.7844
45.2013
27.3458
27.2762
45.9317
16.9347
42.5667
20.5952
12.1419
37.2395
31.855
26.3787
30.065
31.8823
44.9928
35.6173
35.6793
30.0107
9.65084
37.3019
21.6334
9.47021
38.5748
17.1259
32.6771
16.4189
47.747
31.1386
23.9135
22.8118
35.9585
20.6292
17.6455
27.9321
14.8667
24.9784
26.9257
23.2227
34.68
21.5094
25.1587
42.4085
18.7058
27.7838
18.9993
42.5833
37.2889
26.6184
31.8946
30.1285
45.455
36.8366
23.7126
13.1356
42.8515
31.4943
6.019
33.6062
31.7247
28.0891
28.6555
34.5584
38.201
9.53105
13.9576
22.3095
7.16008
47.5569
15.2043
37.1665
28.9663
34.6513
29.6856
6.0473
37.2091
37.6072
5.82527
37.4254
38.2866
34.1599
26.5501
38.1922
45.7787
39.488
22.959
30.8365
25.8124
31.5102
32.3922
50.1561
43.9444
30.2448
24.4375
31.3749
24.9122
27.8774
26.8217
29.106
36.0756
42.0655
41.5503
15.8966
36.3772
36.297
39.4901
36.7992
17.3243
25.8203
23.9656
26.78
19.7925
23.7128
31.7883
25.0708
38.3531
32.4693
25.3365
36.5448
34.6871
30.9537
13.1933
11.6913
27.9425
30.7274
35.9077
28.5075
7.951
31.6188
20.4679
24.6547
26.9197
43.7508
19.2214
37.0387
47.3104
17.476
39.9927
21.8805
41.9159
34.7794
6.95493
20.6601
25.4889
31.0613
31.2182
23.6137
28.3089
25.8066
10.0641
26.41
12.3317
46.7052
36.9564
42.8704
37.6349
28.5422
27.5003
17.1311
38.6328
41.2514
42.871
33.7183
17.5106
27.2423
26.6977
6.26804
31.5059
43.196
38.6816
33.0226
22.9387
44.0316
34.2604
33.209
32.0262
30.3245
34.3872
43.7728
31.4771
12.6644
26.6625
35.1911
0.18372
26.6617
25.6362
27.4869
41.639
42.6556
27.9707
41.4503
28.1491
40.8677
19.4787
10.0026
15.1861
28.9582
26.3342
13.3411
41.8095
42.8586
27.1642
25.209
28.7518
23.4088
33.0231
26.4424
27.7325
33.4084
32.4984
6.78096
21.2873
32.8843
2.62123
20.4348
31.1851
27.1944
31.056
44.0306
20.1115
7.73103
28.6337
36.3047
23.646
39.4806
45.4539
2.38029
26.7561
33.9625
29.0901
42.0065
33.9326
21.7386
18.0294
20.5015
31.602
36.63
26.5896
44.775
39.5055
26.6185
24.2003
33.6488
41.3373
38.8672
25.8863
34.6514
24.0689
42.0229
39.2883
39.5796
25.6867
11.7486
41.2886
30.0258
33.2941
9.81986
1.46798
30.2007
18.4254
18.9502
14.74
39.7443
31.7985
15.2229
42.4651
47.2142
37.3375
24.9171
42.3797
37.9594
35.1253
11.1947
32.848
36.5583
32.9924
31.8102
34.0621
40.4489
27.2439
42.0181
35.7324
38.9558
33.3804
27.7591
43.6709
5.67286
31.8293
30.0679
28.5334
29.1905
14.4188
30.7094
17.9511
36.4931
37.5946
35.7727
44.5553
46.3302
35.7594
45.4709
33.9951
44.5118
37.6005
23.8662
32.2454
6.52424
13.6447
5.78857
30.3281
41.2181
34.3895
40.5507
48.2435
18.6438
35.8835
22.3386
23.7551
44.2046
31.8799
22.8192
21.0856
15.8543
28.9071
22.5291
40.0211
9.78254
20.2396
36.7278
6.94327
30.5201
37.1348
5.79875
27.3325
40.2049
22.2524
15.8828
29.07
29.8447
36.947
37.0972
37.3162
40.0299
25.0811
11.0232
29.995
22.1255
27.1506
5.97699
27.0645
41.3131
26.4319
28.5229
36.0902
22.6542
48.5038
11.6998
24.4067
42.5468
34.1051
20.4636
27.9768
44.1959
11.9714
43.7499
40.4411
37.9768
36.6304
27.0086
25.17
31.8677
25.4791
14.0606
36.5013
26.612
30.0328
40.3885
30.909
33.2999
38.6609
21.0336
13.8709
15.985
43.3477
28.3807
38.7723
28.1413
43.2985
32.2846
46.3496
28.4821
22.7451
38.5938
8.31044
15.1371
24.9957
30.595
32.6598
36.4537
24.7319
14.8911
37.2192
32.0946
26.62
25.7243
38.9479
26.6821
33.6438
35.551
29.8702
35.4444
35.9715
33.1532
34.9486
14.9524
29.0185
24.4021
34.3192
21.0697
8.55327
28.9279
22.5735
41.0097
18.0487
27.3443
5.86053
34.4224
3.368
11.704
6.97986
38.0113
39.1341
12.9392
27.9196
44.2045
9.81102
35.1908
17.0633
44.1006
40.8193
12.2325
30.8439
29.2015
44.9559
24.2771
44.0358
21.8778
40.4263
48.2979
44.4017
13.463
9.23786
8.71947
28.9085
40.5683
3.46289
7.16211
38.0449
28.5689
17.0114
33.0538
41.2222
33.6957
27.8194
31.562
0.619638
44.8513
22.2581
40.7288
10.7686
48.2733
27.9881
43.341
31.1578
42.7053
38.7219
33.6713
20.9438
12.0928
40.7323
31.8079
45.2981
32.7946
26.8464
44.9883
43.2099
37.1088
23.3876
33.6954
29.7586
23.997
25.9325
16.7357
27.2152
13.8941
13.5247
24.393
2.60659
21.947
21.0669
19.5433
40.8505
39.6185
29.5204
22.4442
14.7244
28.9352
44.9072
29.1285
21.1188
29.3421
39.4053
36.6396
30.8276
43.3308
17.017
36.2262
27.6506
15.6431
35.7896
45.113
27.8234
0.453267
24.4238
30.5283
22.1389
19.5789
28.958
21.7339
32.5711
25.5821
37.6444
29.3066
41.8957
29.4822
25.1615
23.4891
33.8073
34.9711
30.3141
22.596
33.7335
36.9158
1.06755
48.1696
24.6755
42.8574
13.5039
0.753724
36.576
25.8674
38.1479
33.0308
36.278
27.8958
19.5059
33.9906
11.063
39.0755
26.686
45.9242
37.7477
45.6395
31.8345
30.3148
26.4353
33.6914
28.691
27.6918
32.023
24.6627
3.58786
27.6929
25.176
33.6274
28.8191
21.4951
21.6647
31.5351
20.9269
24.0923
22.2014
24.9784
30.4292
41.5332
39.2377
37.3378
28.0472
44.7659
13.0139
44.598
22.5794
29.0603
6.94322
11.9409
12.8585
35.5274
41.0948
35.5939
47.0696
30.0613
13.9058
13.0855
18.7317
3.36068
38.2133
40.7537
31.6643
19.6801
25.2772
33.1278
33.6142
13.5336
39.3366
26.2164
17.5844
39.6836
46.7143
24.7533
32.8443
39.6366
39.495
34.6643
28.4685
14.4077
32.4941
23.6052
45.1497
23.0831
23.8723
29.9538
35.3287
32.1122
26.2297
22.8578
15.9081
34.2934
31.8802
35.2107
34.677
31.7706
12.067
30.7144
26.5345
25.0301
45.3292
19.5642
22.6381
26.0068
39.9915
38.4631
24.9594
32.262
35.8608
22.2895
23.8376
41.6019
33.8867
29.3961
20.5768
24.7765
39.0348
21.8081
29.8841
7.65766
18.339
40.3397
22.2427
46.3167
45.4046
39.9576
38.9596
18.5126
25.6761
23.2615
11.9273
35.4525
27.7571
31.4621
29.8676
13.4971
14.8356
12.5811
32.9937
31.3478
39.337
7.27176
28.0186
21.8051
44.0253
37.8075
25.3962
35.3775
31.4701
37.815
33.2786
36.8531
10.2647
20.9053
30.0847
33.6281
28.594
27.7561
40.0252
3.03574
36.7393
24.8585
19.6652
37.8215
45.3849
24.8283
23.0088
1.33739
41.1727
31.0263
33.452
33.4384
38.4679
31.2951
23.9537
19.0947
27.8155
26.9302
38.6607
26.6403
21.9351
5.56201
36.7515
24.5515
31.9967
6.19296
47.7646
33.1289
43.0667
40.5405
18.3183
24.8617
38.2997
43.7331
30.4843
25.9976
8.99275
31.2998
11.1637
24.5031
1.21025
2.76604
27.6044
23.9972
41.3643
23.9329
25.3217
40.7861
23.2102
26.1549
26.2922
22.394
31.044
18.4625
39.5872
19.6006
39.1291
26.6638
24.0456
10.8439
10.1696
29.5981
28.764
33.9001
13.153
42.9137
20.9457
4.02298
39.7136
17.9089
41.6436
20.2176
45.2424
28.3625
42.3946
36.1982
29.807
23.4049
26.4147
43.5463
39.1894
28.8981
30.4108
35.8472
38.2696
29.7004
33.509
38.5143
40.7754
26.9389
33.0043
32.2935
48.0496
42.3825
2.45757
8.21984
27.6985
29.1191
33.6148
35.7564
46.6864
44.3429
7.13278
43.1339
24.3015
38.4098
36.109
11.4401
30.6775
23.7664
15.9996
27.8134
34.766
30.2736
24.7689
29.8016
15.0992
14.5171
38.7633
22.0435
24.6659
29.0132
22.9142
24.0635
28.6194
23.5281
44.1991
7.51907
17.7237
36.8824
17.7767
31.223
24.7464
39.2331
42.4013
40.4923
36.8959
30.7528
23.7401
45.3854
22.4694
33.9618
29.9911
28.2941
23.7437
37.1718
42.5903
25.7811
19.9601
19.6014
29.1978
20.7757
35.5406
24.043
19.7556
35.0313
17.9446
16.737
30.2149
30.1693
32.2728
43.3046
22.7151
32.1655
40.8926
24.5368
25.108
33.384
32.6313
43.0606
25.076
29.4604
20.9821
29.2208
30.0684
17.9968
22.6594
37.3386
21.9266
26.332
41.6135
28.4203
26.1068
39.6959
18.09
25.3776
15.6211
33.0949
26.6682
35.2731
22.709
32.5856
30.9872
39.302
15.521
24.2079
20.7923
44.375
46.8938
38.5282
19.6695
26.5248
30.4215
9.94519
39.6817
28.1059
19.4797
6.1231
25.0401
30.0923
32.1742
40.177
24.7404
15.8778
9.58113
40.2388
30.5341
38.9182
25.1709
41.0414
24.233
35.5905
36.2174
24.1055
46.3034
18.7718
38.9994
37.7931
33.5177
23.7358
36.0634
28.676
15.5137
44.0229
21.796
33.7042
32.5392
45.3381
29.6789
33.8058
29.6021
7.50519
43.1873
36.2424
38.0229
42.6321
22.4079
36.3989
34.3967
26.5913
22.9139
40.3993
45.0791
25.9622
32.6915
36.8111
30.727
38.2206
41.3081
11.2934
45.6869
24.6484
43.5814
35.227
26.1762
23.2311
28.9163
20.6063
34.7829
11.9443
20.6342
34.386
31.6286
24.0602
47.5016
45.1448
31.8534
29.7147
9.58624
31.62
24.9086
39.7547
34.0753
17.0565
23.8446
4.83621
23.7196
16.0675
14.7071
35.0144
15.7455
34.2107
33.3372
45.6101
26.9465
25.5451
35.1573
7.86849
31.874
33.4406
35.8359
36.6053
37.2793
27.9506
44.1334
41.377
23.7875
43.7469
30.2188
38.7844
27.9058
37.2769
36.2376
20.6101
18.5341
45.4209
21.2042
43.5661
9.02597
32.9089
31.6966
14.0459
37.3203
35.8875
35.7182
34.9446
23.8896
24.4551
32.8649
34.4633
22.3263
48.0229
21.4712
6.76657
33.8282
30.9297
37.6909
31.2741
41.3757
23.1082
34.087
22.9217
31.009
15.9332
29.9213
46.8879
33.1768
26.6839
37.7811
24.5263
29.606
34.3226
20.3858
24.8632
28.1317
14.0763
30.9403
18.2555
12.3742
17.8145
24.2806
26.3271
22.5093
40.5407
24.6647
37.842
39.1585
42.8426
27.6842
39.926
34.3483
39.6664
11.5237
11.5409
19.925
15.9063
29.9705
46.0523
28.658
13.07
42.0383
25.9942
32.8303
26.5006
30.6693
0.360252
27.7389
28.4555
42.9722
19.1658
33.2805
33.5786
40.4153
32.987
27.0972
37.6534
38.5764
25.085
29.7318
17.142
28.5749
33.1704
33.6149
24.6864
21.0982
22.4705
21.3601
26.5726
13.2754
34.1334
34.3303
20.6288
27.1886
35.6747
30.1558
30.1845
17.4631
18.3075
27.2342
32.3234
25.9263
30.6318
33.4437
18.9009
30.3574
16.2299
20.8858
35.3024
41.9404
26.2767
25.1098
25.0517
34.2103
23.6658
34.8851
27.114
23.5519
12.902
32.6267
38.9847
12.3185
19.0794
29.396
41.2501
45.7001
30.033
36.0738
21.7465
35.2496
34.6406
29.4613
34.1858
38.2368
26.7081
26.2737
29.8561
18.2906
39.1473
20.5858
22.9112
22.4435
15.7857
29.3505
42.4575
42.0387
32.6517
35.5175
32.8197
40.2877
22.3923
32.619
39.3318
34.6484
22.2676
36.8783
15.429
34.9249
39.1341
23.9865
38.5287
36.6656
0.974946
38.8476
29.5889
21.3753
24.6041
31.7432
18.2337
13.1793
34.4711
5.96846
36.2682
19.8911
32.6601
18.4889
35.6912
29.1198
25.3993
26.0291
35.9733
32.6187
28.9525
11.277
49.3026
38.9169
30.0936
22.326
29.8765
40.3098
31.0967
37.8198
39.6049
22.4513
23.54
23.8571
33.3178
29.9639
20.9195
23.1919
45.0433
49.1153
49.1564
45.5481
32.5338
42.7503
33.2138
21.0991
29.5526
39.1566
48.028
38.513
22.4193
27.2825
40.4722
27.5944
38.607
35.4275
20.2238
32.655
46.7724
12.2492
17.4962
28.3228
46.6021
25.8585
13.5125
27.7512
23.4203
28.5885
31.4744
40.7526
40.2101
31.0672
22.0248
37.6447
21.6367
34.0192
24.1853
24.6151
23.6069
2.32278
20.3353
33.531
8.33082
24.9215
9.27424
41.613
30.4127
30.8025
40.5983
19.1929
31.8322
31.6249
29.032
10.616
3.38797
37.4594
36.1744
35.9793
21.8571
32.5304
45.1781
40.1768
17.7206
29.8611
22.188
18.2816
33.0268
32.8577
35.6103
29.3759
19.7638
42.2791
30.0788
32.4432
14.8122
36.7483
26.8495
40.73
29.0119
34.8211
27.731
0.75393
35.8736
15.4643
40.7808
27.1549
5.07486
37.237
47.863
13.3222
2.04871
31.5132
22.9809
20.4893
43.821
37.6405
38.5316
34.8385
22.4526
20.5515
43.2343
38.2052
40.3143
22.3017
27.9238
8.65924
44.6028
35.0102
41.0435
31.2189
21.3007
24.0005
25.6913
13.8377
36.3976
48.5741
45.1298
39.8145
23.3906
19.9592
29.6809
16.4259
25.3195
37.9739
15.5961
39.4437
21.8454
30.9283
40.8063
40.0078
16.9826
29.0653
34.1463
11.4765
17.0854
22.8527
24.8115
36.5591
43.4325
19.6545
39.4603
34.0445
41.2472
26.0278
17.2042
25.0584
41.4569
36.0052
31.4445
38.6036
47.3213
8.73044
27.85
19.8454
20.1483
26.9124
1.70806
46.1042
26.7932
30.0266
11.066
32.2231
46.2838
38.4859
39.7503
29.0064
25.0532
32.7831
23.0622
19.7754
33.5018
10.5104
26.222
25.2992
48.1914
17.0279
42.552
42.1232
27.6014
29.6347
26.582
17.4995
32.371
29.1504
30.2412
11.7103
34.6667
21.2928
23.0265
21.9738
29.6534
25.0751
32.4745
7.0332
16.2335
9.19567
48.3116
11.0382
34.6031
16.4879
39.9091
31.2535
22.2167
22.0075
40.1897
41.9631
14.5867
37.7195
38.9
47.6077
38.4766
33.6586
18.4505
28.2414
19.8851
29.662
35.7399
40.1074
37.123
13.9792
16.7379
4.75097
24.1923
35.4912
28.4304
21.5737
29.2976
45.2743
33.6131
39.3128
47.1525
7.3365
37.5531
41.005
34.1243
25.6407
33.7339
31.3376
31.379
36.89
28.3608
37.0321
30.2079
35.6635
41.8987
46.1407
26.6355
30.6137
19.6003
28.8298
21.1522
39.0955
34.8967
45.1939
26.6588
37.3392
32.0954
13.3215
9.20468
29.2557
44.8849
31.0305
39.7245
24.5799
31.0133
22.7217
27.6296
39.4159
34.8528
41.6093
24.1389
32.5642
38.8903
7.55994
29.3627
9.40767
30.4635
19.7224
6.03658
27.8792
24.1033
35.1472
26.852
32.5006
8.72966
34.0834
19.4173
32.0751
30.2206
38.6075
9.83639
21.0918
46.7704
31.3222
27.8794
30.3247
36.6491
13.6491
24.3052
25.822
7.37552
37.8605
19.3064
42.483
25.07
39.386
32.7416
16.0012
1.57407
35.2048
34.8299
28.5043
14.9019
33.0488
15.0173
23.1025
22.8024
33.6904
30.1763
38.074
34.5273
13.6768
26.7404
25.7874
11.9739
32.4107
2.12731
44.9652
27.0654
26.1136
37.9363
32.332
45.9171
33.3466
48.0434
17.9785
44.6776
42.278
33.4444
35.3336
25.5083
38.2914
31.6381
20.8244
29.5911
39.1041
18.7194
28.1519
11.1286
30.2649
30.7528
41.0419
14.0709
40.7497
38.9943
34.3936
36.8832
15.4648
49.2649
21.5135
47.7978
23.7658
26.3246
35.2208
20.7402
21.6732
17.8618
15.968
16.7092
33.3142
23.7679
37.9779
44.3052
37.9081
45.1504
27.4311
40.7516
28.0999
47.578
15.0402
24.5751
23.7691
34.9702
29.0753
26.7992
42.3804
20.2701
32.272
33.5687
19.9519
35.7357
1.44014
31.5588
27.5674
33.5882
30.8654
20.7037
24.4279
31.5825
29.679
14.3158
17.1757
16.2013
42.8843
6.87589
25.0719
21.8629
21.5051
28.879
40.8291
26.4069
23.3672
36.5741
21.2295
28.2312
30.2876
42.882
23.9058
42.1107
45.5088
27.9295
25.4477
19.7485
35.3937
48.6412
36.3749
44.4135
37.6423
37.3344
19.2513
30.0581
32.6542
47.6589
26.4986
29.6072
38.9121
24.932
42.2388
27.7939
44.2273
29.3779
30.25
38.0961
36.9295
40.1554
30.5119
10.5668
32.6931
14.359
42.7853
33.443
39.8547
36.7732
30.1743
26.5183
39.6163
44.5276
36.5674
43.7177
36.3485
23.9039
26.4138
28.7097
29.9038
13.4801
43.3229
15.1853
33.0993
47.7586
46.4689
35.7952
26.8582
32.5763
15.2445
12.3108
25.2951
23.0724
29.4199
35.6074
9.38247
34.2574
30.3365
27.3958
28.0501
39.6098
24.3644
28.0271
28.7944
31.969
35.1273
25.4851
40.4257
19.6272
35.2127
32.5207
7.88264
18.337
30.9337
37.0389
29.1656
40.5519
25.0989
32.4125
22.5249
37.9442
26.1872
9.29514
19.2756
20.982
45.2933
14.9291
34.7822
20.0516
31.3674
13.2666
34.8251
26.7239
32.4557
35.3637
15.3659
33.6113
38.6277
21.8998
46.8982
38.2935
25.0423
20.5015
29.3566
30.755
41.5034
31.3101
31.429
29.5722
23.389
21.1854
45.8555
7.0138
8.85946
28.1296
26.5468
31.0644
23.7346
27.4853
41.2754
37.1341
18.4506
30.0964
35.5108
44.0606
31.2801
27.3912
42.83
26.2238
28.1422
48.0027
42.7485
37.3998
35.183
45.5745
29.9205
36.1414
27.7871
29.4217
5.31614
41.1052
16.8009
30.2847
35.7331
37.4097
28.4159
18.2935
38.4755
25.8148
38.8525
41.1201
28.1629
27.8013
25.6205
11.8958
34.666
23.3421
21.4811
17.0456
26.507
46.1907
29.7426
28.0059
20.5587
31.8015
29.7141
40.6551
37.0747
23.7027
31.349
34.3455
35.043
32.344
22.7105
21.304
28.8347
16.9318
19.7889
25.7041
30.4389
25.2456
42.4778
23.539
24.1158
48.7623
29.5792
27.7442
21.7603
27.9312
38.0105
40.6306
36.9804
23.4582
11.5065
19.6235
4.04668
24.4135
28.6041
21.6628
38.4209
33.2811
32.2279
19.5649
11.1436
11.6826
18.5842
28.301
23.1257
24.0637
34.8994
1.58712
27.8116
7.32054
23.6718
41.1336
17.8186
48.3536
23.529
36.1756
22.6301
28.9197
27.9178
30.4267
18.9289
43.674
31.0855
35.4416
38.2479
44.1657
31.4182
16.9381
42.6802
29.2387
29.8699
10.5922
32.5617
3.28288
31.1455
23.3517
34.8781
39.9614
20.4888
27.8008
39.7706
37.5957
4.89616
32.626
31.5161
27.0478
12.11
28.1273
22.5506
26.2293
24.6361
17.7478
11.0893
24.6795
6.5016
13.8865
26.1844
44.8472
19.2876
11.7647
42.001
35.6055
39.1887
11.9131
22.8158
30.1568
34.6536
23.4021
12.1771
45.4324
40.8384
33.3109
48.7283
30.6632
20.63
34.1916
48.0196
23.6606
30.3661
30.2302
25.2422
30.8378
39.2277
26.1826
42.7365
12.7374
37.243
46.2761
15.6857
42.1844
27.5729
31.9964
22.8291
26.943
19.3538
35.1392
17.7498
29.4721
40.3682
37.5901
29.0782
37.7566
27.1447
39.7285
2.23033
36.4315
27.8706
38.8892
19.4495
11.2408
20.8771
17.3336
36.6609
36.6426
44.4422
34.3506
23.4971
20.3737
35.9348
28.9376
31.2725
36.7521
26.3443
41.0207
40.8762
39.0409
40.0024
25.4719
35.9519
20.1008
29.554
28.4761
50.3554
23.4157
45.0387
45.4748
23.4127
34.2943
30.4636
37.5174
25.0527
31.2045
30.3159
11.7902
32.7032
32.68
27.6575
25.0145
20.63
36.5081
34.8185
26.3511
38.0968
13.993
19.1618
38.0105
31.8491
36.6788
34.0531
28.2553
26.2038
31.5725
26.6197
37.2163
27.9386
32.9683
44.0222
31.0848
16.8728
39.1841
22.5749
29.9474
24.3653
26.1122
36.6312
44.2811
40.4348
6.07994
45.4809
33.2636
24.4175
28.1733
30.7381
30.0485
22.9925
21.2618
45.2354
12.782
26.5234
23.3134
10.2604
35.9881
35.5649
30.8692
30.1024
21.2993
27.8723
35.0009
26.1655
24.8274
25.9742
28.1523
24.7737
37.3527
48.7751
25.4849
41.4946
32.9514
25.2563
17.1268
39.8751
38.259
19.481
23.5117
42.5167
40.2411
22.7299
33.6356
31.8304
18.8525
32.5071
19.2095
18.6706
29.5804
36.4506
37.5202
27.3998
25.6255
41.5616
33.6749
33.9341
37.4402
40.6562
41.4215
37.6479
29.3759
14.7578
38.1596
31.5766
47.4196
39.5908
29.6045
6.70967
14.4496
17.0842
29.1802
15.4175
27.7026
22.8685
40.955
7.02228
22.4537
36.0587
19.7924
17.6611
6.07735
24.2141
30.2269
36.2144
26.0365
39.9333
23.2576
37.3386
35.6047
25.1526
16.8548
31.928
33.6872
24.5704
33.6898
45.7249
32.9655
42.2068
31.8879
30.0539
21.4379
40.9044
36.358
33.865
20.7402
25.5471
33.2738
29.0752
43.8769
20.1415
36.9516
27.365
12.7151
44.7429
32.5825
46.9539
48.1362
37.8485
25.6842
32.4092
34.9547
33.866
24.1679
13.6436
35.2656
14.7459
33.3525
46.3244
33.6545
40.4917
6.32559
27.8933
35.9415
39.4599
19.5514
34.4322
17.0452
33.8495
4.88813
33.3331
3.94691
12.4618
34.5014
31.4866
39.7366
21.0316
18.4181
42.7795
29.0152
39.5471
14.1231
34.3069
12.7148
26.3576
1.73449
37.2289
34.8631
38.4986
30.2762
1.43506
46.415
44.348
29.1569
11.2885
27.762
23.7121
40.8493
25.158
35.9591
34.1355
45.9601
19.5029
7.92457
34.5663
8.67976
25.6632
30.5311
35.4378
7.14301
20.3076
35.6705
25.4466
19.7618
36.6734
17.4483
28.2038
42.6259
38.5953
40.5062
35.2322
31.1298
24.6682
13.8846
26.3546
39.0573
32.2712
44.161
17.0463
30.7279
38.8784
17.0106
4.76521
36.0153
18.6612
11.4656
28.9512
44.158
24.9994
31.6463
47.8718
27.7072
40.6045
20.9677
28.106
38.1426
6.74842
30.9202
16.7478
30.2776
29.6462
14.8266
45.6681
31.2227
37.0084
34.722
26.9331
46.8647
5.48494
27.0922
36.0673
35.375
33.4418
20.0246
28.5867
35.3352
36.2557
36.3304
21.7835
43.6884
20.3235
29.0403
37.6833
22.5467
27.9713
45.1471
33.8389
25.6911
33.1451
0.0884043
20.2654
28.0952
32.4524
12.0331
18.0593
34.8864
42.8935
21.282
30.126
31.8756
28.2846
28.4105
29.1035
26.7226
39.1307
25.4981
33.7424
47.3975
4.77927
32.4228
32.465
19.3957
28.9986
25.362
27.8121
37.3311
22.7723
38.1286
6.64159
6.58611
19.3451
40.1921
21.2267
30.4411
35.1285
22.7406
20.1612
38.4825
18.0318
31.9648
40.1458
17.36
22.3609
22.5872
41.3104
21.2618
33.0248
31.0476
28.2506
13.1367
28.0276
21.3889
25.966
35.7028
25.9592
20.5408
13.1563
11.5525
19.4316
39.4208
24.187
35.7918
46.649
37.7029
30.5216
17.6747
12.6795
24.5159
20.2742
44.3272
33.8106
32.107
19.0514
33.2718
17.0466
41.9892
39.5076
47.19
34.9306
34.6018
27.1721
32.8723
39.4151
30.7613
4.41084
39.2768
19.6785
44.6332
22.0884
22.6046
20.6245
34.8217
31.7611
26.4627
22.9051
8.17278
11.8513
30.8618
41.4528
29.4454
34.2247
33.8195
25.8165
19.5461
39.5499
39.0591
38.337
34.1208
36.2909
26.1307
39.6296
11.9746
20.0747
13.0041
37.3114
32.239
27.8515
35.1509
1.80936
38.2809
41.6434
38.0912
40.0511
27.1866
34.6332
32.2259
39.3999
35.593
29.9788
44.821
28.3005
32.92
31.8072
27.0432
48.238
21.6131
30.1973
28.185
38.2481
29.2188
39.8486
32.36
16.1873
32.4152
27.7279
35.4951
28.0071
48.2604
43.2634
16.2916
49.6608
36.673
45.1074
25.4371
32.2836
46.628
41.6194
30.5206
12.3942
17.6849
29.0092
34.7299
46.1706
13.3922
38.1084
34.5524
20.8244
25.8155
33.3462
28.9726
46.0845
27.8472
37.1247
27.2167
32.8
43.2285
40.7256
21.5234
28.4017
28.2869
11.0876
22.8746
28.7464
40.1781
27.8459
16.0011
35.5102
23.1458
27.3926
10.5859
27.833
39.6214
24.7288
18.9442
37.1108
30.9885
29.8325
24.5734
36.5948
34.9802
34.9858
43.8037
29.8818
18.8942
46.6327
39.5233
11.9091
15.8362
34.1496
31.3854
20.2456
14.6956
12.1533
18.0815
31.6859
45.6433
14.7492
36.8696
38.3176
28.5819
45.4455
24.4759
28.9436
46.1448
25.1584
33.3581
39.1374
28.2383
45.8993
42.0262
36.2452
28.1978
19.5488
26.2437
31.5927
32.6893
29.2797
25.6853
41.3291
33.7964
26.7082
26.8523
17.2947
9.25051
7.4962
25.1874
29.5447
22.5152
37.864
20.3783
27.3576
31.8276
32.9386
29.7967
40.3064
30.3929
40.1169
29.2883
23.18
33.1768
33.6266
29.3015
25.264
27.0379
34.5957
34.5442
30.0671
23.9778
33.447
10.6461
32.5918
21.2148
10.5712
33.7116
36.1931
5.12224
41.5539
39.9571
46.2826
13.7415
43.3482
29.4981
24.558
22.1203
44.7267
22.4294
28.5312
18.6615
27.9193
35.9088
34.492
44.3742
21.3396
22.752
30.8867
40.4389
22.2253
24.8428
29.3075
24.4608
28.546
32.7373
37.6536
28.3792
32.6334
23.6238
17.8318
10.007
15.1627
31.7089
25.1993
27.6801
34.0464
24.5359
22.2078
44.2173
36.2243
38.4319
36.171
23.8707
38.0426
31.3351
27.7967
21.4591
14.1244
21.2066
39.8146
29.4619
14.0725
6.4042
42.5
45.1092
21.5339
19.2109
16.1532
49.1587
9.99865
17.2621
33.5686
22.9239
44.8633
20.0964
18.3709
20.8427
22.6163
44.2412
13.4031
18.5125
5.92871
35.6295
22.7145
32.0302
29.4545
36.4344
38.5177
37.792
37.7456
28.3124
32.2139
26.9333
22.079
21.9569
22.7912
21.6807
29.3445
12.6916
35.0269
36.3973
44.2586
35.2137
19.8352
30.3888
24.738
21.2911
24.3842
23.8021
24.3728
33.0912
31.579
29.5527
27.5493
34.0356
32.2958
8.69819
43.4699
38.078
29.636
38.127
35.4678
43.818
22.6137
23.4571
35.3116
26.4869
36.5705
42.1955
36.0689
25.9397
35.553
27.24
41.8695
35.5409
27.9425
24.7892
32.214
37.3868
29.2035
8.53904
27.8647
21.549
24.8868
18.1706
36.929
31.3279
27.4823
31.4604
25.0835
19.7909
27.9559
37.8869
36.7411
21.2341
34.7924
24.8767
31.8086
28.1469
41.015
31.6075
37.771
28.9165
38.5627
35.7853
35.5198
43.3135
41.1871
35.75
30.6524
40.4336
2.15801
35.8318
16.6296
27.165
22.3786
18.2938
37.2268
42.0666
32.2255
35.8065
28.8066
17.0143
27.3678
14.5256
16.6687
46.4779
27.4899
15.0505
41.9407
26.97
4.17215
22.3674
16.5973
31.8108
30.8668
24.9525
39.7645
32.0485
39.1998
42.5367
45.8849
33.1705
19.4731
24.1829
8.82458
43.3791
29.8359
27.9384
25.9043
27.778
19.8294
31.085
33.2688
25.7215
32.0329
8.21612
35.9273
33.7113
22.4071
42.9129
25.0462
39.1774
35.6055
30.0024
24.7452
34.5512
21.2631
0.273445
31.5492
29.0839
8.72183
31.6497
40.4303
31.0521
25.8912
38.4412
34.7889
29.3493
37.0449
21.0841
32.8962
28.0578
26.45
40.7179
26.456
14.3494
38.1561
17.2894
34.1554
34.5399
23.9002
37.0879
29.6988
34.4882
33.8991
34.0472
34.8673
40.4293
28.3456
25.2149
28.198
23.0154
28.1873
23.3305
32.8032
41.2069
33.8599
27.8636
16.7646
47.9016
32.67
30.541
39.8552
25.0336
39.4809
41.4629
23.2142
22.9536
42.5172
20.7694
45.0204
32.4196
12.492
24.3853
41.1427
23.9778
10.2649
25.3816
27.0847
29.0741
26.0963
17.9126
31.9587
18.2463
23.7458
11.3724
45.0667
11.787
20.0721
40.4771
27.9938
17.0965
26.2244
36.3068
29.6007
33.9903
35.7985
21.6717
13.1826
10.1777
27.7446
19.917
38.0706
37.9454
30.7266
35.7695
17.7048
41.5925
30.9501
34.8295
30.4529
43.0302
22.8669
32.2533
23.856
39.2618
41.0352
33.9633
9.9944
42.6638
36.5595
28.1922
36.6414
11.4532
30.3185
19.3586
38.0169
32.5053
30.8518
30.2931
8.8297
39.8296
27.0226
19.8165
20.3692
35.3402
11.9825
34.2436
17.3557
36.7735
34.6264
46.8637
5.0327
27.1386
25.7665
35.2496
33.3813
43.7187
20.8969
25.9027
26.3629
30.7148
32.0219
43.4056
25.0421
29.5089
23.1979
42.7327
18.8899
34.8804
35.7834
18.6198
6.28583
42.469
26.1045
38.2459
37.0553
11.6668
25.597
23.8539
32.7379
30.2253
24.5606
22.3808
42.3702
36.5317
22.6142
8.42746
33.6343
33.1339
27.9417
38.9575
20.8938
32.8173
4.03265
44.6427
25.6398
22.8683
37.0639
24.787
33.5985
20.1815
29.203
28.3316
28.5992
8.10262
12.8946
14.8072
39.3945
39.1469
23.3547
39.4133
41.1906
23.3646
24.1083
39.0263
23.8256
13.6523
41.7911
38.604
46.5438
22.5132
36.1719
20.7355
29.7295
34.4303
33.8765
31.5092
28.1932
46.7421
33.0706
26.7288
25.5505
39.9357
28.595
37.4036
30.497
35.963
26.7033
28.2191
32.0699
43.361
36.8972
9.54243
25.7427
37.6163
43.2305
37.146
46.7165
23.9502
35.0339
32.7442
37.5459
29.069
21.1289
42.1985
33.9409
21.4762
29.0041
35.3989
42.9047
39.6558
26.0804
23.3644
21.3153
35.9456
33.7897
47.3361
37.5425
29.2175
36.5126
36.8095
44.0074
31.9809
35.9174
27.6658
42.3798
34.1399
26.9615
21.9583
24.3587
4.78833
34.1051
41.1694
41.9348
44.5454
45.939
25.5777
34.843
21.1012
23.612
28.2353
38.6604
29.5569
45.4866
43.4947
31.11
32.3975
17.5692
29.393
15.631
18.4604
26.2038
33.9901
38.2543
31.0362
28.203
16.4514
28.7179
2.50568
45.1348
12.287
28.7151
32.7784
24.3518
37.0715
12.0383
34.4797
49.0965
31.828
21.8142
41.2752
30.4848
41.5792
38.5561
35.4517
17.2978
25.5897
15.7763
32.7615
16.3698
22.2048
23.7806
35.8551
35.3113
23.1434
31.871
9.96421
45.5003
29.8452
2.80893
39.8003
30.908
46.9005
39.5155
27.1324
48.2482
15.4031
26.0347
27.4071
24.7876
22.6938
31.6295
31.7349
41.2522
9.43911
22.3693
41.3625
41.5306
10.0525
27.6841
12.6645
41.2004
22.9078
23.6977
21.4681
36.7545
37.467
46.2848
16.1293
12.74
44.2059
38.3099
39.9464
45.9515
40.219
30.3425
16.8398
27.07
21.17
15.4164
17.6473
6.24305
38.7276
42.8237
36.2091
20.2606
36.5925
33.8417
30.9762
19.5239
21.4442
27.4855
29.6148
36.0247
22.8225
33.9355
19.5851
37.619
40.2042
38.8918
25.2217
19.0154
9.48402
23.4453
30.1522
19.674
36.8605
23.6443
42.8412
31.8254
26.9565
28.3342
23.4351
32.06
36.6312
37.3025
34.5967
29.024
31.8198
31.2948
35.9245
39.5766
38.2369
29.8164
12.3413
8.17513
28.8792
33.6209
41.3154
38.806
19.129
13.0894
28.6399
35.5963
48.9241
25.5205
41.35
4.1265
42.9902
13.835
21.6015
38.0831
25.8178
30.6807
30.0145
34.7166
4.90048
43.9387
19.5932
32.7026
28.2105
16.2468
35.535
11.1365
46.7679
39.7381
46.1622
44.125
46.0142
29.4565
22.5588
32.9563
25.1212
23.4579
25.7951
38.6609
33.7467
42.0472
22.2728
31.1803
4.89697
30.0672
30.5247
27.9457
31.1033
32.455
27.7972
26.1201
21.9728
29.1526
20.4994
22.7742
16.4316
7.75023
39.9599
30.0229
10.3548
32.3512
30.6025
37.5809
32.3947
19.7613
23.2134
16.2582
34.3363
43.2631
35.4233
24.2912
22.8773
31.1586
41.7063
31.2338
29.9668
43.014
23.9592
16.3415
41.2969
22.1329
28.0871
32.1794
36.0902
30.0691
26.5585
36.4022
28.1679
7.3321
31.6388
9.17519
27.7604
30.8251
35.4406
23.3074
26.9375
47.2225
40.9099
40.8103
29.9594
34.559
48.1286
44.7738
29.9656
30.2906
26.9768
36.7614
42.372
27.272
42.6816
25.6272
22.1867
35.4167
45.2211
41.5933
9.7173
20.2684
27.3933
39.7353
45.5541
38.7116
36.7854
31.1396
23.501
42.9616
25.1163
41.058
47.0951
30.4734
24.076
45.975
10.923
28.7943
23.036
17.6786
25.4286
36.9638
40.2544
39.5374
26.229
38.3538
17.2809
37.6089
38.0888
34.9245
45.091
33.2872
29.4214
23.1624
17.9541
44.6781
43.0655
35.8519
30.5453
39.0442
20.386
48.0757
21.3022
35.9837
15.4828
33.0742
18.9737
26.522
36.8515
37.5702
25.904
30.7925
40.4468
18.9335
45.3567
43.4032
22.5305
32.1542
45.8721
36.3787
43.0717
33.295
12.6865
25.3898
11.604
11.0463
45.266
3.77458
17.8722
30.0838
33.5757
24.8593
46.2953
27.3054
40.4933
40.1496
7.4524
26.8819
30.5153
23.8694
25.8034
32.6938
43.6618
18.9919
43.4335
18.8366
29.7955
36.5728
37.2583
40.6469
24.6679
25.2859
22.5396
39.4603
34.5961
34.4999
22.1934
30.8919
9.17492
37.9055
36.807
20.8519
24.2972
32.7497
43.5707
38.6468
13.4395
38.7533
33.4285
27.8572
39.6588
43.905
8.63058
3.61376
24.6131
44.9088
22.4526
4.07896
26.0249
22.1887
23.7834
42.6107
32.2761
21.2418
30.6888
24.1493
20.38
35.8277
28.5349
17.2278
32.8862
40.8625
37.6857
28.0163
28.1706
22.9846
34.7755
37.7411
27.7225
19.096
34.527
41.7257
12.4001
31.3055
46.0057
43.0097
25.5788
42.2597
42.0133
41.0753
36.3718
15.8041
24.551
40.4339
21.6802
29.6437
30.1528
28.6276
42.2761
49.6647
44.8994
25.1473
9.9497
23.3371
8.207
11.6777
32.9344
40.6142
37.0967
36.6087
40.2913
29.7194
37.7082
40.0647
44.9104
36.644
41.9066
32.4961
14.1533
36.9007
8.49063
31.2715
42.841
32.145
39.6444
9.54575
32.4076
26.5002
34.9504
21.4782
19.0515
23.2356
33.6213
29.3162
42.8026
19.9418
21.089
31.0131
31.3627
47.5424
34.0339
46.2859
41.2466
28.146
33.7894
29.1583
32.2072
29.4152
28.6971
29.6228
39.004
22.2098
47.9043
17.8012
30.9908
2.70045
24.9503
35.7937
22.0448
45.6008
19.2204
25.0037
19.2087
37.4321
35.329
14.1706
2.03239
40.2674
25.773
39.1185
40.2818
34.005
39.797
27.4214
32.9569
37.7075
30.0036
33.7131
23.2874
33.9297
46.2844
24.2596
32.5504
25.6984
43.1896
28.9865
36.6619
38.8964
9.972
48.9837
29.0082
35.3995
48.2313
20.2309
41.6495
34.8314
42.2616
23.1345
27.0254
36.6617
23.7002
22.4889
33.3523
24.0797
33.1935
22.4225
4.5381
37.567
47.3629
27.0155
19.7153
22.509
29.4014
39.7983
27.0269
31.8872
28.7321
34.7364
46.5982
46.664
16.8809
4.89368
32.9121
38.2846
13.4772
45.1801
40.9249
23.9118
17.2331
29.3418
25.6904
41.2988
23.29
38.1448
7.99805
41.1933
28.7181
27.4027
28.8092
46.2501
19.5623
17.2659
37.7997
41.7299
47.4752
29.8741
41.546
39.096
25.4941
22.0621
35.8743
22.9475
21.2535
41.2042
41.0298
41.1788
18.5563
28.6885
25.1882
12.8223
30.6246
28.0198
30.5565
25.8631
39.4936
16.3475
23.8365
8.66867
26.7871
37.6332
27.972
17.2101
44.8443
45.4785
35.2923
14.6115
24.8362
40.0703
7.40188
34.9783
42.3484
27.4511
26.3563
30.1071
32.2083
26.3127
42.4072
6.30016
42.4273
24.2629
24.6051
47.318
19.4695
33.2463
42.4818
34.9213
33.4288
26.0502
27.2551
11.4629
41.6191
48.4366
26.9049
11.0251
43.948
43.1237
32.1216
20.583
28.4921
43.1713
28.2534
34.8518
20.2994
20.1236
27.4248
16.7659
4.71202
35.1987
16.4722
36.6583
40.0731
30.8604
23.9025
18.6495
19.8759
32.6094
19.5614
17.6716
12.2119
36.4148
10.7924
28.1226
23.5083
37.0623
31.6063
32.7417
47.2215
41.4484
31.9431
26.6801
13.4367
28.1698
38.2233
40.7754
32.6252
47.4183
31.9166
26.2577
40.6273
29.4461
29.9228
36.5704
16.1879
43.4384
18.3687
33.0959
18.0085
21.4759
33.6005
21.0072
29.4398
32.8087
35.1898
38.2968
46.679
18.2795
28.8855
33.7314
35.7229
18.0944
21.2039
41.5744
46.9195
40.3818
30.8534
43.5281
36.8434
34.5124
31.3557
27.5593
18.7343
47.3548
27.8252
26.142
29.8135
31.3649
25.915
45.4457
30.5115
30.947
44.2362
2.10567
22.706
29.8335
36.7442
23.5215
45.6079
39.686
12.9443
19.3558
41.5063
33.2669
30.5242
30.7496
44.6516
18.2155
33.5386
39.0886
41.0145
43.3506
38.5946
25.5259
36.6475
24.5508
23.0541
28.4228
27.9693
16.9339
14.9536
21.1858
37.0802
34.3882
17.2363
31.6416
30.6788
28.7193
7.40576
19.2273
40.6086
6.22068
6.9339
20.9302
26.2584
41.2088
43.4874
46.3992
38.458
21.5183
19.4456
46.0492
31.7653
23.9999
41.2564
34.0023
46.279
38.4455
48.6322
29.8506
45.2899
44.0807
22.9231
27.8805
9.0087
36.0685
34.0462
36.0632
36.8615
18.3109
30.1692
29.4643
19.7349
26.1277
15.4929
36.1281
33.3761
33.952
23.671
39.6017
16.4756
41.1697
32.7776
23.3325
28.4191
38.4982
28.6615
23.0928
20.7043
42.3551
31.5837
34.4076
24.8031
46.3586
39.0438
18.5067
24.1366
39.9168
28.6445
24.6032
27.1265
37.0729
33.507
13.007
21.2279
20.2768
15.5455
30.4219
30.4401
12.5289
26.6507
30.0988
33.4638
47.5084
11.7995
38.8609
27.0558
29.1491
40.1843
38.8766
14.8418
21.9272
25.9682
33.6268
22.7955
22.3401
20.0042
39.7501
41.3238
26.4244
39.0361
28.9419
27.6454
41.635
33.5317
42.1918
36.0384
27.9161
31.2785
36.4586
28.4146
21.0624
37.4887
38.0607
28.7067
21.9682
32.1946
42.1747
27.4105
31.496
29.3631
26.1718
34.7214
18.3718
24.4235
27.7747
41.811
33.4845
45.9508
13.7238
19.7685
40.4752
46.962
35.6766
21.784
29.6128
34.2226
36.2421
18.4066
33.7001
46.2918
44.3071
18.3843
27.5765
33.8525
25.3892
27.2536
45.7677
28.1422
29.8158
12.7513
38.2631
31.2862
17.3191
33.0664
35.1401
47.4815
25.5698
32.8499
7.25326
30.3119
35.051
36.2326
32.0863
32.4943
18.8079
42.9893
24.5449
32.9964
31.0247
38.1546
28.8389
14.2161
41.541
39.3873
39.4081
32.1839
37.9717
39.3741
28.5573
28.4935
42.7166
34.7109
8.15659
21.201
28.6935
19.8549
27.8598
26.0493
20.5623
32.5597
32.9032
23.5401
24.8243
32.2496
27.7872
20.5111
27.0383
17.7161
33.0541
24.4686
34.2501
45.7679
42.4646
34.3627
37.6381
23.4463
43.2996
35.3074
22.4848
27.106
15.4538
22.986
35.7275
37.4886
30.7494
27.9484
43.7744
25.0818
10.8208
17.6164
32.6541
41.991
6.3356
30.4977
31.3792
23.0778
33.5837
10.7036
34.9545
26.6564
29.6604
31.602
38.8687
22.3644
28.5702
48.4899
43.3402
36.4502
23.5269
27.5636
32.7545
25.2938
20.6593
33.7546
20.3487
28.8405
34.1123
27.5083
44.4145
25.545
25.0173
47.7092
24.1354
29.5939
35.2221
41.0297
23.0275
38.5696
44.9933
43.1141
19.7353
37.6528
36.0733
17.6806
39.1052
34.1586
36.4312
36.9978
41.4206
14.9923
34.2453
36.8892
33.2801
17.0214
28.7343
9.76273
27.6048
41.3342
23.6813
14.6883
34.8648
28.7394
39.589
33.0062
24.3223
0.0856799
43.8482
46.0162
35.4295
32.226
45.559
33.0089
42.1767
31.9749
41.4725
47.8553
17.4971
30.1832
19.5151
43.42
41.988
41.1201
36.883
34.0389
36.1009
2.30368
43.5169
32.2403
31.9872
25.9126
32.1657
34.8956
44.7846
42.2497
37.2644
31.374
40.72
36.7577
38.6196
15.7775
44.7677
28.8511
38.5697
43.7312
28.8486
17.8563
28.2285
24.4373
23.5041
27.2441
45.503
23.0186
33.5559
28.3958
17.7822
33.5579
28.6479
20.4998
45.828
30.8511
19.7712
23.9386
21.9487
15.1509
28.9957
27.525
34.9691
22.3623
20.0807
12.5122
29.6555
19.2043
41.2606
24.7837
41.7965
44.2958
34.597
29.6556
21.7903
34.8068
17.7206
16.7921
30.48
27.7285
36.8651
27.0461
43.3257
40.2756
21.6487
31.3483
8.2216
12.2374
30.2343
38.6008
23.7794
30.9124
48.1595
36.4387
41.712
19.0039
48.0869
29.6511
23.2568
28.1835
17.224
25.3867
27.9272
25.7265
35.8574
40.1883
37.7242
38.4312
38.4498
26.0901
23.9919
42.2751
29.3688
32.1823
12.8213
20.5672
35.483
14.5477
33.9706
14.9767
26.8328
15.0197
47.4675
29.3997
3.67227
40.8867
37.9074
25.6676
31.8891
24.234
25.9087
38.6411
23.4378
18.5168
39.5303
22.5141
35.1531
5.86571
27.0743
32.5775
32.5314
31.1463
40.5178
18.2551
31.7411
19.8686
22.5925
36.8288
44.6863
32.1501
34.2015
34.245
10.8369
30.3322
39.5876
40.0695
26.0694
23.8864
33.221
23.0769
13.0993
33.5013
35.3284
26.2572
36.9252
28.4951
41.4888
33.7916
31.6758
20.7243
22.8368
48.2792
44.7209
44.2939
27.8153
35.0565
34.9028
23.8178
28.0106
18.7955
42.741
35.3231
40.9066
43.8975
35.906
21.0477
34.9038
18.9238
35.63
40.2174
21.7432
28.5189
43.1805
33.557
2.56052
40.6207
42.9306
41.7326
35.7149
47.3839
46.3077
17.5327
7.62747
13.169
37.7876
32.2215
50.3836
44.0831
41.1443
38.351
14.2474
26.7204
14.1544
22.413
33.8695
30.2747
24.0594
35.9787
34.796
23.0727
26.8987
44.8234
34.637
29.9626
44.747
24.5167
26.9701
28.2082
39.9072
29.4971
47.745
9.28099
2.12905
24.7796
44.5622
12.1065
33.31
15.3569
28.099
46.4739
29.3204
35.1709
33.4753
36.9474
24.9423
18.805
27.4619
29.4303
15.021
28.579
26.5135
37.0994
42.363
36.6136
33.5074
30.3078
7.09746
21.2829
46.2383
26.1974
21.7672
41.8417
34.6363
18.2974
32.336
36.4445
27.9282
37.3499
32.4285
30.2383
32.3033
12.6397
33.2859
19.9791
27.7287
23.6638
21.328
40.2736
9.32255
28.2235
24.5478
14.7422
6.53693
22.7546
0.248941
35.6495
36.2509
33.4966
31.628
23.7092
24.5377
37.9411
38.3514
26.2716
17.7779
39.3267
24.1336
39.9677
44.1233
24.213
39.6047
25.6182
9.42146
43.6842
35.084
35.0587
15.5647
42.2025
33.2514
15.99
23.318
21.7746
38.2967
27.442
38.442
14.2514
7.39129
40.4809
43.759
42.401
29.7961
35.085
25.1612
36.522
13.9835
41.7457
29.1912
26.4366
38.7772
24.7773
16.1468
37.703
26.171
15.8198
28.6522
29.3988
34.7426
36.1873
28.2215
37.7436
39.2615
10.4904
2.38846
30.1297
30.9334
16.1453
42.2075
9.43009
38.0373
44.4392
3.08989
25.0714
22.8898
47.361
44.6377
45.9266
31.2744
16.829
26.6111
28.6523
27.4067
38.1344
32.5697
26.8579
30.7186
45.3797
12.9209
23.4075
21.7161
23.3059
26.2182
34.9983
16.8125
34.6909
43.3456
22.5172
23.5049
35.7947
10.3091
3.35348
40.7476
6.9612
39.5508
42.1433
16.5901
25.0797
37.2424
18.1894
30.6927
15.6191
20.2807
24.1696
32.6064
25.7569
20.1311
37.0708
18.5941
8.9403
20.4986
23.4834
20.6104
33.8674
37.8237
14.5201
27.8234
17.1853
33.0163
33.6319
34.068
31.8151
19.0701
24.8056
31.9617
19.2621
16.7927
3.54969
30.8046
29.41
40.0831
44.8186
10.0216
3.6309
32.97
34.3681
37.7702
35.6167
37.0428
28.6043
30.9236
40.3987
31.1134
25.2793
15.7284
39.0537
29.191
29.9402
33.5889
37.5396
10.0889
3.73559
34.4303
38.8498
46.0607
32.5826
40.8187
1.71745
8.50176
32.3809
39.8291
16.6463
31.9412
33.5024
21.1581
25.0102
27.1133
45.6326
43.6771
48.0193
28.064
42.546
39.3395
22.0497
33.0644
36.6483
28.2665
16.7653
40.5401
14.4377
30.3643
19.3656
32.6032
25.611
33.7278
29.2402
43.8256
36.9088
30.2544
40.2404
41.9866
48.314
44.6769
35.8246
33.5647
47.423
37.6961
32.2301
27.2044
48.6887
7.0687
20.5559
38.7443
32.354
30.5083
40.3557
27.5113
34.0492
40.7108
38.0785
25.3239
43.2947
36.3298
45.3885
26.3479
23.7664
35.1622
30.6468
21.9722
25.077
34.3056
35.7541
35.0096
23.5183
37.1921
27.6005
31.2238
45.0161
28.8419
37.4655
31.3011
32.9381
18.6253
23.0927
14.7491
26.329
28.3684
31.9661
36.5999
47.474
32.278
20.3229
37.1095
37.1529
29.9846
32.1647
18.3301
42.0304
34.2206
11.17
6.36323
25.4479
23.965
4.70936
23.2674
32.6965
45.7353
41.2712
29.9447
40.8544
27.5143
23.6432
34.297
19.455
29.9415
29.9124
32.9525
13.221
30.9221
22.3998
35.6991
31.2681
35.1791
31.7916
37.8145
21.0286
25.1059
15.1432
18.6681
17.3426
43.2529
39.4091
21.8436
32.8302
28.1394
33.1111
26.2076
29.2934
37.2497
32.3305
7.62594
40.6544
39.3312
37.7797
19.4699
35.9741
39.1958
27.1003
31.1094
38.2243
23.3927
33.1337
32.4203
35.5418
24.9729
33.4121
4.56815
37.2321
34.0483
24.9708
6.0826
5.42854
50.7125
43.9654
39.4118
22.0332
8.79776
39.3362
18.0676
17.2489
31.2546
15.642
42.6112
39.3087
39.5933
15.7613
19.4068
42.9013
6.82825
32.206
29.9556
27.5876
32.4281
14.3276
37.3482
43.1281
24.3953
39.2956
38.2935
23.6582
39.7611
23.5947
47.0865
29.5793
18.1956
42.0533
41.0689
44.1573
33.358
9.73968
20.3515
19.1179
13.7683
20.9077
38.7113
27.4093
20.8147
25.3024
44.1631
26.5969
33.9125
39.8975
20.7022
28.9694
24.4368
47.5468
30.478
31.0675
43.3831
18.4633
21.6371
30.4787
38.6807
24.7971
39.1928
18.967
24.3012
35.0216
16.6747
25.5842
39.9637
18.8737
15.3202
38.2209
20.7807
30.1039
32.2557
29.2641
12.3645
18.8245
34.3937
23.1479
21.5919
25.5331
22.1791
23.9643
23.8763
23.4208
47.2812
9.38822
21.8157
15.387
46.8779
28.2631
30.2141
28.7256
33.9364
22.8075
35.3987
27.8345
33.0392
42.3678
42.0179
20.0092
36.3704
37.355
24.8607
31.3502
22.4635
32.7099
12.0539
22.4737
34.2351
15.2457
23.9817
29.3602
23.3528
25.1177
25.9629
35.2284
25.5477
4.08407
32.2379
31.0538
22.0499
26.2307
33.6918
23.1582
26.1432
4.61635
30.97
25.0593
28.411
9.68816
30.6197
21.7441
28.9751
32.1599
31.3624
3.00017
33.6431
24.8405
31.2231
12.153
40.4523
31.305
27.933
34.0294
30.7845
34.4114
34.4485
32.5118
22.0167
22.2988
24.0656
33.0083
11.9698
26.0233
36.0789
39.1923
18.6207
33.7481
26.7187
27.699
27.8722
31.15
42.2434
41.7972
29.2503
14.8286
40.4632
36.9545
15.9753
25.3954
27.564
43.7159
33.6814
41.4918
41.5399
32.3992
25.3448
4.47711
31.3974
34.1202
27.1709
28.447
29.6458
28.3681
35.0825
14.7434
32.3244
24.2444
30.0885
22.088
35.6037
26.6474
17.3786
24.3385
33.3269
13.7539
29.8475
46.4597
39.9155
40.3201
33.0244
26.5944
47.8239
8.27479
13.234
45.7064
23.1811
31.4114
26.9952
15.48
31.0621
27.5444
25.3328
34.3109
12.8583
31.0854
43.1098
37.9661
26.9367
44.8178
35.0969
34.6077
28.2757
32.5359
7.81999
18.4129
18.3158
41.579
19.8824
31.6053
25.4381
32.596
38.8062
35.6635
28.5651
21.2187
9.48904
45.028
35.0993
24.4977
38.6623
21.5655
49.1825
25.9808
28.145
35.2427
31.6456
35.4322
22.7901
34.1936
26.4934
25.9863
26.1065
34.194
33.1094
45.7301
46.3344
29.4774
37.0313
42.882
31.4141
24.9828
28.5659
33.7207
19.9106
34.0479
31.1329
45.5665
41.5643
18.6169
44.4879
29.4135
46.9441
28.679
31.1185
38.0878
34.8512
41.564
47.7471
22.5862
20.4965
44.3061
19.8003
29.1154
43.2685
9.23537
10.0584
17.3266
22.552
25.451
10.6297
27.9681
24.0879
18.5975
28.8409
25.1639
21.1456
26.324
35.6393
44.3495
44.5053
24.4289
19.5278
11.6998
33.7324
36.3022
20.3473
7.56134
47.3258
39.1752
29.1232
17.4456
24.5371
10.2731
40.26
34.6803
43.4056
25.8323
27.6659
31.6499
24.6804
33.1081
38.8718
26.33
40.6058
37.0318
33.8749
30.0917
20.1646
22.6083
41.8439
45.8994
45.3814
40.076
32.7883
42.4764
39.9894
37.7158
39.8461
20.1158
19.0383
35.7648
26.7032
40.6132
43.1006
13.4772
18.2819
31.8654
39.4191
26.2373
20.4
42.2686
21.7678
27.6316
30.9511
33.8153
14.3105
40.0279
25.3572
24.0569
11.3857
39.927
47.1789
34.6083
38.1482
32.4676
30.9689
42.5638
15.9886
18.5151
31.4
47.7338
33.2317
3.49712
33.3544
47.907
33.943
27.8433
23.3559
21.8363
37.9287
10.8848
28.8697
37.0707
29.208
25.0578
40.8656
22.5247
20.8506
34.4896
32.2655
25.5843
29.9308
46.6526
29.9095
24.1145
18.6223
9.69928
37.6305
16.1274
32.5127
24.9649
15.3353
22.71
36.7235
28.4534
21.7966
19.7212
35.43
35.7084
19.5189
43.6192
10.429
20.1067
31.6951
34.3962
18.6875
45.812
30.4696
23.2839
47.8626
37.4449
26.7722
38.0889
42.7478
19.2909
29.7692
20.4307
22.3568
8.56574
40.8125
43.1174
26.0762
36.6245
21.6926
18.6134
23.347
29.4411
7.58342
48.3086
17.749
33.3347
22.7254
41.534
31.7638
28.4771
10.3511
17.1541
25.855
43.591
34.5091
28.6637
33.5321
43.5816
0.736044
30.6134
30.3904
20.2666
26.803
20.8553
37.4339
39.0794
16.2986
49.9008
31.5775
31.3764
35.6472
32.5532
41.1211
34.1619
15.0886
17.3029
28.5215
42.9309
11.489
33.6912
35.0631
33.405
18.8749
32.2215
24.7172
35.552
12.2124
18.6084
32.2297
43.0002
44.764
46.966
38.1658
27.1572
36.8734
42.219
28.1816
33.3448
37.7255
36.1658
12.6323
36.7098
27.3735
20.7215
24.4793
24.4248
35.665
13.4311
15.9871
12.317
31.4382
32.3393
25.7138
32.4996
5.56599
28.5573
34.0811
36.127
31.015
23.6414
39.963
23.1225
32.3099
34.6217
30.3628
19.0866
40.5624
37.2974
35.6322
14.6515
37.8962
35.0754
20.5808
41.0166
36.8112
35.0354
33.0549
16.552
43.6936
13.9923
27.9677
19.4391
32.2169
37.2369
34.0296
39.7165
35.5091
37.4298
28.7442
28.3731
42.3276
25.5081
41.9463
30.2276
23.9117
31.4283
35.4055
32.5998
39.5078
29.599
43.156
23.5013
3.85108
29.9756
36.3022
15.663
37.6964
13.1153
35.9575
29.1893
18.2099
34.8389
40.0752
44.3487
36.98
31.1309
27.4566
24.9175
0.380894
30.6858
34.8587
35.1644
33.1293
24.8828
42.4791
41.6436
25.84
21.2039
27.3128
22.3586
20.9595
16.7466
2.59126
31.2229
39.8283
19.3096
31.0558
12.8291
26.5438
27.6001
40.9535
31.8653
39.6669
23.4503
3.8224
14.7007
30.6957
26.5878
30.8292
11.393
31.8311
22.1423
42.0843
34.8213
0.0599281
25.7623
41.2797
28.3461
26.8602
31.9528
14.364
36.5733
38.1079
41.7297
42.2035
35.2081
29.7572
37.222
29.6237
36.0469
16.2316
36.8775
20.4655
22.7758
32.4328
41.319
36.7862
21.2734
27.5764
41.4796
20.771
31.8976
32.2015
31.0515
48.0605
39.938
27.0157
37.1319
29.2814
22.2298
40.6743
3.51566
36.2131
36.0901
35.3534
26.8733
39.6832
37.5588
42.9105
39.3576
14.6241
38.3432
22.1754
5.41132
28.3448
38.4344
27.2194
24.676
34.3273
17.3476
24.3743
29.4401
4.10956
10.0222
21.1146
42.6289
44.4399
22.5456
28.8277
15.6285
31.2969
44.1929
36.5126
33.6725
31.9298
19.7126
20.6828
34.7536
32.3999
30.5736
22.2883
42.4242
29.8997
24.2011
30.4351
34.8442
47.2456
39.2882
26.1882
22.4857
27.9589
12.4067
40.0537
47.6863
27.3439
38.407
24.7314
32.3789
41.7307
19.3386
26.9559
26.6205
18.6859
44.9363
25.8163
35.7817
47.2327
36.0961
30.599
35.3607
21.6837
36.6353
18.2778
39.6312
38.5299
23.3391
18.7604
35.0971
41.4919
20.9619
36.3547
33.1501
13.9314
19.3971
1.92543
23.189
33.7345
25.4547
26.7632
39.4595
18.5161
16.2762
34.35
21.8312
21.1277
24.8511
44.0543
37.6963
18.8207
0.236389
26.6766
41.5376
25.2243
32.4558
34.4879
35.4545
46.0152
46.7677
20.47
25.7828
26.7808
26.3406
39.8265
42.5285
26.8945
40.3444
47.7379
16.9256
45.2865
41.2553
28.4879
26.7702
27.0355
37.6085
40.9299
40.8888
38.901
31.8066
40.6862
45.7538
43.7226
31.816
24.9504
25.3328
45.615
27.8903
20.8376
45.1762
41.4444
9.37065
40.7827
23.6423
23.1898
32.4732
28.8375
47.0894
28.7106
29.9107
40.5746
34.1102
44.2569
15.1155
34.8525
27.6304
14.7809
29.9088
31.087
37.8592
38.6094
29.0053
33.8529
26.2508
37.8132
34.863
30.0846
29.113
17.7286
39.2126
37.2387
28.035
29.7506
33.4907
34.6314
19.1426
9.52072
24.8689
27.1271
29.4079
19.261
20.3665
25.9993
37.128
30.3073
25.7036
6.04664
32.7701
23.3112
44.0414
42.6474
7.59508
21.4111
11.8941
30.9103
18.0138
49.1325
2.62226
21.9003
18.4629
24.5477
29.6846
34.6027
4.292
41.0079
18.507
41.3781
37.5768
29.2779
43.5982
27.4896
33.4964
20.3175
20.6047
15.5625
39.8631
23.0577
33.9154
24.5853
49.5637
23.1074
24.2378
23.0305
44.358
20.5928
40.8628
36.5275
29.9308
29.3621
37.8844
5.45502
27.0142
25.1029
22.6399
24.0624
15.892
30.0095
47.779
32.7506
36.8008
25.5544
38.011
22.3034
39.849
35.6391
24.7067
36.4787
45.5722
22.3562
32.3068
33.909
13.2448
23.5993
40.3076
36.3849
45.9085
29.7339
44.905
37.4416
18.6554
18.214
32.4233
28.1159
44.3126
36.8549
37.852
41.5765
27.3555
16.3882
21.9358
40.5035
32.5625
29.5019
30.8755
20.353
31.5736
38.5155
33.0007
26.9579
25.6599
43.3582
5.02756
32.8187
25.4648
21.5132
24.9927
23.4887
42.722
33.608
39.3141
34.5905
44.6523
11.9957
32.8102
17.7695
35.3017
45.0219
31.2533
28.6633
24.9872
22.3166
42.5781
12.0239
17.2022
31.0966
20.0739
23.7413
20.9243
3.96827
29.8505
38.3888
33.3322
26.3155
31.4857
27.3286
14.2273
38.4699
20.9103
21.0275
21.2767
21.183
32.447
44.8883
14.8961
26.7816
27.3798
28.2026
39.3972
34.0817
8.66535
13.9105
30.5873
31.8884
25.7903
30.9412
21.2116
30.8376
32.4757
22.6002
19.8765
44.3103
38.8573
40.8115
29.7656
19.8272
22.534
29.5764
20.2689
23.9973
41.3344
21.6737
39.6416
5.51041
26.3916
24.9852
28.5732
9.46042
15.2467
18.2267
31.7633
37.8221
26.0575
40.9608
31.1999
29.9391
34.5558
40.3229
35.2624
24.6288
28.6312
26.7559
22.6582
30.751
41.645
32.7226
43.1952
30.3704
42.4014
45.5505
19.4859
35.5168
5.15227
21.5978
18.1111
24.9072
21.74
23.1428
44.8865
12.1634
43.0006
46.0851
29.4842
34.0172
28.3945
28.4844
35.986
22.9277
46.8314
5.51333
21.4788
19.848
35.5318
43.0429
40.0805
4.492
16.5587
9.03791
41.8202
38.0054
30.7323
30.0103
43.2117
45.5725
39.0176
30.6753
46.3528
5.69505
30.0582
28.1322
36.0604
30.9169
26.2409
42.5424
22.4115
19.1699
16.5736
20.1348
35.1238
35.9905
27.3188
28.5981
3.06217
10.1509
42.8628
26.642
47.5742
35.0181
34.0093
44.7388
26.7012
36.9073
40.0072
38.0387
37.0118
29.6844
40.762
36.8159
42.7959
31.7541
31.8538
36.2099
2.82694
38.3098
41.2669
14.0059
37.2564
34.1321
26.7766
35.1057
33.4828
30.2316
30.0825
30.3648
26.2875
18.4792
35.0126
40.1425
26.3046
23.4482
29.0935
25.2786
18.8755
41.5923
18.5027
39.6892
9.22984
24.6206
39.4758
31.6171
35.5634
34.033
26.8268
32.625
38.9988
38.3753
30.0057
46.5101
43.4884
24.5288
27.6407
36.4535
21.4359
33.1412
11.9125
2.88865
13.3665
39.116
33.6775
24.1302
25.9491
43.8543
33.5438
40.4813
31.7908
46.8882
24.7187
21.5912
28.8237
26.5213
31.5428
35.315
26.6751
37.4316
6.56835
29.0694
23.4136
25.2026
29.9115
28.5961
19.2801
38.1501
19.7111
7.28772
24.6132
35.7716
38.8545
38.234
32.7572
34.9987
35.3327
4.42377
37.0098
29.15
29.1686
45.1115
13.2792
9.11779
36.7078
29.9146
17.2513
25.3272
41.7198
23.5138
41.7556
36.8619
22.7269
22.3869
43.5261
36.8318
40.5918
44.2657
29.2885
36.1609
39.123
38.0895
41.3684
44.3549
38.1303
39.8175
8.44397
48.3403
18.7917
14.5242
34.1607
35.0636
6.61567
43.8452
32.4555
17.5019
44.2969
46.1176
33.6216
29.9839
28.3666
36.628
12.0831
21.2098
30.1094
37.1107
46.3809
27.2036
25.1916
44.6403
35.5445
32.26
23.3769
22.3167
32.3911
36.8586
36.1866
23.5852
28.2471
28.7763
28.4113
36.7303
42.3464
24.1508
43.2352
21.4867
46.4366
20.6195
30.8742
28.6025
15.377
25.0391
32.518
25.7048
31.5344
31.8901
38.8417
35.5702
22.795
32.4414
32.6065
18.3073
31.3815
2.99717
14.2352
25.0675
44.2363
23.8523
21.1877
36.8706
31.4553
25.9863
27.362
11.0434
35.4704
25.5136
21.1683
18.4688
31.5968
27.2838
39.225
36.9097
19.9039
25.1523
39.7862
33.4488
28.9133
41.4935
25.7758
23.8804
22.2861
40.3732
30.0896
17.2948
19.714
29.8635
15.1653
42.9809
24.7033
21.2978
39.2794
12.2221
14.1807
42.2042
36.7682
26.9934
11.5451
22.8171
32.5022
5.50341
24.6035
16.5037
24.6974
45.3431
8.73685
20.1123
34.352
26.5958
30.2666
24.4456
38.9869
32.8459
25.6684
27.3813
28.8654
38.6085
46.5502
16.4607
29.2062
22.1123
17.3307
26.6128
20.4797
23.9438
33.6366
36.3882
20.2304
31.5946
30.2425
9.28918
38.7042
1.88491
24.9567
22.5493
42.8098
33.3942
26.3902
41.7047
22.3823
17.3303
24.6756
19.5201
35.538
38.344
46.1685
29.1457
23.8991
20.9523
23.3718
36.4241
33.0769
29.0621
30.5494
33.2542
27.3542
32.8971
18.267
32.4193
17.2875
28.5309
8.68643
21.4652
36.8837
34.398
21.3636
39.2909
31.3518
37.1058
29.3096
30.517
8.34652
26.5924
13.3571
34.7842
33.9814
18.3304
32.6459
27.7742
47.2629
32.7789
30.9276
21.2759
42.8062
15.5944
35.4831
47.3799
45.4171
37.3292
41.8822
32.632
33.2349
5.37776
41.4622
35.6002
30.9964
7.17536
28.9737
14.8168
27.9667
12.6685
31.4457
11.2851
27.1747
46.9933
18.8826
36.3614
34.1308
23.9354
40.1547
24.2373
23.5037
34.344
44.2567
22.8881
30.3636
38.8699
33.7895
39.4139
39.2063
39.9174
38.0897
35.0393
26.9698
38.4077
38.5047
24.5796
37.4004
19.3907
21.3687
35.5577
42.5806
28.5002
42.9586
36.7184
25.3517
42.7354
12.6483
33.8263
45.1996
15.8442
27.0685
41.619
12.2697
36.4028
20.7756
36.7224
31.5311
1.41525
41.7788
3.69916
27.4001
31.9764
28.0363
31.1582
18.5953
24.9648
24.3502
39.1103
23.1424
21.9116
21.1986
12.0402
1.60699
10.2876
24.0023
24.4402
16.5711
32.1506
28.5618
28.5421
8.16881
28.2245
21.5034
30.8217
31.2705
46.4785
34.3985
17.8587
6.03399
43.9112
35.2638
25.0343
38.6534
29.9714
36.7105
42.9349
33.4902
26.2289
36.9082
44.6091
28.7704
38.8184
43.4636
7.66745
23.1769
22.8102
30.7447
20.1987
27.4544
36.2167
12.0987
36.4653
25.7302
27.3385
20.7819
41.9799
44.0445
30.0692
29.5822
35.2018
39.1266
23.6283
25.1968
22.3601
29.445
33.0605
7.97263
40.5785
24.0171
29.5402
21.8883
23.4321
30.2022
34.5094
37.3988
13.5942
23.8756
21.6727
38.6663
32.8795
27.3989
39.2769
13.996
29.6054
45.4228
23.3568
2.56376
36.6161
27.6847
23.3702
23.5548
4.89081
28.212
18.6823
23.5505
13.9151
24.2081
24.2373
17.6719
35.2092
34.4225
6.48417
35.3995
33.7392
36.2111
35.4065
30.5443
16.8701
29.9707
15.074
31.044
27.0596
22.0712
23.7092
23.7108
24.6276
48.4984
29.6695
41.5928
30.9751
23.6122
45.1909
19.7417
24.0702
19.7171
39.4471
17.2103
8.29575
45.7046
32.8088
30.4321
33.2103
44.6764
15.7908
22.7536
45.7595
44.3485
39.9261
16.6244
37.2379
32.0594
33.4629
25.2748
9.54098
30.8208
24.5537
4.01617
37.0476
32.1501
31.2462
37.2489
31.1816
21.412
18.8039
34.2516
7.75303
33.7117
40.9158
41.6453
29.3776
17.4454
24.2403
33.5757
40.2622
45.0766
11.8941
3.36663
36.2265
33.1982
32.8085
31.9561
27.1882
36.0401
38.7992
43.123
38.3862
29.2124
31.1274
37.3067
25.82
30.0903
29.9424
29.8284
36.512
30.8324
34.0141
29.4366
38.468
30.598
39.0866
26.83
26.7315
43.3732
31.3684
26.6716
44.239
22.0891
20.3682
28.614
42.6092
47.5318
47.2768
21.1171
27.1321
30.826
29.4812
25.9119
34.2559
34.2491
42.1126
26.8393
29.7962
32.8892
11.0818
35.1645
27.3365
31.7276
30.5072
47.2046
8.56754
34.3753
32.036
47.3261
22.9513
19.9781
39.6275
27.1821
34.7637
31.2903
11.932
36.4326
34.1827
21.7539
44.6679
34.3855
28.7893
26.1915
29.4735
22.7412
48.9323
30.8114
24.9766
28.6716
41.9597
23.5063
32.5428
27.2868
18.0792
26.4497
14.7486
9.00811
26.0285
45.6858
31.4299
33.8717
22.943
46.4725
44.2858
41.2185
35.162
19.6678
13.2081
38.5843
35.9406
24.074
28.658
35.9835
22.3065
10.0328
42.4966
22.0381
22.1558
15.4345
19.6015
29.95
41.5552
38.8824
21.0469
21.083
21.5696
32.1768
2.14892
44.8491
32.6824
39.2314
27.3924
13.9416
22.638
14.1777
31.8454
30.9243
11.6699
27.581
29.9338
25.956
39.0529
38.8318
29.311
23.6604
40.8242
28.1916
16.0428
38.035
32.7215
40.1474
15.659
17.7728
21.0954
44.0295
28.4264
37.2548
4.78462
24.4613
36.5368
25.0561
24.0174
33.4292
39.9647
35.7011
25.4942
23.4426
20.2388
33.7373
32.2541
25.5285
33.7588
15.3667
18.3947
29.2568
48.3091
30.5947
47.0921
39.8866
14.4649
7.80078
30.4207
35.9493
40.1501
41.1982
19.6851
17.6851
27.9024
46.945
17.7779
29.0637
12.6645
48.7804
25.7462
31.983
39.8734
24.4289
17.2229
25.8914
24.458
17.6484
41.452
13.1041
24.7207
9.7515
31.7735
17.5213
27.7469
33.3593
29.0776
8.68219
20.7352
38.2026
10.6652
30.3824
13.4
41.8108
43.5969
41.5993
26.7228
17.0404
23.8283
4.71004
38.2652
45.9526
42.0075
44.8384
25.4763
47.296
34.4364
21.3995
4.05081
37.6092
47.3455
24.4056
17.4903
32.1725
13.6749
22.0642
22.8482
46.6364
45.4445
25.9907
25.3829
12.679
11.5945
35.2303
17.073
15.2357
20.3104
30.4074
22.9168
29.4458
19.9204
24.3393
27.8679
30.0728
34.2714
39.3299
42.6354
40.464
29.8866
27.3073
39.7838
33.273
13.4588
34.0856
10.3064
37.4208
37.2114
5.94183
32.9293
32.658
27.7935
39.3234
38.0347
35.7334
48.0978
20.4707
38.0728
26.3237
18.7626
38.2394
29.8256
31.3716
36.6192
28.6558
24.9108
21.56
39.3024
50.0009
28.1287
27.4371
6.53152
33.3894
34.6981
37.8862
13.1081
41.9637
26.4865
42.104
37.6559
14.5142
36.9077
21.24
36.5556
21.9431
39.1542
34.3585
36.5432
33.2761
47.4639
26.0412
34.7349
29.8141
29.9183
31.6517
33.4555
28.4571
47.708
40.2845
34.9631
43.6209
10.9591
29.7928
22.1573
30.1519
21.4475
23.415
37.6684
37.6929
23.45
38.086
22.9601
15.8964
29.31
33.1181
15.6707
30.7786
40.3193
40.9401
36.5935
39.1484
18.4884
40.2587
29.9878
21.7817
23.938
19.0982
7.78612
26.9532
17.4253
31.0364
17.6579
36.9271
39.3147
35.8493
36.831
32.6571
19.5801
36.9226
21.1503
39.6466
32.64
21.9068
17.7392
34.3749
23.0234
26.4077
38.8307
34.0091
25.8668
38.3209
28.2305
21.3333
26.206
15.3224
21.5596
39.3497
36.7285
45.6831
36.1176
44.036
18.4538
42.8592
40.5108
44.6754
15.098
33.1593
37.7836
32.7294
34.7352
7.40636
36.0569
45.4117
27.4703
32.5226
34.6571
1.60088
31.6176
18.8117
40.8642
32.0036
37.5984
15.4341
34.3835
19.9679
34.6365
22.9464
39.3996
38.9787
38.2683
30.5246
41.0474
39.1597
29.9403
20.5502
44.0055
32.4461
36.7398
23.098
15.4879
46.6231
22.4581
34.5144
14.2489
13.385
25.3761
13.7313
31.0641
41.4627
20.6954
20.358
31.4247
34.5914
42.7538
26.7359
27.4833
18.9232
32.2192
14.8773
26.2087
26.394
39.7199
17.8879
11.6198
6.16886
16.2438
26.3108
17.7865
21.6881
37.5101
33.6122
35.8739
15.2809
32.037
32.7131
26.3004
18.1597
28.2827
40.8445
41.7694
36.3235
34.8238
41.1023
33.0629
7.89135
31.194
29.4912
38.9632
43.3927
42.4463
31.4424
22.8286
14.2085
31.9162
25.505
28.1198
27.9602
24.86
25.1878
23.8176
42.3413
29.6107
23.7102
21.5977
38.4582
32.1065
34.6155
38.4219
27.7787
26.4245
27.8986
40.9109
5.748
44.137
25.9276
33.719
30.2277
23.097
32.6326
24.9656
28.2939
18.3672
44.0809
38.4734
28.1206
36.5488
17.1878
42.4744
38.6442
38.5493
34.0071
17.0632
40.5615
22.0559
23.7193
9.36858
42.9942
42.3105
39.5535
36.6543
33.0861
33.7537
41.4184
36.0345
18.3031
39.9558
30.1536
9.23562
16.1949
35.725
37.1898
30.5007
20.9164
24.639
32.2163
23.1609
38.7596
14.3431
25.5422
24.5844
18.0963
34.9697
43.5924
31.7274
44.1508
23.3584
36.8189
19.8376
28.2458
13.3452
31.8724
21.0074
29.4026
28.6793
45.432
31.4501
13.358
38.835
33.9156
29.9059
28.6358
15.4238
41.4107
35.1891
35.529
31.7801
6.05175
28.178
21.5384
38.2396
32.5586
44.4801
31.2269
37.7087
37.3874
25.275
25.2333
31.301
17.9941
22.4092
42.8434
9.70959
28.2491
30.3296
21.933
7.59894
23.7338
24.5235
21.2948
20.8828
26.5873
34.2016
30.3644
41.5457
36.8391
23.0444
36.6139
33.9856
26.1257
43.817
20.8309
14.5216
27.1645
28.781
40.5945
33.9528
35.1222
29.7575
40.9411
41.1698
29.7139
38.8547
42.4371
19.9545
25.4168
29.0646
28.9607
20.6265
37.8222
31.8021
40.0381
22.4022
40.0087
22.863
14.7875
30.5365
34.9675
32.2768
29.2429
43.936
47.8394
9.20819
22.2
38.9262
22.7802
24.3385
37.326
29.9841
28.6687
43.3538
21.9351
11.3559
40.8121
30.4978
37.1634
19.9562
34.1973
45.8955
25.2738
30.9322
11.7345
16.5227
28.8241
42.2017
25.7399
32.7471
25.2313
29.0966
22.1479
38.2728
23.8582
23.8028
19.4211
47.7456
34.6816
41.8451
33.8892
37.1135
46.8334
35.5801
17.4174
24.5386
4.40818
35.4503
32.3103
22.6085
36.0334
27.7653
38.3334
16.5335
39.5147
32.3036
5.28459
38.328
47.6471
27.7379
9.23226
24.1864
21.5656
42.1307
36.9806
25.0252
22.3773
24.0187
28.8993
33.9796
33.0491
17.6996
29.3256
4.46014
30.6091
32.272
36.3744
26.6555
27.2505
36.7885
30.9463
19.4877
19.1032
37.6496
36.3355
34.8581
24.7764
33.542
0.997019
20.0269
21.8153
14.117
43.8024
25.2991
24.2576
45.3748
42.7935
38.3627
23.1026
26.3228
4.34603
38.5531
28.9731
36.731
37.3942
35.4778
46.869
31.8059
23.2056
14.214
14.9079
25.2407
8.11359
21.6327
39.8615
39.1895
38.8266
35.6925
43.5083
4.4026
23.1871
33.0692
42.6424
15.8861
30.4471
31.8045
35.9779
35.6088
34.6066
35.7556
42.0728
24.545
40.9741
9.17367
25.6639
20.6918
22.9186
21.3774
23.2345
15.4467
18.7713
45.3803
27.6635
39.8764
42.5884
30.4047
38.2749
33.3368
29.1815
38.3022
19.7038
24.1947
18.1006
26.5214
33.4771
38.2899
32.4826
34.288
23.7646
36.8931
41.7266
43.3467
41.2458
4.17863
29.3024
33.3648
17.3654
32.6983
37.8058
31.532
30.2044
33.8854
13.1418
13.6998
25.6863
24.0054
31.2901
46.6068
31.9513
23.1814
37.8926
44.7787
8.11854
42.9833
41.53
33.0981
39.6877
37.2097
5.99119
35.9716
25.989
32.0242
30.6662
38.9287
38.8869
30.3341
30.0345
33.1467
34.2355
41.8638
42.9018
25.8921
29.5745
26.508
26.4319
36.7889
11.3264
31.9854
40.2854
41.2454
42.3283
43.3907
40.5576
32.2974
20.5635
44.5624
17.6891
22.7089
43.6078
26.0828
19.7474
26.3662
25.0399
24.4626
34.5007
31.73
27.8572
36.3727
19.1843
34.4102
21.5427
41.197
28.446
24.8628
2.20527
27.8132
33.0128
36.735
6.67388
28.9691
26.5914
25.8963
41.8066
23.9212
9.64569
15.3886
24.2903
18.6343
16.6209
43.883
35.5167
39.7152
37.5868
20.3939
46.9594
44.423
26.2409
40.9519
25.4944
47.8565
32.1292
45.0922
18.5279
33.3173
38.1891
30.3432
29.3923
41.0656
33.4493
29.14
36.8445
34.2584
20.5374
45.6991
24.9844
25.7832
15.9444
25.0212
46.443
32.1332
17.7458
38.4855
33.5905
42.0433
29.2421
21.5967
42.5426
37.8317
25.4713
46.3076
31.0042
45.2715
11.3907
27.9808
28.8837
43.1302
29.9929
43.1052
42.1671
12.4423
12.4378
34.1571
12.999
29.4918
27.1386
46.6314
29.6063
34.6367
42.7691
43.3391
12.1854
9.50131
21.0766
20.7129
23.0899
25.4607
31.2643
35.2763
23.0314
31.6207
15.9263
42.4664
21.4281
26.2582
40.4112
24.7588
22.7795
23.7597
39.5678
6.73451
11.0514
29.0819
40.5995
27.6615
3.08564
36.4044
31.6256
33.1255
38.1564
42.3359
19.3671
22.6844
36.2255
10.6263
31.5159
32.672
28.5305
34.9813
21.5844
35.5581
43.8341
46.1146
22.5496
26.9851
35.5592
47.6926
36.2752
10.5366
33.0239
30.7743
39.8555
26.2127
22.3674
3.84091
42.1256
36.161
36.9982
1.25171
30.6243
20.3399
35.4612
28.4325
43.6658
31.2062
37.583
32.2407
29.5033
27.3392
18.59
36.1647
35.6186
28.8977
40.3322
35.8368
32.4758
17.4303
32.0782
28.7855
47.2393
35.2411
36.2279
22.7593
3.12727
29.347
35.4886
31.3643
46.9917
21.8735
40.9056
35.5116
30.5485
29.5604
29.478
47.9971
23.6025
6.32223
24.6972
44.6169
36.2346
18.7738
18.2726
13.7841
21.5111
45.2288
19.4541
22.3575
19.0193
40.8964
31.621
15.0339
36.1166
34.2572
46.4456
3.25624
22.1437
30.0993
43.2426
13.9361
28.2272
26.7565
34.3235
19.4776
36.5956
25.8316
17.6538
27.9763
30.3217
40.7868
25.9608
39.3668
38.4308
26.108
44.4872
26.4204
36.827
35.4391
43.3489
28.5895
41.0413
28.1187
48.1102
43.0613
4.09269
34.0832
30.3717
25.6373
18.2946
25.3028
34.3205
44.7701
30.8255
32.6445
12.9616
12.5028
24.5505
46.0562
35.1459
42.0474
27.141
35.8217
45.2179
31.7
16.0384
26.9458
40.2363
25.2754
11.434
18.3323
18.0829
21.1915
22.1863
33.9837
25.4936
31.7557
36.6391
23.3109
11.1074
34.4675
23.6767
23.8121
20.3947
30.7026
31.4755
32.787
46.1841
30.8871
26.3765
40.0017
30.9203
35.0823
13.717
23.2675
24.3165
18.4718
15.9206
23.5581
32.3453
33.5166
40.3114
21.1378
20.7963
21.1134
36.6246
38.0264
20.7422
23.3387
41.5508
43.97
27.3833
41.9387
25.5719
27.5871
34.5108
16.0553
37.2729
43.2806
44.7249
20.197
33.6432
40.2534
22.5172
38.8662
24.3894
48.0065
0.620339
23.4133
45.4479
34.4992
39.4493
21.5875
36.7421
24.4373
20.1418
32.7308
39.3417
27.5456
25.972
39.5084
23.061
45.2859
18.169
30.4833
12.4075
28.7424
34.9695
32.5596
42.7896
40.2137
34.1375
37.5453
34.2339
37.6672
34.5491
35.7908
36.4321
36.674
27.4115
42.021
33.0492
44.0961
17.8912
30.3659
35.9526
35.1636
42.639
42.4092
44.0933
28.8356
33.9981
48.5547
20.6555
20.9827
20.3679
26.9049
24.6295
40.195
25.2679
31.903
41.9387
32.1225
26.0806
36.3514
32.8991
34.4539
39.4513
30.4888
41.8745
15.6571
32.7041
26.311
31.6754
34.5497
17.2967
19.8291
36.1201
41.7959
17.9382
15.3805
39.4753
42.2047
28.0671
45.4597
3.70919
24.057
18.4206
12.3788
21.9559
38.8256
31.9654
38.2931
30.5559
33.5928
46.4124
19.5499
7.76289
28.9438
27.7952
41.8011
27.7499
29.0978
39.3097
27.4854
33.0842
43.4964
40.6989
35.1961
14.3937
30.4578
26.0971
21.955
41.7071
42.8913
10.9235
38.7525
31.9763
14.8899
37.766
25.3257
22.6696
40.6718
34.6884
29.0306
21.2468
32.6239
38.918
23.6807
31.8805
41.7944
43.7041
32.9608
14.1145
39.7596
32.1413
30.0308
35.8447
27.2866
26.4431
12.3451
12.9544
20.7917
39.4865
24.1755
29.6932
34.7565
22.5645
30.4088
31.2908
25.1161
19.0547
37.367
31.5768
29.3252
29.8066
39.8109
27.7575
38.0781
40.0559
35.7826
34.1809
27.4455
23.93
36.0685
20.4976
27.8946
30.4791
22.9875
41.2776
35.0938
20.5395
36.8881
28.3055
21.0285
27.5535
36.7759
33.5563
35.1161
20.2803
38.3391
41.6233
12.8967
27.7039
30.6956
34.587
13.0278
20.2783
35.5156
41.7049
37.5417
33.3776
42.1356
19.7873
5.59128
42.7673
25.8677
24.6651
23.5357
32.6563
37.2329
30.3399
25.7695
35.5726
25.435
19.9838
11.8658
24.5526
40.717
16.4713
37.1844
27.0076
41.804
42.3651
33.9692
27.3155
30.8453
14.25
38.812
35.2527
26.3739
34.3447
21.2814
22.2314
37.9383
23.4743
36.1921
38.4776
24.6037
27.3331
44.9857
47.069
33.5928
9.51527
19.7638
46.4854
34.2495
25.5585
36.7165
31.721
25.2248
33.1274
41.9392
13.8395
36.8358
49.596
42.8648
38.7612
33.4
4.48947
41.7147
32.7076
41.058
36.9944
38.4594
11.7199
45.6153
10.7813
44.0293
9.91837
30.0345
38.0839
13.9082
43.4939
23.5672
19.676
26.0909
11.4498
47.7535
36.2569
35.9132
46.0546
18.6344
26.8972
39.2546
22.2934
21.7125
17.1526
37.2009
32.2181
27.275
38.4482
21.4872
16.5469
13.7241
29.4794
40.3512
37.1604
31.9366
28.8337
15.1668
16.8119
36.7771
39.5579
15.1387
29.1097
38.8318
14.3109
33.7492
39.7648
28.501
40.8451
26.0062
31.6561
33.1262
35.4727
37.114
8.41827
13.8158
15.6474
18.7848
3.59045
10.2982
16.4368
17.8149
23.2104
46.7667
21.7807
34.6115
23.1709
32.3726
36.2893
37.4021
32.8059
32.0711
33.225
47.0193
24.2866
34.0385
26.2709
34.4401
7.10287
39.3786
27.8678
35.9743
41.7011
40.3943
47.9545
35.9919
40.1065
30.9607
12.6796
38.7884
38.3398
4.86249
5.59883
34.371
32.6417
41.8928
18.1136
1.00263
29.407
28.0717
46.5785
42.783
32.7721
23.2124
38.6337
26.8226
14.8584
25.069
37.6747
23.0257
32.3437
22.278
33.097
15.1257
38.5103
34.4708
35.4121
24.5324
30.7725
32.6868
29.6297
19.8328
30.0021
41.1142
12.5489
36.3436
14.7578
27.6001
11.946
9.8971
44.78
31.5495
42.5668
39.8247
35.5621
27.9604
36.1541
31.2804
47.3627
10.0865
33.7352
45.0969
31.0806
29.8846
36.8178
47.8316
15.2274
17.0066
36.3552
20.2147
22.6545
16.9865
36.4347
13.2829
25.751
24.5376
18.0133
39.1923
43.1987
25.2557
45.8129
27.2763
38.0102
33.5155
30.0822
22.7
39.5329
22.7714
36.0856
24.413
28.3631
35.8904
39.1292
32.7186
37.3068
11.2324
34.8842
25.7954
31.2272
28.028
45.0681
31.1273
31.8127
34.8646
25.8567
28.0047
38.4684
40.176
24.4228
39.745
5.39402
37.3679
38.1203
50.1442
25.8647
39.8528
30.3345
40.4064
25.347
47.8864
32.8778
26.9462
30.8709
40.5498
29.4665
42.8724
24.6307
28.693
38.3576
32.834
25.115
41.2815
34.6336
39.1853
25.9906
47.4134
49.6411
29.8727
28.9884
35.5915
23.0617
21.1899
34.1525
37.4295
41.5871
37.7983
32.5897
36.5565
45.2534
46.8549
47.9853
43.727
29.163
28.8656
20.9606
15.2189
13.2965
11.3893
24.0508
24.3027
30.6774
6.08622
15.656
4.38449
32.1668
34.6461
31.1044
36.3413
15.5018
25.8886
42.8494
21.4115
34.712
37.5364
18.9852
20.2911
36.4875
34.6802
29.9882
45.8675
37.7333
16.7828
14.7087
33.344
31.7799
24.4304
49.2476
29.5623
41.7524
47.0001
35.2308
11.6734
13.3865
33.1212
24.3682
39.4304
45.7877
25.8433
25.9663
26.6372
26.9664
22.5234
20.8789
20.0906
27.7833
34.1214
33.8951
12.2351
28.2301
38.528
36.8714
21.8492
17.0969
33.561
44.1726
14.3455
22.4891
26.4048
13.3711
32.8888
42.0694
26.752
37.0252
24.6545
0.923342
37.5296
30.9927
44.5299
21.1361
24.6733
24.6222
31.127
25.5429
29.1006
20.2371
32.7714
33.009
34.6411
30.5502
31.0294
30.31
28.8528
36.5868
36.2896
11.6894
28.8274
39.4326
26.8595
36.4731
3.50438
38.0937
25.1447
45.489
19.733
33.5371
38.9748
31.1358
29.2021
23.6966
46.5737
31.508
24.5985
35.5059
28.4631
40.9766
32.5985
28.3243
31.995
46.5601
28.5844
39.2433
24.3716
27.9823
19.1849
40.644
23.2509
29.7404
32.3168
38.6336
41.2508
20.0646
25.676
20.682
7.63243
40.701
37.1189
42.3145
19.2426
26.5138
3.7156
42.424
6.52984
33.5992
28.11
10.2511
31.3066
22.6359
24.0581
28.0564
25.289
38.1009
30.1769
17.5356
19.9188
4.59831
29.5075
27.4189
23.4914
41.2689
39.3336
37.3622
16.8645
30.2654
29.8761
4.46903
21.2667
42.4215
30.1259
40.1769
30.5948
32.2224
20.2721
27.5416
38.692
8.6914
15.3628
30.2317
16.4467
9.55199
32.685
40.1862
31.3771
4.95647
33.3051
33.8084
34.8816
27.6062
32.6123
19.1644
35.1447
31.1072
28.2309
10.8155
28.7167
29.2075
28.2958
28.8213
31.7747
29.9797
30.2396
21.6141
27.3229
19.4655
7.11889
18.2801
19.9018
42.0574
32.6394
41.2077
9.83396
23.1383
31.7059
26.6714
45.041
29.3183
41.5422
21.7937
36.455
25.5295
41.349
29.3836
27.1545
11.7886
28.526
40.1481
26.2974
3.80033
11.6895
3.93471
40.1131
44.1795
29.939
45.8173
36.349
29.747
27.7861
45.6625
42.5204
24.3825
38.9507
27.4641
10.8049
30.5671
33.6385
26.3485
41.7582
27.1389
31.1675
19.5201
35.5907
22.3106
29.4416
37.4053
28.3434
9.06562
45.7851
21.1571
18.0267
17.7854
36.299
42.1187
32.7663
38.2094
30.9346
22.0446
15.1999
31.3934
45.5235
33.9772
35.091
33.2517
11.9543
26.6388
41.7073
20.8298
34.4884
36.1903
23.4905
23.4594
37.6287
32.2965
23.2058
31.8823
35.5578
24.2624
2.66501
37.3851
27.9608
39.6491
36.8429
28.7093
37.5948
33.9586
28.7269
29.1967
21.8723
4.85689
11.4704
20.7831
39.852
27.1516
43.0696
11.1756
24.9652
34.6639
17.2086
31.0908
22.4819
31.5981
23.523
32.8621
26.2447
2.56903
11.0864
36.6217
34.053
25.2556
25.7439
42.6544
27.7959
43.0535
41.7524
36.5727
16.6347
34.0261
24.5836
30.4776
9.02301
24.3046
38.5662
46.4421
35.7531
44.4556
28.1072
27.5625
11.839
21.7238
34.5139
32.4572
23.6039
13.5402
29.8112
35.7652
30.9765
20.7591
17.6107
35.2834
45.6135
47.7522
33.4709
35.919
29.3866
39.8525
35.4132
33.6937
24.0959
37.6084
26.5013
33.1436
7.0717
34.2187
6.61877
31.6469
29.8624
22.6297
34.4409
31.5119
34.5635
16.9284
36.6972
6.68234
46.6711
48.7883
38.5153
8.9256
24.6885
30.4654
23.8518
30.2403
35.5011
16.2836
37.5646
29.2611
13.0948
34.6218
34.8659
44.6288
25.6618
23.8326
29.6834
19.0008
43.8236
35.2405
27.778
16.8235
37.7188
26.7242
30.984
35.8519
16.2848
35.6627
19.7927
40.3292
27.0104
26.4182
13.6895
30.7832
42.3461
34.6586
17.5978
19.701
27.887
35.1929
22.8121
36.2032
38.8396
44.04
8.18296
24.0415
36.4589
37.8243
18.981
11.2864
41.2165
21.708
35.9599
38.12
24.5583
41.3101
17.8317
31.2526
28.8999
32.8797
27.4417
24.804
13.3793
42.8499
43.3857
2.93313
32.7424
25.2134
34.9091
31.9379
34.7531
31.951
39.022
22.4242
12.3262
21.6018
24.6342
36.6597
5.49044
41.8367
38.4954
26.417
6.50289
30.3063
16.6492
44.5965
34.4067
41.3924
23.2922
37.7853
19.4408
15.4146
31.3014
26.0413
22.3558
21.0749
33.1186
43.2316
47.288
34.1997
45.5132
26.3124
27.2616
39.8466
41.613
36.8117
28.2015
40.7208
35.2903
40.4201
36.1476
17.0868
34.884
26.2417
19.8613
35.3929
22.0961
20.0131
33.6639
27.4845
9.43275
39.4501
48.3488
21.793
18.0661
36.9528
37.0761
25.0861
32.231
41.1287
28.0347
19.0013
27.5095
34.4273
17.539
34.2315
31.855
26.5539
28.672
31.7642
8.61986
39.6641
33.7666
26.0274
35.8527
32.3188
33.7738
36.3722
29.36
33.1795
35.9547
15.2758
43.9631
40.1198
20.5958
29.5761
29.1204
44.4432
37.6142
20.3046
28.9017
16.9622
37.4789
21.7501
41.401
31.484
38.3652
29.2258
21.2399
32.8763
30.8183
44.5105
19.0679
8.63261
39.6732
28.7753
10.4641
18.7182
32.374
23.4953
17.6519
45.4858
42.8975
45.4583
36.2463
28.4798
48.6151
11.9678
24.0327
38.6315
31.5356
7.46658
41.04
22.3844
10.0187
30.489
19.9279
16.0161
25.3683
38.0667
29.3615
21.4894
48.4634
15.2974
16.8589
47.0934
31.6567
42.65
26.6563
19.4054
27.2613
41.1795
50.1944
42.0258
35.406
36.3905
38.5818
26.1211
31.6954
29.5316
30.2449
19.8453
35.5769
37.3603
12.4139
30.4202
31.1037
36.7497
43.3615
34.3281
24.4125
3.11168
27.7495
15.3583
31.627
36.045
39.4349
47.1178
32.8243
30.827
25.1844
41.5936
44.5647
30.1071
34.7677
35.3318
25.8957
24.176
37.0007
15.1895
38.0719
12.0169
22.2539
8.98846
45.0601
26.4872
21.7657
21.3706
33.21
24.9638
25.658
6.8725
26.6658
5.80964
33.1015
23.5856
42.0357
31.6011
16.1168
43.2951
31.5587
32.141
36.1676
22.5087
25.1257
35.0378
40.0791
41.4781
27.5491
44.5881
34.5381
21.8553
24.7346
36.3607
9.39951
31.8478
29.5785
35.7855
27.2115
33.9004
31.2966
2.10463
27.2713
21.1551
17.3154
21.0233
27.835
35.6686
0.626591
24.5965
46.3427
28.192
34.8158
40.8363
41.3735
33.6813
24.374
26.0655
35.4627
23.0725
4.31944
13.7715
23.0504
39.616
18.7636
29.6932
39.1875
24.8111
29.375
21.8036
41.0503
46.6903
17.8916
30.6084
46.8617
13.918
37.7675
38.9576
16.4563
37.0244
33.2826
42.2975
27.0448
25.1521
26.0592
33.2131
11.0198
38.6901
40.4025
36.0572
27.9478
39.6207
35.4109
40.1406
45.5733
40.6134
30.894
15.607
25.7412
44.9162
29.1166
30.3357
22.0931
14.8116
25.0653
11.3476
14.9564
22.1082
17.2499
46.4431
39.0045
40.2106
19.4747
32.3787
22.0746
21.2751
26.9065
39.8552
28.247
30.5216
38.0213
8.41252
31.7565
37.2728
8.65404
34.3542
32.1035
34.3524
33.1493
41.9756
25.4803
28.7214
32.4974
39.3216
39.9033
18.6262
37.5965
31.2803
14.082
8.1024
40.2061
3.73476
27.462
43.6251
10.7253
32.0252
34.6684
36.8026
22.7895
7.4215
8.05785
38.0098
27.0038
25.9752
23.3173
30.9415
37.8556
29.4864
23.352
22.3735
29.6068
46.4853
16.2423
13.9334
28.7211
26.1798
7.61418
26.0796
38.4247
26.8274
34.9273
45.3202
41.6498
5.41161
36.3662
26.5008
26.1388
19.802
41.9193
16.9416
32.7239
32.4996
22.4638
20.7737
12.5518
14.6667
37.736
30.3393
32.2545
18.2592
44.2422
40.8272
24.2928
41.5148
7.34135
21.3885
24.298
43.8433
34.2878
35.1944
19.1088
23.7797
32.5689
31.5173
28.8465
34.9737
31.4038
39.4156
40.2112
34.7532
27.18
21.4517
28.736
26.8073
36.2447
28.987
41.6393
47.5316
29.4458
30.2061
35.3644
40.848
39.4318
40.7661
37.8007
25.5334
18.7091
42.7142
36.1119
14.7025
40.1075
37.4342
24.1328
31.1423
8.66025
40.8316
25.3835
12.6468
34.211
37.8475
32.9358
25.4781
29.2722
30.6529
39.4634
38.8207
41.2159
30.7327
35.4076
46.1925
21.4595
21.1814
33.3754
18.0391
36.7784
38.4955
30.9643
44.0903
41.7346
32.6961
22.9633
26.9047
12.2559
45.623
30.038
20.2789
40.891
17.8143
39.1942
31.118
21.7317
39.7672
17.9617
25.1764
18.709
27.6629
29.8431
43.8289
28.4269
25.9477
42.1842
35.6211
12.4335
3.1739
20.4704
7.71811
28.4582
26.0761
9.36243
34.5213
42.3574
23.4225
23.9592
31.717
41.682
15.2082
38.7111
32.443
27.712
7.65275
41.2851
39.4266
1.7206
39.7733
5.02371
15.9017
49.2977
35.5132
35.1388
25.8033
28.0725
27.7827
34.187
24.9467
30.0204
36.4622
33.0418
18.7541
45.7422
22.0676
25.0397
49.2058
24.7993
37.9078
32.2192
38.4925
25.8081
29.0128
35.077
11.2668
6.45109
30.7329
13.7268
36.1397
38.6354
14.823
33.4572
23.0745
16.2989
36.7775
31.1589
30.4136
29.3594
48.4458
40.8873
18.0868
35.7104
28.4869
22.7662
48.1301
38.0605
13.6756
22.2806
38.8956
42.4503
27.6776
26.325
28.1855
43.4169
34.1681
15.8563
24.0095
48.8717
24.038
30.6983
32.0214
43.0549
7.80026
34.0511
27.6388
2.91794
24.4208
39.547
35.5612
18.0707
22.8524
4.69548
13.0329
30.1642
13.4641
39.7336
28.8538
19.1196
16.845
27.0929
32.1647
42.953
32.7742
37.0309
26.4473
31.8618
22.9319
39.7947
33.8645
21.6197
11.8887
40.6569
32.6862
45.3245
26.0083
7.98191
47.4558
35.2207
42.5004
28.3007
24.7397
21.9226
37.211
34.6169
31.8972
38.414
36.9442
33.7404
29.2467
46.9134
19.6545
45.3463
32.5755
25.0647
3.88875
35.3393
32.4517
27.8102
22.0536
35.0242
11.8176
34.4913
37.7854
41.53
36.8319
24.0128
35.9248
31.4875
5.64596
39.6753
21.1821
45.5776
34.8751
23.3951
31.3509
31.1369
18.6582
14.8047
20.6841
25.9688
45.6267
30.7365
29.1404
19.4268
30.7172
36.7339
28.3474
36.3231
17.9384
46.8736
23.4544
6.45152
34.1337
33.1323
26.1709
38.9322
27.4138
39.9904
34.7332
18.5535
21.7169
36.6293
27.5378
30.3158
33.8233
39.564
32.1157
23.9869
28.423
39.4906
26.7405
16.7817
32.2313
30.0223
16.3082
44.0421
38.2382
5.14146
15.9763
34.9451
26.7393
40.0328
7.5027
13.8406
18.387
29.8304
43.6354
14.3172
39.319
37.7005
35.7308
15.0666
30.6933
13.855
35.4769
36.4855
44.1878
45.6998
4.69298
10.0005
41.2342
35.0385
17.9996
35.0484
32.38
32.2646
24.6906
29.6662
17.4129
24.0489
38.9153
20.4649
14.6772
36.3114
30.4675
27.4088
44.1265
35.0422
33.6978
29.6024
31.1928
26.5184
25.9594
35.3726
48.922
27.2283
26.1888
47.3545
32.5773
43.1388
35.6347
9.95784
41.969
28.5619
21.1278
23.4511
25.2878
22.9958
44.1499
37.1633
19.7953
19.5422
27.5764
22.7407
24.824
39.1768
3.86014
26.1425
35.4844
28.8831
32.3232
19.145
34.7271
32.2633
47.3149
48.622
20.3698
36.2991
33.0701
43.882
23.4515
27.1431
18.8399
33.2042
22.2188
22.0225
17.7687
34.1441
33.0556
29.8099
42.6324
19.3903
39.2118
24.9061
28.2128
4.99348
38.5841
34.3012
20.318
24.5869
19.1586
46.5371
39.664
43.8293
28.3001
34.5279
45.5271
21.7441
18.5008
18.6851
23.9197
17.7004
25.7521
31.4806
29.6137
18.1322
27.8061
42.5288
20.2932
35.1369
7.07606
29.3982
21.8715
47.743
22.5954
35.847
32.5468
20.4822
28.9205
16.9635
44.3587
2.38727
39.3646
46.4704
25.9906
25.4245
17.041
34.2077
35.44
42.8139
45.0836
35.3901
45.0425
40.5333
39.9186
32.2727
24.8303
42.4597
17.1441
41.3087
25.0366
40.9243
32.4976
24.4441
36.2089
41.6415
24.8065
30.8976
28.5397
41.8573
18.4227
25.6463
21.3187
14.5763
19.0417
5.72086
32.2834
18.3974
32.5938
31.7927
32.4578
36.9821
24.9403
10.7207
6.72347
27.2548
37.1882
17.2248
28.5524
42.7342
32.3404
37.8125
35.0548
41.468
44.9689
15.2155
28.0275
21.0904
26.7825
34.2223
27.1483
16.5672
31.161
31.8661
25.2653
11.1748
45.4311
24.8313
33.8452
13.2013
13.2678
19.4771
35.3746
20.8772
20.8815
38.951
5.19024
26.3107
28.6897
34.9291
26.6803
38.5969
10.6449
32.1812
29.5193
40.511
27.9722
18.4065
41.0493
7.79532
13.8244
34.2763
8.82337
25.6604
49.1252
21.3156
28.0601
42.0705
30.6294
30.6172
43.1478
13.8226
24.3786
32.8654
18.5753
38.0231
39.4383
32.1217
43.7507
10.0574
24.642
31.929
30.6948
27.6199
24.5948
7.74925
19.986
20.709
32.5575
26.7005
27.3107
34.1666
31.6627
31.1633
26.7197
29.767
41.2406
28.5086
12.9934
17.624
18.9861
41.5141
44.8644
32.8065
40.162
38.5054
17.3887
34.5706
33.6009
27.0845
41.9735
21.3818
42.3975
22.6979
11.2236
25.1672
43.0262
41.9346
42.3927
29.8378
17.6526
31.2791
44.9202
41.921
39.0811
26.8924
33.89
19.7996
6.52388
22.9801
37.8448
21.0752
35.8716
13.7104
21.0452
47.909
33.9181
25.6778
29.7319
43.305
35.3829
17.9605
21.6099
42.5104
41.2998
3.52568
41.9749
12.3257
33.5385
38.2357
12.5937
34.2993
38.9033
36.4476
34.7368
34.9387
46.1024
15.2648
22.0123
43.4207
31.6472
31.3248
27.4648
21.8722
29.2849
32.4891
30.5915
38.277
43.6126
14.9665
42.7681
32.3288
27.0191
32.2021
23.5762
14.225
43.5917
0.794327
43.4236
10.9451
33.1105
20.4775
46.3458
40.6312
25.0195
38.0342
34.8003
32.1117
16.2875
30.8129
29.9579
31.3242
38.4877
37.2958
35.8279
20.438
16.3813
33.1414
29.3232
10.9977
34.7581
24.581
22.1963
24.8291
22.6237
35.8072
16.9166
21.7816
40.5407
38.7604
21.7323
47.7936
37.7408
22.7419
38.4762
31.2149
33.4375
24.1985
28.4752
34.2668
24.0138
47.7639
42.2969
46.1739
24.2299
36.6902
19.8392
30.0103
40.9921
27.0376
26.0225
47.0171
32.5996
27.0786
45.7916
22.3523
28.1978
8.89086
30.2141
34.8466
23.4718
32.4637
12.7827
24.953
46.6017
22.5648
8.79775
28.7052
39.5986
24.6836
34.1813
22.4937
48.6582
18.0106
25.6115
12.2971
32.6431
28.0045
31.3312
48.9254
23.6372
46.4131
32.1189
4.18218
17.0211
40.102
41.4093
25.0167
33.2537
18.1432
42.4869
27.7098
20.5663
28.2775
28.1532
18.4295
42.0891
34.5957
33.1409
49.3484
16.9582
12.7721
41.5483
6.55779
44.6574
37.5252
41.6812
17.832
39.8107
6.75001
43.8829
32.4335
32.6864
17.5128
29.1498
12.1979
26.6307
29.0567
28.4068
16.0242
34.699
34.6863
19.2937
30.122
27.3214
40.653
28.6663
31.3642
38.0549
34.5348
40.3352
19.2147
33.5868
13.4463
42.4015
21.9199
36.6426
12.7551
40.7972
30.4498
31.5042
43.0995
20.7263
34.0793
21.7933
30.7531
15.1187
33.3403
26.5818
4.75277
31.628
22.5033
42.849
5.13802
25.3672
36.7202
9.81677
39.0271
26.9981
15.5469
20.4771
32.5685
35.1207
41.4188
28.7344
7.13298
34.8467
20.865
14.0933
33.235
36.1569
48.1211
44.7844
43.8526
28.0265
44.3865
35.2099
33.5093
31.6123
19.865
35.9435
27.5544
19.1066
36.4851
44.5728
37.2994
12.7348
34.212
24.116
32.3484
32.8085
35.6655
32.7652
36.3546
28.4685
5.51547
38.8489
39.7966
39.7781
29.1231
25.8098
29.736
40.9073
29.2207
42.7592
16.7542
39.2539
25.5907
19.302
30.1086
23.2606
42.3931
44.515
42.541
44.4285
33.9764
9.53045
37.1937
25.2298
5.72278
37.9781
34.2928
23.3509
18.3785
34.7875
23.2901
27.8447
25.4989
32.909
45.0583
29.1288
27.2681
40.7827
47.4145
18.2245
20.344
31.5281
24.9409
43.9064
29.2616
33.4384
30.3506
41.8627
22.3405
31.8582
44.8887
29.943
41.9091
43.5164
41.9628
46.9623
4.53957
38.4617
46.2775
27.1064
35.7092
20.3631
17.235
42.932
12.5743
2.85699
32.2185
25.1613
42.6609
38.6788
31.7034
32.8158
36.3919
33.2546
34.024
5.69725
44.5578
46.2204
19.8613
29.9901
41.6606
20.7794
26.004
38.496
23.3516
27.2287
23.7926
39.7855
31.0879
40.5351
36.9348
21.7152
29.1298
4.66804
25.8045
25.273
26.7513
46.545
27.2999
23.5852
19.562
30.5735
25.8453
34.8705
12.2543
33.3933
28.347
14.0372
32.5495
27.99
38.976
43.0065
41.0879
22.0852
16.5676
25.675
37.2215
40.2299
24.1514
18.6638
40.6442
25.4654
29.9776
38.7655
25.4007
17.2466
32.5354
27.4128
3.53138
36.8968
24.3994
35.5822
40.8962
35.3376
39.3159
34.1937
25.7259
37.0482
24.8091
32.017
30.5577
26.5307
13.6106
28.0232
35.5286
46.8721
19.5946
3.32496
33.1335
31.6047
32.3322
14.0397
9.46897
35.0402
26.195
30.5285
33.6643
31.9949
8.59852
23.9272
39.119
23.7224
44.1633
33.2865
15.5929
29.7267
25.9692
1.45716
37.377
26.9781
41.6255
18.4415
26.527
32.1283
38.6848
36.2207
17.4638
31.6342
40.8037
25.5487
45.1438
37.218
25.5296
27.6567
3.35047
42.6911
33.2363
34.4284
4.8317
29.8539
27.6295
22.1504
11.1125
40.3726
38.0252
23.7605
7.77046
38.9483
33.7682
49.3027
32.4166
16.9311
25.9218
22.4869
38.8513
44.9614
43.7322
26.52
8.12788
36.5608
22.7717
28.0665
35.3182
31.9261
45.9608
14.0056
35.6919
34.4417
20.6957
48.7677
43.9961
22.2158
29.956
30.5642
32.6715
30.0005
24.3027
39.2349
40.4543
8.09603
36.0598
31.6843
38.4767
12.7012
20.3105
30.3794
19.5431
41.1202
29.8745
44.3367
8.53857
48.9048
28.7712
29.6857
33.6277
2.11762
39.0314
37.1075
21.7501
35.0359
38.7002
38.2271
18.5386
28.8044
39.7303
34.8861
22.076
31.7675
41.1803
23.1238
35.4245
9.92859
36.041
35.2018
35.7576
30.9997
32.5856
39.9432
33.5893
36.0822
36.1211
15.5593
40.1537
24.901
29.7788
46.8229
24.3389
42.5547
34.0685
14.4779
34.8896
31.4309
43.9879
34.8568
35.465
27.4588
21.3609
7.2164
25.7012
22.6284
34.2393
39.4857
39.5885
31.9775
28.7968
19.5102
18.5811
30.3374
38.0199
21.0179
44.0133
26.1408
36.7495
3.47016
34.5909
40.4088
31.5627
33.4489
33.7546
43.3537
34.8447
19.122
3.10375
4.37618
45.5219
13.8979
46.5141
44.5434
18.3638
12.6747
34.7498
12.4444
20.8292
16.7646
32.0181
32.0404
25.1572
11.7322
29.9715
40.388
45.0795
35.8009
39.2619
28.8333
38.0219
25.2079
10.0139
40.5885
41.14
