0
0
0
0
0
0
0
0
0
2.39015
1.25201
0
1.62507
0
0
0
0
0
0
0
0
0
0
2.76978
0
0
0
0
0.745299
0
0
0.645247
0
0
0
0
0
0
0
0
0
0.305989
0
0
0.318069
0
0
0
0
0
0
16.2043
0
0
0
5.25042
0
0
0
0
0
9.2434
0
0.578898
0
0
0
0
0.255192
0
0
0
0
0
0
0
0
0
2.04134
0
0
4.56224
0
0
0
0
0
0.955712
0
0
0
0
0
1.74889
0
0
0
0
0
0
0
0
0
0
0
0
0
0
0
0
0
0
0
1.72975
0
0
11.9486
0
0
0
0
0.76167
0
0
2.47705
0
0.260098
0.0827319
0
0
0
0
0
0
2.56739
0
0
0
0
0.757194
0
0.0320233
1.97827
0
0
0.0149613
0
0.538459
0
0
0
0
0
0
0.173395
0
0
0
0
0
4.85509e-05
0
0.0188524
0.141395
0
0
0
0
0
0
0.194147
0
0
0
0
0
0
0
0
0
0
0
0
0.69896
0
5.32678
0
0
0.127736
0
0
5.26801
0
0
0
0
0
0.552075
0
0
0
0
0
0
0.164744
0
0
0
0
0.136054
0
0
0
1.30762
0
0
0
0
4.30934
0
0
0
0
0
0.33349
0.102639
0
0
0
0.0886675
0
0
0.148331
0.580557
0
0
0
0.579489
1.74847
0
1.39071
0
0
0
0
0
0
0
0
0
0
0
0
0
0
0
0
38.9761
0
0
0
5.70291
11.4618
0
0
0
0
0
0
0.056364
0.567984
0
0
0
0.0955784
0
0.421841
0
0
0
0
0
0.606146
3.7836
0
0
1.18661
0
0
0.0465831
0
0
0
2.64718
0
0
0
0
2.29444
0
0
0
13.8687
0
0
0
0
1.25083
0
0
0
0
0
0.247256
0
1.04022
0
0
0
0
0
0
9.76003
0
0.0298274
0
0
0
0
0.0278863
0
0
0
0
0
0.0661357
0
0.762751
0
0.0147436
0
0
0
0
0
0
0
0
0
9.01891
0
0.56451
0.000858766
0
0.809425
0
0
0
0
1.02726
0
0
0
0
0
0
1.71129
15.0198
0
0
0
0
0
0
1.00176
0
0.203569
0
0
0.719904
0
1.36859
0.109463
0
0
0
0
0
0
0
0
0
0
0
0
0
0
0
0.660831
0
0
0.32259
0
0
0
0
1.39475
0
0
1.82676
0
0
0
0
0
0.181324
0
0
0
0
0
0
0
0
0
0
0
9.11706
0.926852
0
0
0
0
0
2.35757
1.92052
0
0
0
0
0
0
0
0
0
0
0.0681245
0
0
0
0
0
0
0.064679
0
0
0
0
0
0
0
0.60615
0
0
0
0
0
0
0
0
0
0.405485
0
1.2527
0.098237
0
0
0.101737
0
0
0
0
0.303207
0
0
0
0.00647243
0
0
0
0
0
0
0.0861071
0
0
0
0
0
0
0
0
0
0
0
0.567122
0
12.5385
0
0
0.240494
0
0
0
0
0
0
0
0
0
0
0
0
0.494335
0
0
0
0
0
0
0
0
0.319869
0
0
0
0
0
0
0
0
0.642661
0
0
0
0
0
0
0
0
0
0.0853091
0
0
0
0
0.848234
0
0
0.513328
2.40701
0
0
0
0
0
1.47372
0
0
0
0
0
0
0
0
0
0
0
0.190898
0
0
0
0
0
0
19.0879
0
0
0
0
0.082656
2.37321
0
0
0
0
0
0
0
3.67642
0
1.01791
0
0
0.33125
0
0
0
0
0
0
0
0
0
0
0
0
0
0
1.47115
0
4.15615
0
0
0.340725
0
0
0
0
2.05378
0
0
0
0
0
0
0
0
0
0
1.61461
0
0
0
0
0.0492809
0
0
0
0
0
0.29101
0
0
0
0
0
0
0
0
0
0
0.345245
0.185188
0
12.1258
0
0.982654
1.63265
0
0
0
1.83863
0
0
0
0
0
0
0
0
0.30964
1.0765
0.366153
0
0
0
23.985
0
0.116963
0
1.22132
0
3.22129
0
6.41689
0
0
0.0281011
0
0
0
0.235148
0
0
0
0
0
0.124311
0
0
0
0.284189
1.0932
0
0
0
19.5655
0
0
0
0.0465242
0
0.0401142
0
0.0341696
0
0
0
0
0
8.00297
0
0
0
0.703865
0
0
0
0
0
0.602759
0
0
0
0
0
0
0.108497
0
0
0
0
0.900655
0.880375
0
0
0
4.11014
0
0.0988693
0
0
0
0
0
0
5.12354
0
0
0
1.19937
0
0
0
0
2.87002
0.134561
0
0.0381942
0
0
0
0.141907
0
0
0
0
0
0
16.6994
1.25986
0
0
0
0
0
0
0
0
0
0.470511
0
0
0
0.0417991
1.33718
11.9207
0
0
0
0
0.176688
0
0
0
0
0
0
6.98646
0
0.128816
0
0
0
0
0
0.306719
0
0
0
0
0
0
0
0
0
0
0
0
0
0
0
0
0
0
0
0
0
0
0
0
0
0
0
0
4.56219
0
0
2.63969
0
0
0
0
0
0
0.0605675
0
0
0
0
0
0
11.2989
4.08066
0
0.546551
0
0.375729
0
0
0
0
0
0
0
0.480144
0
0
0
0
0
0
0
0
0
0.428687
0
0
0
0
0
0
0
1.96296
0
0
0
0.89456
0
0
0
0
0
0.252963
0
0
0
0
0
0
0
0
0
0
0
0
0
20.3366
0.371384
0
0
0
0
0.0146799
0
0.0900193
0
0
0
0
0
0
0.0861923
0
0
0
0
0
1.04917
6.98968
0
0
0
0.126533
0
0.282825
0
0
0
0
0
0
0
0
1.65122
0
0
0.416466
1.02926
0
0.806908
0
0.59584
0
0
0
0
0
0
0
0
0
0
0
0
15.5132
3.09567
0.495815
0
0
0
0
0
0.312401
0
0.405905
0
0
12.2228
0
0
0
0
0
0
0
0
0.0522523
0
0
0
0
0
0
0
0
0
0
0
0
0
0
0.319738
0
0.787234
0.763936
0
0.238182
0.840401
0
1.39018
0
0
1.58219
0
0
0
0
0.0594288
0
0
0
0
0
0
0
0.0173025
0
0
0
0
0.34882
0
0
0
0.51029
0
0
0
0
0
1.40982
0
0
0
0
0
0
0
0
0
0
0
0
0
0
1.40056
0
0
0
0
0
0
0
0
0
0
0
0
0
0.0843429
0
0
0
0
1.22778
0.0344868
0
0
0
0.0244542
0
0.0820044
0.256101
0
0
0
0
0.135715
0
0
0
0
0
0
0
0
0
0
0
0
0
0
0.620814
0
0
1.48671
0
0
0
0
0
0
0.402392
0
0
0
0.325713
0
0
5.48682
0
0
0
0
0
0
0
0
0
0
0
14.1981
2.0989
0
0
0
0
0
0
0
0
0
0
0
0
0
0
0
0
0
0
0
0
0
0
0
0
0
0
0
16.4684
0
0.985515
0
0
0
0
0.062468
0
0
0
0.323535
0.0850836
0.0916208
0
0
0
0
0
0
2.55907
0
0
0
0
0
0
0.300809
0
0
0
0
0
0
0
0
0
0
0
0
0
0.816534
0
0.0137125
0
0
0
0
0
0
0
0
0
0
0
0
0
0
0.159423
0
0
0.0857357
0
2.24014
0
0
0
0
0
1.45937
0
0
0
0
0
0
0
0
0
1.24748
0
0.926139
0
0
0
0
0
0
0.825943
0.496511
0
0
0
0
0.220244
0.66438
0.153556
0
0
11.442
0
3.96506
0
0.42657
0
0
0.0644425
0
1.7045
0
0.502883
0
0
0
0
0
0
0
0
0.0215101
0
0
0
0
0
0
0
2.17675
0
0
0
0
0
0.0414498
0
0.34152
0
8.32747
0
0
0
0
0
0
0
0
0
0
0
6.44743
0
0.903493
0
0
0.488049
0
0
0
0
0
0
0.0131888
0.0743945
0.169518
0
0
0
0
0.151945
4.63637
0
0
0
0
0
0
0
0
0.648629
0
0.0640468
0
0
0
0
0
0
0
0
0
0.0505954
0
0
0
0
0
0.291273
0
0
4.03311
0
0.226989
23.9628
0
0
0.221228
0.0279946
0
0
0
0.279927
0
0
0
0
0.38143
0
0.0836495
0
0.0971074
0.969521
0
0
0
0.0328126
0.668256
0
0.648593
0
0
5.8984
0
0
1.25407
0
0
0
0
0
0
0.0392148
0.0603732
0.100981
0
0
0
0
0
0
0
0
0.0867116
2.51704
1.76063
0
0
0
0
0
0
0
0
0
0
0
0
0
0
0
0
0
0
0
0
0
0
0
0
0.131083
0
0
0
0
0
0
0
0
0
0
0
0
0
0
0.895457
0
0
0
0
0
0
0
0
0
0
2.04992
0.722795
0.895439
0
0
0
0
0
0
0
0.387892
0
1.48229
0
0
0
0
0
0
0
0
0
0
0.334992
6.37728
0
0
0
3.6639
0
0
0.894367
0
0
0
0
0.0405799
0
0
0
0
0
0
0
0
0
0
0
0
0
0
0
0
24.0504
0
0
0.791301
0
0
0
0
0
2.44539
0
0
0
0
0
0
0
0
0
0
0
0
0.201033
0
0.38525
0.0746584
0.0241695
0
13.4344
0
0
0
0
0
0
0.672021
0
0.0739706
0
0
0.585015
0
0
0
0
0
0
0
0
0
0
0.0112969
0
0.396492
0
0
0
0
0
0
0
6.52864
0
0
2.11366
0
0
0
0.663075
0
0
0
0
0.425526
0.914897
0
0
0.51242
0
1.04008
1.37069
0
0
0
0
0.420054
0.033591
2.49519
0
0
0
0.128984
0
1.21941
0
0
0
0
0
0
0
0.614841
0
0
0
1.43233
1.35054
0
0
0
0.239629
0
0
0
0
19.3846
0
0
0.626574
0
0
0.251131
0
0
0
0
0
26.4732
0.748566
0
0
0
0
0
0
0
0
0
0.108632
0
0
0
0
0
0
0.194994
0
0
0
0
0
0
0
0
0
0
0
0
0
0.47094
0
0
0
0
0
0
7.39358
0
0.0730363
0
0
0
0.0485321
0
0.159855
0.364931
0
0
0
0.364311
0
0
0
1.57945
0
0
0
0
0
0
0
0
0
0
0
0
0
0
0
0
0
0
0
0.556825
0
0
0
0
0.142816
0
3.06983
0
0
0
0
0.0843176
5.84944
0
0
0
0
0
0
0
0.649009
0
0
0
0
0
0
0
0
0
0
0.265816
0
0
0
0
0.0857804
0
0
0
0
0
0
0.0816997
0
0
0
0
0
0
0
0
0
0
0
0
0.397455
0.0315959
0.304686
0
0
0.977063
0
0
0
0
0
0
0
2.61781
0
0
0
0
0
0
0
0
0
0
0
0.585276
0
0
0
0
0
0
0
0
0
0
0
0
0
0
0
0
0.162962
0
0
0
0
0
0
0
0
0
0
0
0
0
0
0
0
0
0
0
0
0
0
0.660184
0
0
0
0
0
0
0
0
0
0
0.205714
0
0.0740087
0.510102
0
0
0
0
0
0
0
0.488661
2.39614
0
0
0
0
0
0
0
0
0
1.65503
0
0.286089
0
0
0.711431
0
0
0
0
0
0
0
0.402675
0
0
0
0
0
0
0
0
0
0.509081
0
0
0
0
0
0
0
0
0
0
0
0
0
0
0
0
0
0
0
0
0
0
0
0
0
0
0
0
0
0
0
0
0
0
0
0
0.07323
0
0
0
0
0
0
0
0
0
0
0
0
0
0
0.313994
0.0680541
0
0
0
0
0
0
0.210437
0
0
0
0
0
0
0
0
1.2386
0
0
0
0
0
1.0805
21.4922
0
0
0
0
0
0
1.20672
0
0
0
0
0
0.105467
0
0
0
0
0.954367
0
0
0
0
0
0
0
0
0
0
0
0
0
0
0
0
0.882457
0
0
0
0
0
0
0
0
0
0
0.0582
0
0
0
0
0
0
0
1.65486
0
0
0
0
0.0665837
0
0
0
0
3.68996
0
0
0
0
0
2.26343
0
0
7.60551
0.279743
0
0
0
0
0
0
0
0
0
0.38208
0
0.0966653
0
0
0.177632
0
0.0498641
0
0
0
0
0
0
0
0
0
0.117046
0
0.0955211
1.61954
0
0
5.85089
0
0
0
0
0
0
0
0
0
2.95809
0
0
2.39808
0
0
0
0
0.507286
0
0
0
1.56358
0
0
0
0
0.0742358
0
0
0
0
0
0
0
0.339876
0
0
0
0
0
0
0
0
0
0
0
0
0
0
0.130392
0
0
0
0
0
0
0
0
1.25798
0
0
0
0.724077
0
0.146013
0
0
0
0
0
0
0
3.79512
0
0
0.332259
0
0
0
0
0
0.255706
0
0.271867
0
0
0.836432
1.40283
0
0
1.44176
0
0
0
0
0
1.02025
0
0
0
0
1.0858
0
0
0
0
0
2.70202
0
0
0
0.0837975
0
0.116579
0
0
0
0
1.92286
0
0
0
1.39161
0.0272045
0
0
0
0
0
0
0
1.66693
0
0
0
0
1.24814
0.116001
0
0
5.62941e-05
0
0
0
0
0
0.086622
0
0
0.828879
0
0
0
2.21149
0.688894
0
0
0
0
1.45581
0
0
0
0
0
0
0
0.053254
0
0
0
0
0.227007
0
0
0
0
0
0
0
0
0
0
0
0
0
0
0
0.743172
0
0
0
18.2886
0
0
0
0
0
0.00452274
0
0
0
0
0
0
6.52047
0
0
0
0
0
0
0
0
0
0
0.407542
2.8329
1.09364
0
0
0
0
0
24.9146
4.1903
0
0.188466
0.892507
0
0
0
0.0700311
0.162419
4.2562
0.794358
0
0
0
0
0
0
0
0
0
0
1.81058
0
0.497171
0
0.0760974
0
0
0.480162
0
0
0
0
0
0
0
0
0.0490003
1.18267
0
0
0
0
0
0.16254
0
0
0
0
0
0
0
0
0
0
0
0
0
0
0
0.114658
1.77521
2.1696
0
0
0
0
0
0.0762925
1.56405
0.477702
16.8463
0
0
0
0
0
2.12323
0
0
0
1.02076
0
0
0
0
0
0
0
0
0
0
0
0
0
0
0
0
0
0
0
0
0
0
0
0
0
0
0
0
0
0
0
1.48236
0.640198
0
0
0
0
0
0
0
0
0
0.175083
0
0
0
0
0
0
0
0
0
0
0
0
0
0
0.0295972
0
0
0
0
0
0.1985
0
0
27.6664
0.135493
0
0
0
0
0
0.0708692
0
0
0
16.427
0
0
0
0.275431
0
0
0
0.402436
0.0441662
0
0
0
0
0
0
0
0
25.3348
0
0
0
1.53277
0
0
0
0
0
0
0
0
0.186382
0
0
0
0
0
0
0
0
0.0635077
1.52346
0
0
0
0
0
0
0
9.72305
0
0
0.0977323
0.573968
0
0
0.738817
0
0
0
0
0
2.92825
0
0
0
0
0
0.433787
0
0
0
0
0
0
0
0
0
0
0
0.299157
0.151059
22.8978
2.81599
0
0
0
0.273566
0
0
0
0
0
0
0
0
0
0
0
0
0
0
0.228249
0
0
0
0
0
2.5945
0
1.14822
0
0
0
0
0
0
0
0
0
0
0
0
0
0
0.390824
0
0
0
0
0
0.225494
2.17373
0
0.111
0
0
0
0.0441212
0
0.0725068
0
1.08707
0
0
0
0.0479735
1.23869
0
0
0
0
0
0
0
0
0
0
0.0713484
0.205506
0
0
0.0607351
0
0
0
0
0
0
1.16543
0
0
0
0
0
0.228551
0
0
0
0
0
0.028369
0.104134
0
0
0.42902
0
0
0
0
0
0
0
0.142457
0
0.0438406
0
0
0.0883976
0
0
0
0
0
0.0120572
0
0
0
0
0.30416
0
0
0
0.314725
0
0
0
0
0
0
0.292998
0
0
0
0
0
15.1771
0.509817
0
0.817536
0
0
0
0
0
0
0
0
0.400402
0
0
1.94958
0
0
0
0
0
0
0
0
0
0.0267737
0
0
0
0
0
0
0
3.78354
0
1.34071
0
0
0
0
0
0
0
0
0
0
0.196624
0
0
9.76307
0
0
0
0
0
0
0.574792
0
0.30289
0
0
0
0
0
0
0
0
0
0
0
0
0
0
0
0.0710112
0
0
0
0
0
0
0
0
0
0
0
0
0.0983955
0
0.704743
0
0
0.675344
0
0
0
0
0
0.0851542
0
0
0
0
0
0
0
0
0
0
0
0
0
0.0118447
0
0
0
0.14435
0
0
0
0.227605
0
0
0
0
0
0
0
0
0
5.66397
1.88159
0
0
0
0
0
0
0
0.1528
0
0
0
0
0.8267
0
0
0
0
0
4.80433
0
0.0394284
2.68396
0
0
0
0
0
1.9282
0
0
0
0
0
0
0
0
0
0
2.28056
0
0.392562
0
0
0.0250834
4.57392
0.0290893
0
0
0
0.350693
0
0
0
0
0
0.365246
0
0
0
0
0.971494
0
0
0
0
0
0.26315
0
0.0243186
0
0
0.56909
0.254486
0
0
0
23.694
3.16756
0.145049
0
0
0
0
0
0
0
0
0
0
0
0
0
0
0
6.9887
0
0
0.0299836
0
0
0
0
0
0
0
0
0
0.162834
0
0
0.0249881
0
0
0
0
0
0
13.0326
0
0
0
0
0
0
0
0
0
0
0
0
0
5.73509
0
0
0.145721
0
0
0
0
0.139074
0.455527
0
0.292168
0
0.0906836
0
0.189838
0
0
0
0
0
0
0
0
0
0
0
0
0
0
0
0
0
0
0
0.286888
0
0
0
0
0
0
13.4162
0
0
0
0
0
0.0153033
0
0
0
0
0
0
0
29.8819
0
0
0
0
0
7.46029
20.7969
0
0
0
0.41849
0
0
0
0
0
0
0.0532934
0
0
0
0
0
0
0.487546
0
0
4.96452
0
0
0
0
0.0431971
0
0
0
0
0
0
0
0
0
0
0.0436624
0
0
0
0
0
0
0
0
0
0
0
0
0.086139
0
0
0
0
0
0
0.353282
0.777361
0
0
0
0
1.51204
0
1.31588
0
0.718083
0
0
0
0
0
0
0
0
0
0
18.5642
0
0
0.105598
0
0
0
0
0
0
0
0
1.51379
0
1.41053
0
0
0
0
0
0.255241
0
0
0
0
0
0
0
0
0
0
0.0354191
0
0.246509
5.34349
0
0.149473
1.2453
0
0
0
0
0
0
0
0
0
0
0
0
0
0
0
0
0.701134
0
0
0
0
0.10145
0
0
0
0.972237
0
0.991818
0.336804
0
0
0
0.106856
0
0
0
0
0
0
0
0
0
0
0
0.0370011
0
0
0
0
0.443873
0
0
0
0
0
0
0
0
0
0.240708
0
0
0
0
0
0
0
0
0.0172064
0
0
0.700197
0
0
0.472537
0
0
0
0
0
0
0
0
0
0
0
0
0
0
0
0
0
0
0
0.175884
0
0
1.95764
0
0
0.138433
0
0
0
0.199785
0
9.20011
0
0
0
0
1.20918
0.322528
0
0
0
0
0
0
0
0
0
0.511265
0
0
0
0
0
0
0.0811002
0
0
0
0
0
0
0
0
0
0
0
0
0
0
0.3471
0
0
0.0286071
0
0.5487
0
0.227032
13.1679
0.0186603
0
0
0.157063
0.743183
0.25612
0
0
0.571963
0
0
0
0
0.516048
0
0
0
0.159547
0.0571578
0
0
0.164967
0
0
0
0.0468576
0
0
0.274259
0
0
0
0.298603
0
0
0
0
0
0
0
0
0
0
0
0
15.6228
0
0
0
0.0280211
0
9.10161
4.31636
0.255258
0
0
0
0
0
0
0
0
0
0.0492195
1.2262
0
0
0.116845
0
0
0
0
0
0
0.187586
0
0
0
0.468271
0
0
0.0100076
0
0
0
0
0
0
0
0
0
0
0
0
0
1.09578
0
0
0
0
0
0
1.9945
0
0
0
0
0
0
14.9274
0
0
0
0
0.117954
0
0
0
0
0
0
0
0
0
1.84175
0
1.25491
1.06246
0
0
0
0.0800472
0
0
0
0
0
0.71215
0
0
0
0
0
0
0
0
0
0
0
0
0
0
0
0
0
0
0.0331853
0
0
0
0
0
0
0
0
0
0
0
0
0.134258
0.296783
0
0
0
0
0
0
0
0
0
0.400356
0
0
0
0.105844
0.416727
0
0
0
0
0.00600295
0
0
0
0
0
0.268522
18.451
0
0.0475246
4.565
0
0
0
0
0
0
0
0
0
0
0
0
0
0
0.375834
0
0
0
0
1.95766
0
0
3.59303
0
0
0
0
0
0
0
0
0
0
0
0
0
0
0
0
0
1.25335
0
0
2.02925
0
0.0427674
0
0
0
0
0
0
0
0
0
0.310376
0
0
29.1715
0
1.60633
0
0
0
0
0
1.90248
1.38827
0.658766
0
0
0
0
0
0.185543
0
0.205822
0.989616
0
0
0
0
0
0
0
0
0
0
0
5.28593
0
0
0
0
0
0
0.53721
0
0
0
0
0
0
0
0.053753
0
0
0
1.27408
0
0
0
0
0
0
0
0
0
0
0
0
0
0
0.0330472
0
0.265865
0
0
0
0
0
0
0.596017
0.452309
0.00315486
0
0.219363
0
0
0
0
0
0
0
0
0
0
0
0
0
0
0
0
0
0.127095
1.67782
0
0
0
0
0
0
0.202502
0
0
0
0
0
0
0
0
0
0
0
0
0
0
0
0
0
0
2.06589
0
7.106
0
0
0
0
0
0.083998
0
1.6581
0
0
0
0
0
1.75069
0.0523929
0
0
0
0
0
0
0
0.0392986
0
0
0
0
11.5057
16.6905
0
0
0
0
0
1.05011
0
0
0.158337
0
1.45549
0
0
0
0
0
0
0
0
23.9365
0
0.0462378
0.135982
0
0
0
0
0
0
0
0.592324
0
0
0
0
1.34824
0
0
0
0
0
0
0
0
0
0
0
0
0
0
0
0
0
0
0
0.119923
0
24.7025
0
0
0
0
0
0
0
0
0
0.24465
0
0
0
0
0
0
0
0
0
0
0
0
0
0
0
0.58903
0
0
0
0
0
0.426285
0
0.11865
0
0
0
0
4.39624
0
0
0
0
0.250379
0
0
0
0
0
0
0
0
0
0.571478
0.393616
0
0
0
0
0
0
0
0
0
0
0
0
0.444595
0
0
0.171532
0
0
0
0
0
0.270119
0
0.552252
0
0
0
2.14316
0.0738089
0
0
0
0
0
0
0
0
0
0
0
0
0
0
0.0147543
0
0
0
0
0
0.139598
0
0.046386
0
0
0
0
0
13.1861
0
0
0
0
0
0
0.0470311
0
0
0.0403119
0
0
0
0.665236
0
0
0
0
0
0
0.41798
0
0.792224
0
14.7622
0
0
0.120326
0
0
0
0
0
0
0
0
0
0
0
0.0717104
0
0
0
0.252019
0
0
0
0
2.05936
0
0
0
0
0.770288
0
0
0.0294803
0
0
0
0
0
0
0
0
0
0
0
0
0
0
0
0
0.0522741
0
0
0
0
0
0
0
0
0
0
0
0
0
0
0
0
0
0
0
0
0
0.355147
0
0
0.18198
1.37712
0
0
0
0
0
0
0.123717
0
0
0
0
0
0
0
0
0.606372
0
0.113165
0
0
0
0
0
0
0
0
0
0
0
0
0
0
0
0
0
0
0
0
0
2.61219
0
0
0
0
0
0
0
0
0
0
0
0
0
0
0
0
0
0
0
0
0
0
0.410019
0
0.132084
0
0
3.70864
4.95151
0
0.13866
0
0
0
0.815478
0
0
0
0
0.0543191
0.157111
0
0
0
0
0
0
0
0
0
0
0
0
0
0
0
0
0
0
0
0
0
0
0
0
0
0
0
0
0
0
0
2.24616
0.0179117
0.910137
0
0
0
6.80891
0.0713215
0
0
0
0
0
0
0
0
0
0
0
0
0
0
0.250476
0.1425
7.41276
0
0
0
0
0
0
0
0
18.6436
0
0
0
0
0
0
0.487967
0
0
0
0
0.0664363
0
0
0.616276
0
0
0.206511
0
1.11378
0
0
0
0.250037
0
0
0
0
0
0
0
0
0
0
0
0
0
0
1.01974
0
0
18.3118
0.751704
0
0
0
0
0.143501
0
0
0
0.00786905
0
0
0
0
0
0
0
0
1.01508
0.100979
0
0
0.25004
0
0.6312
0
1.58878
0
1.18575
6.07658
0.806904
0
0
0
0
0
0
0
0
0
3.18866
0
0
0
0
0
0
0
0
0
0.256507
0
0
0
0
0
0
0.0938357
0
0
0
0
0
10.43
0
0
0
0
0
0
0.892017
0
0
0.301253
0
0
0
1.15439
1.62186
0
0
0.136223
4.88162
0
0
0
0
3.68129
0
0
0
0
0
0
1.06728
0
0
0
0
0
0.0405338
0
0
0
0
0
0
0
0
0
0
0
1.94002
0
0
0
0
0.297098
0
0
0
0
0
0
0
0
0.0608878
0
0
0
0
0
0
0.0656937
0
0
0
0
0
0
0
1.06476
2.27185
0
0
0.112539
0
0
0
0
0
0
0.961294
0
0
0.442649
0
0
0.0553561
0
0
0
0
0.352164
0
0.0405409
0
0
0
0
14.9466
0
0
0
0
0
0
1.06377
0
0
0
0.155688
0
0
0
0
0
0
0
0
0
0
0
0
0
3.1662
0
0
0
0
0
0
0
0
0.289881
0
0
0
0
0
0
0
0
0
0
0
0
0
0.0455931
0.785596
0
0
0
0
0
1.21095
0
0
0
0
0
0
0
0.0275549
0
0
0
0
0
1.14401
3.55458
0
0
0.767323
0
0.0731108
0
0
0
0
2.29193
0
0.133886
0
0
0
0
0
0
0
0
0
0
0
0
0
0
0
0
0
2.09852
0
0
0
0
21.8951
0
0
0
0
0
0
0
0
0
0
0
0
0
0
0
0
0.605854
0
0
0
0
0
0
0.0945118
2.75574
0
0.166274
0
0
0
0
0
0
0
0.866339
1.95165
0.153318
0
0
0
0
0
0
0
0
0
0
0
0
0
0
24.7166
0
0
0
0
0
0
0
0
0
0
0
0
0
0
0
0
0
0
0
0.487073
0
0
0
0
0
0
0
0
0
0
0
0
0
0.204863
0
0.0677454
0
0
0
0
0.0431858
0
0
0.0723376
0
0
0
0
0
0
0
0
0
0
0
0
0
0
0
0.174708
0
0
0
0.108095
0
0
0
0
0
0.451656
0
0
0
0
0
0
0
0
0
0
0
0
0
1.4772
0
0
0
0
0
1.03045
0
0
0
1.39526
0
0
0
0
0.127203
0.00539062
0
0.534665
0
0
0
0
0
0
0
0
0
0
0
0
0.610673
0.233465
0
0.0374849
0
0.415092
0.114018
0
0
0
0
0
0
0
8.33957
0
0
0
0
0
0.690485
0.922822
0
0
0
1.15504
0
0
0.0476305
1.0253
0
0
28.184
0
0
0
0
0
0
0
0
0
0
0
0.564429
0.148426
15.3943
1.52033
0
0
0
0
0
0
0.00243026
0
0
0
0
0
1.36981
0
0
0
0
0
0
0
0
0
0
0
0
0
0
0
0
0
0
0
0
0
0
0
0
0
0
0
0
0
0
0
0
0
0
0
0.0296028
0.0458371
0
0.968838
0.0737711
0
0
0
0
3.61761
0
2.67119
0
0
0
2.90948
0
4.85609
7.77738
0
0
0
0.129344
0
0
0
0
0
0
0
0
0
0
0
0
0
0
0
0.0457398
0
0
0
0
0
0
0
0
0
0
0.0570223
0
13.7408
0
1.37226
0
0
0
0
0.0402978
0
0
0
0
0
0
0
0
0
0
0
0
0
0
0
0
0
0
0
0
0
0
1.3018
0
0.831891
0
0
0
0
0.256738
6.50108
0
0
0
0
0.714349
0.765349
0
15.4037
0
0
0
0
0
0
1.15211
0
0
0
0
0
0
0
0
0
0
0.522176
17.4203
0.17425
0
0
0
0
0
0.595827
0
0
0
0.0346455
0
0.106875
0
0
0.224595
0
0
0
0
0
0
0
0
0
0
0
0.54706
0
0
0
0
0
0.0606135
0.481024
0
0
0.152163
32.6456
0
0
0.599691
0
0
0
0
0
0
0.0979373
0
1.55581
0
0
0
0
0
0
0
0
0
0
0
0
0
0
0
4.07744
0
2.90868
0
0
0
0
0
0.753325
0.244842
0
0
0
12.8955
0
0
0
1.20411
0
0
0
0.3111
0
0
0
1.3551
0
0
0
0
0
0
0
0
0.638763
0.145436
0
0
0
0
0
0
0
0
0
0
0
0
0
0
0
0
0
0
0
0
0
0
0
0
0
0
0
0
0
0
0
0
0
0
0
0
0
0
0
0.0473162
0
0
0
0
0
0
0
0
0
0
0
0
0
0
0
0
0
0.416622
0.185121
0
0
0
0
0
0
0
2.19541
0
0
0
0.14142
8.0602
0
1.2166
3.71068
0
0
0
0.0787971
0
0
0
0
0
0.317498
0
0
0.0957019
0
0.0681713
0
0
0
0.163717
0
0
0
0
0
10.8439
2.16107
0.921933
0.358716
1.94276
0
0
0
0.0645136
0
0
0
0.388903
8.25566
0.0512313
0
28.7301
16.6607
0
0
0.132213
0
0
0
0
0.555455
0
0
0.401859
0
0
0
0
0
0
0
0
0
0
0
0
0
0
0
0
0
0
0
0
0
0
0
0
0
0
0
0
0
0
0
0
0
1.43804
0
0
0
0
0
0
0.316375
0
12.1047
0
0
0.0773326
0
0
0
0.216204
0
0
0
0
0
0
0
0
0.862857
1.06965
0
0
0
0
0.182792
0
0
0.320176
0
2.09944
0
0
0
0.304763
0
0
0
0.0730051
0
0
1.21112
0
0
0
0.0859635
0
0.215608
0
0
0
0
0
0
0
0
0
0
0
0.502615
0
0
0.201909
0
0
0
0
0
0
1.88219
0.0160989
0
0
0
0
0
0
0
0
0
0
0.0317858
0
0
0
0
0.013941
0
0
0
0
0
0
0.120381
0.715519
0
0
0
0.495668
0
0
0
0
0
1.21358
0
0
2.04431
0
0.365081
0
0.021269
0
0
0
0
0
0
0
0
0
0
0
0
0
2.36138
0
0
0.203717
0
0
0.0122003
0
0
0
0
0
0
0.0270508
0
0
0
7.73518
0
0
0
0
0
0
0
0
0
0
0.00768947
0
0
0
0
0
0.203506
0
0
0
0.300441
0
0
0
0.156511
0
0
0
0
0
0
0
0
0
0
0.018729
0
0
0
0
0
0
0
0
0
0
0
0
0
0
0.407718
0
2.14924
0
0
0
0
0
0
0
0
0
0
0
0.719043
0
0.458932
0
0.0560631
0
0
0
0
0.168785
0
0
0
0.0509133
0
0
0
0
0
0
0
0
0
0
2.04247
0.071885
0.00495872
0
0
0
0
0
0
0.019235
0.280115
2.49886
0
0
0
0
0
0
0.144154
2.75247
0
0
0.148453
0
0
0
0.0408434
0
0
0
0
0
0
0
0
0
0
0.927734
0
0
0
0
0
0
0
0
0
4.723
0.161669
0
0
0
0
0
0
0
0
0
0
0
0
0
0.0284481
0.361393
0
0
0
0
0.367005
0
0
1.70073
0
0
0.0638326
0
0
0
0
0
0
0
1.76859
0
0
0
0
0
0.262377
0
0
0
0
0
0
0
0
0
0
0.274934
27.0856
23.0359
0
0
0
0
0
0
0
0
0
0
0
0.0776162
0
0.426741
0
5.77327
0
0
0.0378941
0
0.634747
0
0
0.276647
0
0
0
0
0
0.0114133
0
0
0
0
0
0
0
3.21054
0
2.1358
0
0
0
0
2.78157
0
0
0
0
0.0497614
0
0
0
0
0
0
0.512175
0
18.7793
0
2.90869
0.0771618
0
0
0
0
0
0
0
0
0
4.98659
0
1.33974
2.20116
0
0
0
0
0.141323
0
0
0.14869
0
0
0
0
0
1.42631
0
0
0
0
0
0
0.316032
0
0
0.0634944
0
0
0
0.0602395
0.210425
0
0.0977887
0
0
0
0
0.134151
0
0
0
0.0951441
0
0
0
0
0
0
0
0
0
0
0
0
9.34213
0
0
0
4.4013
0
0
0
0
0
1.27072
0.489386
0
0
0
0
0
0
0
0
0
0
1.28009
0
0
0
0
0
0.0374327
0
0
0
0
1.31043
0
0
0
0
0
0
0
0
0
0
0
0
0
0
0
0
0
0.864256
0
0
0
0
0
0
0
1.54729
0
7.08709
0
0
0
0
0.256044
0
0
0
0
0
0
0
0.94375
0
2.47489
0.882915
0
0
0
0.0505126
0.0134996
0
0
0
0
0
0.207549
0
0
0
0
0.676079
0.427817
0
0
0.340493
0
0
0
0
0
0
0
0
0
0
0
0
0.116028
0
0
0.652772
0
0
0
0
0
0
0
0
0
0
0
0
0
0
28.7536
0.385367
0
0
0.00140103
0
0.21391
0
0
0
0
29.1573
0
0
0
0
0
0
0
0
0
0
0
0
2.95189
0
0
0
0
0
0
0
0
0
0
0
0
0
0
0
0
0
0
0
0
0
0
0
0
0
0
0.48563
0
0
0
0
0
0
0
0
0.167726
1.11599
0.360706
0
0
0
0
0
1.58222
0
0
0
0
0
1.96605
0
0
0
0
0
0
0
0
0.360853
0
0
0
0
0
0
0
0
0
0.000417488
0
0
0
0
0
0
0
1.50309
0.362919
0
0
0
0
0
0
0
0
0
0
0
0.174879
0
1.09572
0
2.6322
0
0
0
0
0
0
0
0
7.53573
0
0
0
0
0
0
0
1.12115
0
0.63029
0
0
0
0.332293
0
0
0
0
0
0
0
0
0
0
0.0562087
0.883164
0
0
0
0
0
0
0
0
0
0
0
0
0
0.30978
0
0
0
0.0652705
0
0
0
0
0
0
0
0.194626
0
0
0.174613
0
0
0
0
0.137749
0
0
0
0
0
0
0
0
0
0
0
0
0
0.58325
0.659099
0
0
0.185442
0.22373
0
0
0
0
0
0
0
0
0.751957
0
0
0
1.19585
0
0
0
0
0
0
1.28443
0.131176
0
0.156923
0
0
0
0
13.8661
0
0
0
0.219683
0.114694
0
0
0
0
0
0
1.08355
0.537302
0
0
0
0
0
0
2.4722
0.0372923
0
0
0
0
0.9008
0
0
0
0
0
0
0
0.0791523
0
0.224884
0
0
0
0
0
0
3.17268
0
0
0
0.41426
0
0
19.2369
0
0
0
0
0
0
0
0
0
0
0
0
0
0
0
0
1.0399
0
0
0
0
0.1665
0
0
3.10934
0.540832
0.822288
0.126023
0
0
0
0
21.7513
0
0
0.460696
0
0.131267
0.146331
1.87489
1.03105
0
0
0
0
0
0
0
0
0
0
0
0
0
0
0
0.827584
0
0.0238111
0
0.13571
0
0
22.2397
0
0
0
0
0
0
0
0
0
0
0
0
0
0
0
0.0542915
0
0
0
0
0.611016
0
0
0
0
13.149
0
0
0.118117
0
0
0
0
6.13829
0
0
0
0
0
0
0
0
0
0
6.69775
0
0
0
1.36509
0
0
0
0.195597
0
0
0
0
0
0
0
0
0.592383
0
0
0
0
0
0
0
0
0
0.274941
0
0
1.23739
0
0
0
0
0
0
0
0
0
0
0
0
0
0
0
0
0
0
0
0
0
0
0
8.57877
0
0
0
0.779893
0
0
0
0.116207
0.0514112
0
0.474795
0
0
0
0
0
1.79486
0
0
0
0
0
0
0
0
0
0
0
0
0
0
0
0
0
0
0
0
0.0318137
0
0.383447
0
0
0
3.09214
0
0
0
0
0
0
0
0
0
0
0
0
0.0107722
0.0795984
0
0.018928
0
0
0
0
0
0
0
0
0
0
0.0478947
0
0
0
0
0
7.32182
0
0
0
0
0
0
0
12.3059
0
0
0
0.163572
0
0
0
0
2.57472
0
0
0
0
0
0
0
0
0
0
0
0
0
0
0.165577
0.834523
0
0
0
0
0.502903
0
0
0
0
0
0
0
0
0
0
0
0
0
0
0
0
0.173782
0
0
0
0.23609
0
0
0
0.427881
0
0
0
0
0
0.104914
0
0
0
0
0.664964
1.8014
4.16898
0.348104
0
0
0
0
0
0
0.131117
0
0
0
0
0.441154
0
0
0.0578934
0
0
1.53484
0
0
0
0
0
0
0
0
0
0
0
0
0
22.152
0
0
0
0
0
0
0
0
0
0
0
0
0
0
0
0
0
0.460696
0
0
0
0
0
0
0
15.6279
0
0.261733
0
0
0
2.75415
0
0
0.0878782
0
0
0
0
0.724347
0
0
0
0
4.85587
0
0
0
0
1.0672
0
0
0
0
0.115507
0
0
0
0
0
0
0
0
0
0
0
0
0
0
0
0.349836
0
0
0
0
0
0.83542
0
0
0
0
0
0
0
0
0
0
0
0.804757
0.065303
0
0.040088
0
0
0
0
0
0
0
0
0
0
0
0
0
0
0
0
0
0.0520618
0
0
0
0
0
0
0
0
0
0.691783
0
0
0
0
0
0
0
0
0
0
0
0
0.0249895
0
0
0
0
0
0
0
0.137209
0
0
0.455386
0.0633073
0
0
0
0
0
0.0472919
0
0
0
0
2.39024
0
0.750067
0.0604215
0
0
0
0
0
0
0
0
0
0
0
0
0
0
0
0
0
0
0
0
0
0
0
0.265599
0
0
0
13.9263
0
8.51188
0
0
0
11.0964
0
0
0
0
0
0
0
0
0
0
0
0
0
0
0
0
36.8298
0
0
1.32244
0
0.386559
0
0
0
0
0
0
12.5646
0
0
4.10677
0.0745918
10.4317
0
0
0
0.26551
0
0
0
0
0
0
0
0.228796
0
0.44553
0
0
0
0
0
0.126442
0
0
0
0.188022
0
0
0
0
0.241075
0
5.61397
0
0.59893
0
0
0.0799054
0
0.226202
0
0
0
0.230042
0
0.971058
0
0
0
0.0401844
0
0
0
0
0.0682739
0
0
0
0
0
0
0
0
0
0
0
0
0
0
6.901
0
0
1.32523
0
0
0
0
0
0
1.41053
0
0
0
0
0
0
0
0
0
0
0.860327
0.264641
12.9811
0
0
0
0
0
0
0
0
0
0
0.0208011
0
0
0
2.37234
0
0
0.00200824
0
0
0
0
0
0
0
0
0
0.595778
0
0
2.00935
0
0
0
0
0
0
0
7.93777
0
0.0672835
0
0
0.0124053
0
0
0
0
0.0378528
0.508688
0
2.35588
0
0.308017
0
0
0
0
0
0
0
0
0
0
0
0
0
0
0
0
0
0
0
2.06746
0
0
0
0
1.47561
0
0
0
0.616187
0
0
0
0
0
0.665366
0
0
0
0
0.914633
0
0.286344
0
0
0
0
0
0
0
0
0
0.0656142
0
0
0
0
7.49094
0
0
0
0
0
0
0
0
2.14743
0.0871682
0
0
0
0
0
0
0
0
0
0
0
0
0
0
0
0
0
0.161801
0
0
0
0.0989989
0
0
0
0
0
0
1.8257
0
0.807643
0.0797585
0
0
0
0.950014
0
0.0282501
0
0
0
0
0
0
0
0
2.96319
0
0
0.867932
0.217529
0
0
0
0
0
1.40502
0.325057
0
0
0.977574
0
0
0
0
0
0
15.3912
0.110791
0.266962
0
16.5725
0
0
0
0.771881
0
0
0.477416
0
0
0
0
0
0.23592
0
0
0
0
0
0
0
0
0
0.133492
0
0
0
0
0
0
0
0.191271
0
0
0
0
0
0.511738
0.721704
0
0
0.0529628
0.260968
0
0
0
0
0
0
0
0
0
0
0
0
0
0
0
0
0
0
0
0.306419
0
0
0
0
0
0
0
0
0
0.541374
0
0
0
0
0
0
0
7.14085
0
0
0
0
0
0
0
0
0.395568
0
0
0
0
0
0
0
0
0.304843
11.3794
0
0
0
0
0
1.11308
0
0.027179
0
0
1.44098
0
0
0
0
0
0
0
0
0
0
0
0
0
0
0
0
0
0
0
0
0
0
0
0
0.701031
0
0
0
0
1.6082
0
0
0
0
0
0
0
0
0
0
0
0
0
0.0657407
0
0
0
0
0
0
0.111172
0
0
0.315201
0
0
0
0
0
0
0
0.401374
0
0
0
0
0
0
0
2.58252
0
0
0
0.122164
0.188198
0
0
0
0
0
0.136496
0
0
0
0
0
0
0
0
0
2.93576
0.420726
0
0
0
0
0.860139
0
0
0.0197257
0.131659
0
0.0967968
15.8627
0
0.276601
0
0.194139
0
0
0
0
0
0
0
0
0
0
0
0
0
0
0
0
0
0
0
0
0
2.48567
0
0
0
0.0215525
0
0
0
0
0.158331
0
0
0
0
0
0
0
0.15554
0
0
0
18.9539
0.211602
0
0
0
0
0
0
0.559943
0
0
0
0
0
0
0
0
1.04745
0
0
0
0
0
0
0
0
0
0
0
0
0
0
0
0
0
0
0
0.0787794
0
0
0
0
0
0
0
0
13.5429
0
0
0
0
0
0
0
0
0
0
0
0
0
0
0
0.158194
0
0.233944
0
0
0
0
0
0
0
0
0
0
0.0141101
0
1.50945
0
0
0
0.322104
0
0
0
0
0
0
0
0
0
0
0.443322
0
0
0
0
0
2.22011
0
0
0
0
0
0
2.30666
0
0
0
0
0
0
0
0
0.199046
0
0
0
0
0
0
0
0
0.0957386
0.109993
0
0
0
1.44462
0
0
0
0
0
0
0
0
0.356241
0
0
3.24967
0
0
0
0
0
0
0
0.748282
0
0
0
0
1.04076
0
0
0
0
0
2.49047
0
0
6.64239
0
0
0
0
0
0
0
0
0.17714
0
0
0
0
0
0
0
0.276301
0
0
0
1.53296
0
0
0
0
1.81157
0
0
0.0434387
0
0
0
0
0
0
0.158408
0
0
0
0.0685364
0
0
0
0
0
0
0
0.0631044
0
0
0
0
0
0.268228
0.0646426
0
0
22.2241
0
0
0
2.15969
0
0.149781
0
0
0
0
6.94609
0
0
0
0
7.67755
0
0
0
0
0
0
0
0
0
0
0.29935
0
0
0
0.150298
0
0
0
0
0
0
0.0999192
0
0
0
0
0
0
0.200086
0
0.0167527
0
0
0
0
0
0
0
0.470307
0
0
0
0
0.0144649
1.88302
0
0
0
0
0
0
0
0
0
0
0
0
0
0
0
0
0
0
0.964713
0
0.360882
0
0
0
0
1.45445
0
0
0
0
0
0
0
0
0
0
0
0
0
0
0
0
0
0
0
0
0
0
0
0
0
0
0
0
6.19328
0.0394733
0.116847
0
0
0
0
0
0
0
0
0
0
0
0
0
0
1.32878
0
0
0
0
0
0
0
0
0.168687
0
0
0.888785
9.23512
0
4.74067
0
0
0
0
0
0
0
0
0
0
0
0
0
0
0
0
0
0
0
0
0
0
0
0
0
0
0
0
1.3658
0
0
0
0
0
0.121012
0
0
1.03091
0
0
0
0
0
0
22.5887
0.654513
9.50652
0
0
0
0
0
0.21209
0
0
0
0
0.269809
0
0
0
0
0
0
0
0
1.43076
0
0
0
0
0
0
0
0
21.4825
0
0.0798162
2.10801
0
0
0
0
0.360998
0
0
0
0
0.0252071
0
0
0
0
0
0
0.195876
0
0
0
0
0
0
2.00914
0
0
0
0.171783
0.0716622
0
0.282432
0.161477
0
0
0
0
1.14751
0
0
0
0
0
0
0
0
0
0.86254
0
0.535834
0
0
0.0617368
0.784689
0
0
0
0
0
0.0382216
0
0
0
0
0
0
0
0
0
10.4107
0
0.406887
0
0
0
0
22.9835
0
0
0
0
0
0
0
0
0
0
0
0
0
0
0
0
0
0
0
0.247544
0
0
0
0
0
0
0
0
0
0
0
0
0.182856
0
0
0
0
0
0
0
0
0
1.24605
0
0
0
0
0
0
0
0
0
0.197533
0.666299
0
0
0
0
0
0
0
0.383596
0
0
0
0.090603
0
0
1.10798
1.4861
0
0
1.2391
0
0
0
3.78715
0
0
0
0
0
0
0
0
0
0
0
0
2.28524
0
0
0
0
0
0
0
0
0
0
0
0
0
0
0
0
28.6534
0.64269
0
0
0
0
0
0
0.041344
0
0
0
0.00197518
0
0
0
0
0
0
0
0
0
0
0
0.0278433
1.07535
0
0.676873
0
0.259929
0
0
7.04084
0.0170978
0
0
0
0
0.166269
0
0
0
0
0
0
1.56742
0
0.319484
0
0
0
0
0
0
0
0
0.0387445
0
0
0
0
0.140601
0
0
0.036128
0
0
0
0
0
0
0
0
0
0
0
0
0
0
0
0
1.03602
0
0
1.45522
0
0
0
0
0
0
0
0
0
0
0.016044
0
0
0
0
0
0.224534
0
0
0
0
0
0
0
0
1.10423
0
0
0
0
0
0
0
0
0
0
0.997178
0
0
0
0
0.0251045
0
0
0
0.591931
0
0
0
0
0
0
0
0
0.480433
0
0
0
0
1.21541
0
0.956444
0
0
0
0
0
0
0
0
0
0
0
0
0
0.0624479
0
0
0.234971
0
0
0
0
0.818979
0
0
0
0
0
0
0
0.8402
0
0.165924
2.16444
0
0
0
0
0
0
0
0
0
0
0
0
0
0.318452
0.55593
0
0
0
0
0
1.35664
0
0
0
0.0686092
18.8783
0
0
0.0822491
0.480127
0
0
0
0
0
0
0
0
0
0
0
0
0
0
0
0
0.349256
0
0
0
0
0
0
0
0
0
0
0
0
0
0.00477606
0
0
0
0
0
0
0
0
0
0.385699
0
0
0
0
0.0666774
0
0
0
0
0.776828
0
0.0672945
0.0771351
0
0
1.48499
0
0
0
0.287169
0.538434
0.664605
0
0.0837332
0
0
0.720944
0.0902901
0
0
0
0
0
0
0
0
0
0
0
0
0
0
0.0827597
0
0
0
0
0
0.205245
0
0
11.0757
0
0
0
0
0
0
1.60423
2.16182
0
0
0.321845
0.486029
0
0.11716
0
0.635326
0
3.79946
0
0
0
0
0
0
0
0
0
0
1.48375
0
1.08183
0
0.770523
0
0
0
0
0.0501743
0.603415
20.1361
0
0
0
0.438181
0
0
1.74159
0
0
2.38997
0.0745883
0
0
0
0
0
0
0
0
0.843418
0
0
0
3.71889
1.18191
0
0
0
0
0.522846
0
0
0
0
0
0.460657
0
0
0
0
0
0
0
0
0
0
0
0.0668687
0.977741
0
0
0
0
0
0
0
0
0
0
0
0
0
0
0.411291
0.147535
0
0
0
0
0.304611
0
0
1.00941
0
0
0
0
0
0
0
0
0
0
1.42463
0
0
0
0
0
0.275247
0
3.90978
0
0
0.233739
0
0
0
0
0
0
0
0
0
0
0.0138138
0
0
0
0
0
0
0
0
0
0.187056
0
10.9155
0
0
19.3211
0
0
17.6165
0
0
0
0
1.03095
0
0
0
0
0.706911
18.4836
0.128133
0.0328092
0
0
0
0
1.31676
0
0
0
0
9.1365
4.00973
0
0
0
0.0509116
0
0
0
0
0
0
0
0
0
0
2.01758
0
0
0
0
5.00173
0
2.59802
0
0
0
0
0
0
0
0.0306566
0
0
0.44857
0.0645547
0
0
0
2.28144
0
0
0
0
0
0.0254425
0
0
0
0
0
0
0
0
0.0386955
0
0
0
0
0
0
1.30171
0
0
0
0.0988896
0.0787885
0
0
0
0
0.460696
0
0
0
0
0
0
0
0.0102931
0
0
1.16657
0
0
24.7662
0
0.0804874
0
0
0
0
0
16.2641
0.634182
0.0520103
0
0
0
0
0.331709
0
0
0
0
0
0.0852576
0
0
0
0
3.41956
0.507889
0
0
0
0
0
0
0
1.09887
0
0
0.0441427
0
0
0
0
2.19688
0
0
0
0
0
0
0.0139744
0
0
0
0.165066
0
0
0
1.18844
0
0
0
0
0
0
0
0
0
0.639265
0
0
0
0
0
25.4507
0
0
0
0
0
0
0
0
0
0
0
0
0.0211683
0
0
0
4.6364
0
0
0
0
1.04638
0
1.81231
0
0
0
0
0
0
0
0
0
0
0.15519
0
0
0
0
0
0
0
0
0
0.633128
0.0363124
0
0
0
0
0.224885
0
0
0
0
0
0
0.0546874
0
0
0
0
0
0
0
0
0
0.466543
0
0
0
0
0
0
0
0
0
0.0868034
0.526265
0
0
0
0
0
0
1.14529
0
0
0
0
0
0
0.600455
0.231993
0
0
0.0827507
0
0
0
0
0.239915
1.27372
0
0
0
0
0
0.897047
0.274741
0
0
0
0
0
0.217759
0
0
0.140988
0
0.935475
0
0.121989
0
0
0
0
0
0
0.00168416
0
0
0
0
0
0
0
0.723082
0
0
0.0172942
0
0.614872
0.102036
0
0
0
0
0
0
0
0
0
0
0.0313201
0.124505
4.08276
0
0
0.157224
0
0
0
0.149093
0
0
0
0
0
0
0
0
0.596802
3.68299
0
0
0
0
0
0
0
0
0
0
0
0
0.595659
0
0
0
0
0
0
0
0
0.244152
2.71057
0
0
0
28.702
0
0
0
0
0
1.52404
0
0
0
0
0
0
0.00370079
2.85974
0
0
0.535324
0
0
0.207779
0
0
0
1.52
0
0
0
0
0.224674
0
0
0
0.0329919
0
0
0
0
0
0
0
0
0
8.9486
0
0
0
0
0
0
0
0.706682
0
0
0
0
0
0
0
0
0
0
0.0651614
0
0
0
0
0
0.865127
0
0
0
0
0
0
0
19.2915
0
0
0
0
1.15442
0
0
0
0
0
0
0
0
0
0.0660986
0
0
0
0
0.222844
0
0
0
0
0
0
0
0
0
0
0
1.93797
0
0
0
0
0
0
0
0
0
1.30896
0
0
0.605494
0.108996
0
0
0
0
0
0
2.01139
0
0
0
0
0
0
0.567828
0
0
0
0
19.4222
1.82818
0
0
0
0
0
0
0
1.16714
0
0
0
0
0
0
0
3.26462
0
0
0
1.75332
0
0
0
0
0
0
24.1119
0
0
0
0
0
0.601635
0
0.0199405
0
0
0
0
0
0.625501
0.862213
0
0
0
0
0
0.015419
0.29594
0.312845
0
0
0
0
0
0.158386
0
0
0
22.1157
0
0
0
0
2.03759
0
0
0.140832
0
0
0.465395
0
0.316253
0
0
0
0
0.123717
0
0
0.182574
0
0.0328331
0
0
0
0
0.935745
0
0
0
0
1.51466
0
0
0
0
0
0
0
0
0
0
0
0
0
0
0
0
0
0
3.18189
0
0
0
0
0
0.0353024
0
0
1.4306
0
0.00580432
0
0
0
0
0
0.0494166
0
0
7.624
0
0
0.30938
0
0
0
0.193285
0
0
0
0
0
0
0
0
0
0.0267143
0
0
0
0
0.0216234
0
0
0
0
0
0
0
0
0
0
0
0
0
1.38271
0
0
0
0
0
0.825176
0
0.226654
0
0
0
0.209659
0
0
0
0
0
0
0
1.36167
0
0
0
0
0
0
0
0
0
0
0
6.49437
0.412658
0
0
0
0.127651
0
0
0
0
0
0
0
0
0
0
0
0
0
0
0
0
0
0
0.306592
0
0
0
0
0
2.24615
0.915755
0
0
0
0.584856
0
2.26285
1.55723
0
0
0
0
0
0
0
0
0.311154
0
1.33989
0
0
0
0
0
0
0
1.56316
0
0.751647
0.465314
0.0348177
0
0
0
0
0
0
0
0
0.793006
0
0
0.440221
0
0
0
0
0
0
0
0
0.456113
0
0
0
0
0
29.5227
0
0
0
0
0
0
0
0
0
0
0
0
0.0863497
5.93374
0
0
0
0
0
0.0267706
0
0
0.706686
0
0
0
0
0
0
0
0
0
0
0
0.0698733
0.0916024
0
4.66081
0
0.502965
0
0
0
0
0
0
0.0247887
0
0
3.8567
0
0.413567
0
6.45704
0
0.0342123
0
0
2.51675
0
0.340395
0
0
0
0
25.4226
0.0420072
0
0
0
0
0
6.42682
0
0
0
0
0
0
1.18779
0
0
0
0
0
5.28885
0
0
0
0
0
0
0
0
0
0
0
0
0.812519
0
0
0
0
0
0
0
0
0
14.954
0
0
0
0
0
0
0
0
0
0
0
0
2.11446
0
0
0
0
0
0
0.767798
0
0.832755
0
0
0
0
0
0
0
0
0
0
0
0
0
4.0744
0
0
0
0
0
0
0
0
0.375903
0
0
0
0
0
0
0
0
0
0
0
0
0
0
0
0
0
0
0
0
0
0
0.128393
0
0
1.41053
0
0
0
0
0
0
0
0
0
0
0
0
0
0
0
0
0
0
0
0
0
0
0
0
0
0
0
0
0
0
0
0
0.827858
0
0
0
0.1888
0
0
0
0
0
0
0
0
0
0
0
0
0
1.10443
0
3.1057
0.194912
0
0.448205
0
0
0
0
0
0
11.1253
0
0
0
0
0
0
0
0
0
0.237039
0
0
0
0.18796
2.18561
0
0
0
0
0
0
1.98161
0.943753
0
0.368245
0
0.124281
0
0
0.04295
0
0
0.0524053
0
0
0
0
0.454495
0
0.56238
0.137878
0
0
0
0
0
0
0
0
0
0
0
0
0
0
0
0.363785
0
0
0
0.793487
0
0
0
0
0
0
0
0
0
0
2.65609
2.41388
0
0
0.109298
0
0.764693
0
0
0
0
0
0
0
0
0
0
0
0
0
0
0
0
0
0.0621131
0
0
0
0
0.941686
0
0
0.201026
1.1972
0.408835
0
0
0
0
0.65559
0
0
0
10.5311
0
0
0
1.66419
0
0
0
0
0
0
0
0.0655377
0
0
0
4.5822
0
0
0
0
0
0
0
0
0
0
0
0
0
4.15876
2.44067
0
0
0
0
0
0
0
1.22269
0
0
0
0.876943
0.214019
0
0
0
0.181707
0
0
0.368074
0
0
0
0
0
0
0
0
0
0
0
0.260431
0
0
0
0
0
0
0
0.129196
0
0.966687
0
0
0
0
0
0
0
0
0
0
0
0
0
0
0
0.0860015
0
0
0
0
0
0
0
0
0
0
0
0
0
0
15.9067
0
0.612551
0
0
0
1.51662
0
0
0.546445
0
0
0.0858677
0
0
0
0
0.0431659
0.16252
0
0
0
1.29166
0
0
0
0
0
0
0
0
0
0.841756
0
0.0369631
0
0
0
0
0
1.10214
0
0
0
0
0
0
0.325573
0
0
0
0
0
0
0.0328766
0
0
0
0.228607
0
0
0
0
0
0
0
0
0.152159
0
3.14447
0
0
0
0
0
0
0
0
0.0942007
29.5366
0
1.41131
0
0
0
0
0
0
0
0
0
0
0
0
0
0
0
6.22649
0
0
0
0
0.603062
0
0
0
0
0
0
0
0
2.82956
0
0
0
0
0
0
0
0
0
0
0
3.55983
0
0
0
0
0
0
0
0.506295
0
11.304
0
0
0
0
6.73468
0
0
0
0
0
0.192819
0
0
0.99103
0
26.9946
0
0.775485
0
0
0
0
0
0
0.597159
0
0
30.0355
0
0
0
0
0
0
0
0
0
0
0
0
0
0
0
2.56283
0
0
0
0
0
0
0
0
0.752318
0
0
0
0
0
0
0
0
2.44408
0.0889117
0
0
0
0
0
0
0
0
0
0
0
0
0.247312
0
0
0
0
0.149016
0.29064
0
0
0
0
0
0
0.368761
0
0
1.10911
0
0
0
1.76587
0
0
0.719712
0
0
0
0
0
0
0
0
0
0
0
0
0
0
0
0
0
0
0
0
0
0
0
0.021841
0.118961
0
0
0
0
0
0
0
0
0
0
0
0
0
0
0
0
0
0
0
0.786467
0
0
0
0
0
0.0722345
0
0
0
0.598556
0
0
0
0.0866084
0
0
0
1.52602
0
0
0
0.0659958
0
0.329158
0
0
0
0
0.166558
0
0
0
0.301081
0
0
0
0
0
24.9181
0
0
0
0
0
0.0971304
0
0
0.0971348
0.13124
2.25295
0
5.8436
0
0
0
0
0
0
0
0
0
0
0
0
0
10.9502
0
0.628808
0
0
0
0
0
0
0
0
0
0
0
0
0.816238
0
1.10321
0
0
0
0
0
0
0
0
0
0.915347
0
0
0
0
0
0
0
0
0
0
3.43527
0
0
0
0
0
2.15269
0
0.478767
0
0
0
0.315785
0.242533
0
0
0
0.34337
1.62213
0.418406
0
0
0.744639
0
0.146842
0
0
1.81602
0
0
0
0
0
0
0
0
0.106016
1.35139
0
0
0
0
0.139521
0
0
17.3473
0
0
0
0
0
0
0
0
0
0
0
0
0
0
0
0
0
0.888151
0
0
0
0
0
0
0.123394
0
0
0
0
0
0
0.095653
0
1.64785
0
0
0
1.84731
3.02547
0
0
0
0
0
0
0.311092
0
0
0
0
0
26.2906
0
0
0
0
0
0
0
24.7088
1.34268
0
0
0.0513556
0
0
0
0
0
0
0
0
0
0
0
0
0
0
0
0
0
0
0
0
0
0
0
0
0
0.830472
0
0
0.161736
0
0
0
0
0
0
0
23.7637
0.724485
0
