43.1334
41.6631
17.7351
41.5659
48.7609
42.2404
41.6985
40.3951
43.5423
42.8211
38.908
23.4183
43.0616
27.5725
40.9098
31.6107
32.9258
47.4016
36.7316
23.7705
26.6571
43.9591
41.1933
39.6638
45.9645
45.886
40.6004
42.2897
32.4777
41.4498
44.291
37.0114
35.3804
43.9528
48.4033
34.6395
30.3593
37.2036
43.9105
42.4953
46.8409
23.9893
33.8503
49.0335
43.165
30.7568
41.3304
41.7325
37.5306
25.6572
32.0733
40.8505
36.8494
43.5669
48.5398
42.8829
22.3597
42.6081
46.8575
41.1768
47.4212
49.0206
32.9133
41.2325
31.3991
36.2649
34.6838
33.264
39.5169
45.9419
42.4643
44.7363
43.3476
24.2096
46.6943
38.0973
38.6944
41.1781
41.9296
41.3645
36.1707
46.7112
47.3769
37.1993
34.9917
43.4639
48.2672
31.8226
46.8948
49
42.6049
47.6106
37.7987
40.9749
44.942
33.6546
19.1256
43.4064
45.7623
35.8325
47.9809
29.9594
38.6942
44.1042
45.2649
41.8511
36.3046
48.6858
48.7192
41.3241
39.569
27.9079
40.3777
46.1256
36.2132
47.9464
37.9843
43.2112
47.3938
49.6119
31.1847
50.2833
37.7882
44.8861
33.3537
35.5226
40.3704
48.3899
37.0366
36.7684
36.2346
48.4548
39.5355
37.2485
44.8301
23.7734
41.1267
25.8915
11.3273
41.8223
30.8281
34.2663
32.37
50.0559
40.6163
44.0651
26.3025
47.2773
31.2475
45.3859
33.4784
27.8709
43.6884
44.6553
44.7192
38.0106
51.4893
27.1403
45.1235
35.0333
48.2026
35.0183
44.4046
39.035
29.3658
48.1154
32.7311
46.9818
38.378
38.9863
29.0406
45.7847
45.9289
17.578
37.9026
41.8379
31.4904
32.4884
43.0313
41.6296
42.1953
16.481
33.0281
38.721
50.3136
35.0081
39.5603
41.9704
47.391
34.4463
37.4232
46.6362
40.6345
35.2785
41.8043
43.5107
38.002
31.2606
40.8881
48.1126
42.0092
39.8263
33.7206
43.4761
43.5391
45.0809
51.9924
47.8971
43.9482
27.798
44.7499
27.4931
40.4297
32.0426
39.6302
38.1868
44.1257
43.143
30.4149
47.386
41.5688
43.3582
39.1762
33.1305
31.0553
27.9084
44.8091
23.6648
26.0513
33.8541
39.3158
40.3765
34.2907
28.5691
39.3853
49.5184
46.5328
35.7978
29.3411
46.6769
35.8273
37.6096
40.6081
40.0043
43.6492
38.3733
35.287
44.6259
45.6338
33.968
41.3795
50.1787
32.9048
41.6596
49.1856
45.85
46.0946
50.5214
40.56
29.7342
39.5601
41.1768
39.0182
45.8016
39.2285
37.2099
35.8806
36.3891
48.6766
40.6789
47.9059
41.5549
45.7858
43.0898
22.0381
40.2028
51.7797
44.7088
49.6481
21.3707
30.8628
40.8875
43.5274
37.1763
44.7496
40.6772
37.035
39.5459
47.3165
36.5974
36.972
43.6185
33.947
42.6435
48.1331
33.0112
27.5667
37.8389
39.0922
38.274
44.3336
43.3232
45.1731
43.6536
44.6308
31.195
45.1238
35.8988
43.987
27.9177
39.2559
49.524
44.8853
28.8057
48.2118
44.4818
45.792
41.1735
26.747
35.119
39.3214
41.5476
42.885
43.4843
38.6817
34.0584
15.1113
22.9778
34.6889
44.8902
24.3479
36.6537
44.9015
32.5756
46.3154
36.6583
46.1345
30.9663
41.4032
37.0443
42.3138
47.6212
46.1432
30.615
38.2933
34.3335
45.5456
35.4861
32.5923
28.9917
33.8751
33.6893
39.2236
41.0623
48.4251
41.529
45.8514
37.6384
35.8589
44.5916
41.1296
27.608
38.9698
39.8915
43.7877
41.2333
43.5624
46.177
16.751
44.3325
31.5379
42.7797
22.8143
20.2746
42.6054
30.1312
43.2645
41.4759
45.2976
34.6349
27.9591
46.4878
51.0891
41.6498
37.2309
45.2956
49.5333
44.6205
47.7054
45.3005
38.1088
49.381
41.3276
47.5482
43.4389
29.9607
47.5355
37.4258
44.5423
35.0848
44.5601
49.5337
49.2934
48.62
46.0257
45.3954
32.6062
50.9085
35.0768
21.5611
40.1102
45.6487
39.6596
46.1695
48.4032
38.166
47.9942
49.5723
46.9963
40.4867
38.8303
45.9833
33.6011
47.1695
40.5782
42.7428
44.8757
48.1141
45.4293
50.0455
24.5656
37.8798
35.6081
33.2475
48.9985
36.0261
48.8772
48.3205
27.4491
39.0195
48.1099
44.0603
34.2992
30.6362
38.2978
44.0172
32.1511
38.6682
45.0903
48.5041
43.855
41.1284
20.1253
35.1556
34.161
39.596
46.6406
38.8337
41.7405
40.9616
34.4697
44.4229
24.3027
47.0019
26.7704
40.4417
44.0502
40.9268
47.1758
38.5279
27.5965
52.1278
24.7028
40.1922
44.6436
51.804
24.5106
42.783
45.9683
40.078
46.1267
43.2972
41.86
39.9625
30.8774
29.1293
37.7462
31.2661
42.638
38.0683
40.9319
31.5478
42.4407
32.5838
36.0155
44.285
37.3277
27.785
38.388
49.0132
30.1278
40.3122
41.6192
51.8996
48.2417
49.5244
30.1621
50.4625
41.6209
25.9615
21.0758
42.4197
42.4594
43.1805
39.8504
27.4026
31.387
48.8112
36.5446
38.9526
27.2418
42.5639
47.8153
42.4182
38.7041
42.8677
44.9451
41.8969
45.534
37.137
19.7197
31.9888
51.9264
36.9122
36.993
43.57
30.4637
28.3481
46.0725
26.5775
31.6206
34.0103
35.9646
42.9371
40.7274
37.9118
42.2739
41.9849
16.7978
37.2526
48.8642
42.5578
36.7341
19.2304
45.9719
42.598
32.5006
46.7435
44.875
47.4283
39.1158
48.8026
34.3241
44.7718
50.1468
50.128
28.1281
22.2717
32.0164
35.0827
42.2275
40.8445
40.0907
39.5642
45.5872
34.885
48.2155
42.7375
36.1448
31.7121
39.2956
31.0133
48.4404
30.7811
44.8181
36.7703
49.927
29.5154
46.8397
33.6089
47.5709
42.9515
35.5544
36.8643
48.8639
44.1783
34.6722
47.4169
35.1285
40.852
49.8044
47.9947
39.0314
26.4219
37.6566
32.6989
33.8585
31.8124
43.964
42.7395
15.544
47.1393
42.0648
45.7539
23.7051
26.9679
34.7069
43.494
42.7235
33.4208
35.4724
35.6405
40.3654
47.5304
31.3372
38.0574
45.3189
45.6966
39.8836
37.7283
46.8032
32.5855
51.7509
34.3379
31.5374
37.3197
48.3831
37.7991
45.3339
44.2569
36.0971
25.752
23.1388
39.0004
34.8136
44.2117
41.5053
39.2
48.4
43.9302
41.6571
37.9444
41.5559
35.7414
46.5692
38.8375
48.1344
49.8249
38.4872
38.4315
50.0695
28.5587
47.742
34.6305
46.8391
51.9923
43.5697
42.2309
37.8651
39.4673
40.8937
26.1159
37.4397
43.644
42.2236
28.2142
48.3511
50.818
47.1811
44.057
41.4755
29.4521
51.3298
43.7981
43.6984
47.1596
38.6892
33.3447
29.7154
41.2992
36.2879
33.135
37.4139
39.3325
33.0749
42.4028
42.7142
32.8905
43.5348
33.5891
45.8529
51.3478
48.7984
42.4465
49.0676
26.0174
48.9742
37.4034
41.3988
44.5182
24.9446
49.2058
45.7766
45.2256
37.1438
49.3599
39.5525
35.4422
28.9842
20.5357
31.4056
46.2369
43.1256
46.6681
36.2754
43.0687
35.0201
37.4727
37.9152
43.0375
36.6942
28.6532
44.1459
52.1362
28.6784
35.2057
48.5643
44.5083
38.9548
41.4934
22.9336
37.1648
32.0934
47.0525
26.9425
45.5822
31.7886
41.2688
33.8316
30.4203
35.4609
43.6137
41.9778
34.9508
39.0953
37.9881
33.9236
37.5731
40.5566
42.4403
27.2538
46.8949
25.2249
26.3063
40.6687
43.1869
41.6461
43.1227
35.382
39.0721
38.2073
28.131
43.5759
38.2759
42.0183
22.985
40.7012
42.1005
36.9792
33.4615
26.4482
32.0444
42.4935
26.053
50.6159
50.4405
43.3009
43.3515
42.8963
27.4017
41.5214
33.5225
40.2313
45.9787
49.1232
35.7379
16.2323
31.4442
25.7362
38.8852
45.1322
43.3294
48.5709
30.3292
38.1146
45.6898
43.0964
45.301
41.2774
35.7949
40.7068
39.7685
41.6401
32.6514
45.2491
31.6163
35.6463
43.4094
43.7089
48.8439
20.683
41.168
26.5958
33.6726
40.9009
46.972
27.5542
26.6625
28.976
46.4101
35.6105
48.7622
49.5484
42.0971
33.686
29.8183
23.8356
33.2182
43.1176
40.5543
42.5955
23.862
41.1398
41.3144
29.5258
33.8761
22.086
49.3315
34.6594
47.0997
42.3769
25.9356
39.1205
39.8622
46.9907
42.296
43.6632
26.6476
33.1199
34.2845
39.3693
43.1314
23.1084
31.686
48.1568
42.9253
39.1527
30.8677
42.5566
39.4538
37.2263
41.9775
45.8985
47.7877
35.3668
42.2787
37.2857
52.1297
38.3232
40.6637
35.3364
36.6395
46.4557
46.4343
44.7951
35.4853
45.1029
36.9106
38.2404
46.4277
35.5793
44.4635
39.8859
49.6893
33.1161
44.6669
47.6598
43.2256
41.7576
42.4546
47.3374
42.3918
30.4332
33.9152
42.127
42.39
33.5726
35.4777
41.3142
42.3105
40.3591
48.6646
48.0526
51.9235
44.4055
41.4306
39.7429
30.5572
30.6621
36.8551
44.104
48.5962
46.0764
22.6682
47.4863
33.4552
47.9077
47.2935
40.4384
33.7916
25.2924
33.6531
46.7895
44.2863
45.624
39.2272
33.2152
32.7696
26.7487
41.5145
37.113
41.7988
45.958
34.7218
29.7501
41.5375
44.8286
47.2855
22.311
28.4635
49.1439
39.0754
50.7141
42.4346
42.8924
46.3121
43.0743
40.5483
45.3653
37.5162
46.9933
30.1675
36.3534
32.7254
39.4145
38.1253
49.1931
44.1066
29.9597
45.4146
40.711
43.0605
33.7862
39.3417
37.0449
21.6134
39.9421
35.607
32.6538
48.6685
34.402
35.538
47.6584
24.2408
35.9984
45.3645
45.5852
46.2576
37.1952
48.5241
47.314
41.0175
34.565
38.7033
33.0382
43.0877
47.7962
27.0638
40.0858
48.7742
44.4123
43.2586
40.5715
39.219
43.6861
33.2795
40.3393
30.1979
35.0382
39.6902
38.4092
24.2301
45.8494
34.5077
41.3163
39.9425
26.4014
22.3231
46.9112
48.472
41.5928
32.5724
30.0438
34.593
29.9653
52.1213
31.5112
41.0431
20.7067
29.0034
32.0076
35.2216
41.7544
40.0094
19.6638
48.1262
43.9217
33.8271
51.6823
39.695
48.6802
31.0673
40.4301
40.0691
41.0319
48.1848
30.3488
40.9786
47.3321
43.786
29.6446
39.9201
34.1207
34.8828
47.9771
27.1515
47.3234
36.7289
50.0943
51.179
45.6914
33.281
45.9852
48.3015
37.8993
47.9754
48.0573
50.2535
38.1405
39.6469
31.157
24.5334
42.6573
47.4007
37.7813
43.6101
42.1695
48.1581
42.0393
50.777
28.8774
47.8447
37.7204
45.1284
36.7457
35.3085
40.8832
30.4607
38.2897
37.9699
31.1623
39.5408
39.7901
47.7469
26.0182
51.3975
48.537
36.4366
35.6303
23.5921
47.5447
34.4191
50.4714
37.5478
39.3889
40.486
47.3064
25.4001
34.3164
17.0888
36.5744
31.6522
47.8689
42.7999
47.43
30.5239
28.9348
37.4227
37.0705
41.3421
48.9387
40.9299
39.8236
50.2917
31.6665
46.5181
45.6937
47.6246
45.6775
32.6861
43.4381
43.3053
49.1145
37.7713
38.7963
33.2904
50.4842
25.4849
47.068
37.9804
38.283
39.9911
39.2208
40.1047
41.2923
40.1559
38.757
27.9559
43.679
36.4013
37.8211
44.7251
52.369
47.439
45.4003
46.3294
40.4322
43.0908
47.2271
45.7553
24.6248
35.615
32.4198
44.0493
28.3574
47.6356
48.5763
46.1866
41.1817
39.7348
26.202
32.7628
37.3313
38.0501
38.772
30.0507
35.5113
48.651
39.7533
39.4185
41.2211
39.8687
45.7058
24.083
43.2524
40.5701
49.05
44.5237
44.4194
30.4653
43.5388
36.8293
41.9866
28.0913
42.9647
22.4334
25.3761
32.181
47.6964
44.4473
26.0623
45.9241
45.2919
35.1695
39.9107
34.9513
32.1973
32.4752
32.0749
48.3166
32.8016
38.564
35.9542
42.8267
35.238
41.0171
41.7925
40.1512
44.2595
43.0905
28.0669
34.4835
50.9067
36.9299
42.3772
35.9072
32.8521
38.0211
42.5053
29.7111
51.0976
36.171
22.9796
44.8883
37.4176
34.4536
34.1784
33.3775
21.4376
44.9006
42.2882
40.7027
42.693
36.3258
33.0139
34.2045
37.9798
37.8819
39.2641
46.2756
38.9812
28.8981
35.4384
37.8326
33.1554
36.4203
30.8035
36.4763
28.8123
45.6717
42.4626
33.4786
34.4159
43.8606
42.9899
50.0933
33.5564
37.6494
48.5621
38.9932
37.3177
32.5409
43.7074
43.2129
40.5142
46.1152
34.6025
31.4927
41.017
43.0014
32.3872
37.1763
28.3066
44.0832
44.0303
44.6403
34.5286
39.4042
48.2725
45.7006
37.0973
38.5476
41.5615
40.5136
42.0844
39.8803
17.3458
37.9459
41.2909
39.9055
42.4101
38.9992
52.6086
48.3955
45.5178
32.6503
36.7876
33.4953
41.1628
17.0332
38.7555
48.5919
39.6362
21.8808
34.1943
21.5646
37.9071
31.357
43.0492
50.305
38.4129
34.4894
32.5326
32.2979
51.1057
40.4901
43.8538
24.4492
33.9675
44.5543
33.0807
47.1734
43.3983
25.4957
36.8685
40.2393
39.703
43.0093
34.9641
40.4519
49.4236
51.9179
50.8889
49.4082
34.3586
44.6491
42.7383
36.6727
34.6523
47.6694
49.9856
45.1091
25.6483
43.2194
45.5139
39.2146
50.6199
37.8566
33.857
36.7133
51.1559
34.8767
21.0376
44.901
48.1982
40.4455
15.2085
40.6245
35.4117
33.9451
49.9744
42.3394
42.7942
32.6019
24.3156
48.7663
34.1214
36.7046
32.7108
27.1353
25.9881
38.6627
36.3225
36.7393
36.1767
40.4452
40.6136
44.8984
35.7448
45.2842
42.6207
35.1142
46.8244
36.8152
31.9156
40.4202
32.9338
49.1285
40.4971
40.3019
37.6289
36.4478
51.0525
43.3367
28.9887
39.3601
25.7883
32.9883
49.3283
35.7198
39.9304
40.1313
35.4685
45.0121
42.9927
37.3252
49.0618
40.7369
42.7524
44.1618
40.3808
47.8131
29.45
40.2354
38.5091
31.1121
42.5655
36.6493
26.833
45.8339
51.3568
17.8189
37.5478
45.6829
29.7769
35.355
47.2228
41.3547
40.0725
38.012
36.476
40.8058
44.8356
48.423
44.4615
39.9492
47.9845
36.4811
49.0113
47.7585
42.5966
35.0162
25.5761
29.8749
27.6808
23.3094
38.8989
50.5067
46.8815
44.0862
34.2553
43.9581
40.4562
17.9376
37.6689
39.8202
46.3089
41.9533
31.5346
36.6895
45.1065
43.5937
30.7606
34.459
42.7977
45.7118
24.4591
32.3466
47.1971
40.8548
46.6026
33.7828
41.7656
37.6208
45.2672
37.3877
45.296
37.7453
44.7399
39.1786
36.8652
43.1983
49.4833
27.8878
30.8624
43.3989
39.4256
29.9581
42.394
47.8255
31.0846
35.9824
47.1087
41.6916
48.9638
41.8771
41.3275
43.0415
35.5646
35.4397
33.3068
25.6856
44.0088
45.4118
42.1194
45.9729
49.797
32.9338
45.45
47.2318
30.3125
34.4192
30.36
35.1688
37.161
46.593
42.0965
51.6275
38.9683
35.8155
28.2569
36.3525
39.6507
33.5756
41.9625
45.159
32.9148
50.0312
51.8302
38.9795
38.7118
23.2787
43.1089
46.0414
45.0825
33.8588
45.438
43.9365
19.773
43.5732
42.5293
50.5406
42.2248
45.6186
35.3164
34.3854
34.7589
45.6183
51.7008
41.9251
38.6705
32.8465
27.5347
41.576
28.4224
39.8721
34.7158
44.5275
44.7943
47.6045
37.8838
48.8539
49.7903
33.6983
40.1189
45.6558
36.3006
37.9899
43.2513
39.102
45.3803
38.5099
32.6568
38.5816
46.1399
45.1888
43.4478
48.7229
40.8775
45.8591
34.9725
32.7779
47.9694
49.747
37.056
47.5337
30.9614
42.3862
33.8555
26.3242
29.2857
40.6445
47.2116
42.6263
43.3404
28.4524
36.8918
35.7446
41.5262
43.5204
36.3701
44.7697
26.4649
36.1457
44.4899
19.7117
41.5926
44.49
36.0949
23.589
43.6011
47.6961
25.8711
39.0613
31.1378
34.9889
33.189
38.4029
34.353
36.4744
31.8682
42.8959
43.8781
34.5104
48.5071
40.8189
30.9273
34.1755
39.7668
50.104
38.2542
42.7279
34.5242
41.0049
33.83
46.5949
40.2224
41.3941
36.3791
42.7194
39.0251
38.8995
37.2045
43.7186
37.6271
36.0133
46.0501
38.5612
37.9435
48.191
33.7822
39.9504
39.6435
32.7216
36.3035
30.0688
40.9771
47.6493
36.9361
51.2865
30.2784
42.128
40.6721
49.2228
49.1646
36.7014
51.5978
32.5292
49.1439
47.3522
36.4255
51.2489
36.2314
42.6855
36.0826
37.691
32.2657
40.6166
22.227
49.2214
38.039
32.9233
36.7023
44.5179
27.1083
45.0533
41.3763
36.9098
39.5309
27.6114
52.5764
39.1876
51.3129
50.3849
46.2435
44.849
22.2596
25.1728
20.6071
44.0662
22.0176
40.9088
30.4553
41.2389
48.9251
49.5768
50.1666
36.9199
45.1691
45.1272
51.2092
28.292
29.5798
36.7901
36.5427
37.3052
29.0599
44.1255
50.824
34.7229
36.7707
37.6334
39.9253
28.0376
49.2869
31.879
47.1716
33.1692
49.5062
28.5042
48.7649
47.3802
30.2288
26.6448
42.8212
46.6168
24.5274
37.2855
31.8421
28.4627
44.3757
49.3088
33.4449
36.401
39.3735
40.4164
38.4551
39.7516
47.2017
28.1239
44.6051
47.0385
44.3262
41.0308
33.6856
38.6832
52.5936
37.9299
46.8981
39.2053
46.8556
45.5601
43.6007
48.619
49.7127
30.2093
32.3746
44.1647
28.707
46.002
37.7255
46.5569
43.3583
41.761
49.766
38.479
42.5414
32.209
47.3527
48.5948
29.2798
44.3456
36.6076
49.0486
38.2911
34.8039
32.1446
46.1758
48.1172
46.7312
47.1761
44.3917
37.4305
35.894
40.9068
32.2308
51.7494
46.1363
42.8297
46.115
50.1943
49.2317
41.7742
42.7825
37.2468
17.9691
25.5923
41.2189
25.882
47.1976
38.9323
44.6729
43.7647
42.5738
45.0562
30.1565
41.4309
37.3928
38.468
41.5951
44.8706
49.8227
28.5468
42.6918
35.5521
37.4741
34.6397
47.5238
35.9843
36.1532
43.7574
45.5167
43.323
44.7317
41.9374
38.4612
39.4847
32.1386
23.7454
33.8938
37.8992
48.4499
24.6634
45.7364
39.6334
32.9165
47.7252
45.941
42.6533
45.2436
39.1541
17.1414
37.2517
40.9176
37.5294
50.319
48.3959
38.0764
33.6121
42.1006
48.4629
43.0927
44.9009
39.9746
45.0685
36.3127
34.191
48.8381
40.5474
41.6361
37.8209
49.0044
34.4767
35.2867
49.1878
43.3781
40.4808
38.5224
35.9704
39.3867
47.2285
40.7863
39.954
47.1538
41.7189
34.173
49.6027
46.3789
39.1739
48.2036
47.7353
45.8693
47.7184
43.9367
46.4867
40.0199
42.6752
21.4401
39.9833
37.3369
41.7307
46.0659
35.197
41.3021
35.3118
41.8646
42.715
45.8695
42.0954
41.5349
34.1998
36.2088
25.2358
50.2635
29.04
39.3323
47.796
48.2203
37.4666
32.7332
44.9483
31.2286
42.547
47.7538
26.3403
46.1378
41.661
44.9496
37.0575
34.1085
48.543
41.8456
26.4017
50.414
29.5826
40.9086
35.7458
43.9911
38.4249
29.2298
50.9918
39.0878
39.0646
25.8497
31.8038
39.7027
42.9017
48.9599
40.4345
27.4036
37.9982
46.7817
27.5091
42.1171
36.0876
40.6182
46.951
50.9799
34.7812
44.8469
27.5868
30.0694
44.751
36.915
34.6693
38.8169
33.07
31.5859
10.7624
27.2862
44.4873
38.0158
49.9766
37.7373
52.2041
38.8332
39.8727
42.4306
33.774
23.301
47.626
33.7859
41.7351
39.7749
48.1756
48.8
46.9648
44.2354
42.2625
47.5515
49.794
42.797
47.4619
46.751
45.366
36.792
44.8183
33.6199
42.3923
42.4037
39.1598
30.6568
42.1432
35.8064
31.1912
16.3773
37.8841
26.8395
39.2562
36.9347
30.7609
29.8986
40.6137
32.7952
31.4432
27.7317
46.5175
43.219
46.9997
50.6431
47.4096
43.2144
44.1868
24.6163
32.0274
50.1449
46.7746
15.6252
49.3815
42.3729
38.9281
50.3368
45.7637
24.168
50.2851
51.4718
35.6514
31.9132
43.2867
39.7163
50.5322
44.5464
42.1072
46.5091
36.2074
40.2269
48.1127
43.0985
44.8957
37.9548
45.0019
25.8406
28.4725
34.6204
40.2167
31.018
34.8913
42.6883
39.7089
42.1274
45.7988
47.5576
44.3712
48.8255
38.1145
30.995
44.7144
25.3474
17.1731
38.5543
21.2291
39.3074
38.4268
45.9935
38.2545
40.1236
27.3288
49.3155
33.203
40.7491
39.0764
42.244
42.5631
44.7016
41.2016
50.6449
32.3736
37.6815
28.6026
47.2518
32.7721
51.9739
25.8586
52.4058
47.7891
39.3297
50.2538
46.7434
39.2185
38.0753
35.1387
42.7018
16.0641
37.3944
50.3673
32.8841
30.3894
34.3545
39.2187
50.325
44.0112
40.2174
29.7133
35.0792
40.0113
36.2179
40.1332
37.7029
29.7896
40.4403
33.231
29.6175
50.905
44.84
42.6952
47.8313
34.9818
48.4628
50.8059
34.017
41.2017
33.8506
28.5237
38.3412
48.5714
45.5609
47.6926
47.036
35.4258
30.3179
32.4035
41.2695
40.8992
35.5789
41.7087
50.7229
24.4997
28.0667
28.7011
37.8864
49.0454
38.0197
34.0193
42.109
35.5691
39.9128
37.2961
45.9953
29.4305
40.6439
30.3728
40.7104
39.96
52.7387
42.077
43.0628
45.5841
42.9408
31.4193
43.7854
39.811
37.1598
27.1455
44.1375
41.7739
39.6955
44.704
37.8397
22.1972
45.8539
38.7319
34.5691
42.6376
41.0732
40.5104
40.7079
27.1584
45.4608
38.6975
42.441
41.0004
50.9028
45.4869
39.18
44.9251
32.3534
41.6113
35.464
52.008
45.0285
45.5575
40.2923
30.5922
19.2616
40.0382
19.9902
29.2472
27.1228
46.9009
36.8625
28.3951
46.9911
25.1102
52.1954
22.9164
27.688
36.2974
39.1588
42.1069
43.8637
36.376
41.214
37.6574
35.3513
38.8859
35.1184
35.2305
30.5256
35.2288
51.2903
48.4118
44.9263
35.3222
47.6579
35.0707
47.6439
39.9052
36.1504
33.6026
29.3186
35.1587
45.0341
45.4644
22.8406
50.6837
42.5388
31.4121
49.3584
46.4289
51.5543
52.0977
43.1225
42.4689
35.5041
44.4926
43.9066
26.7307
17.9532
43.8019
48.4735
37.198
51.1255
37.5049
42.2503
26.2725
45.2305
39.4138
45.9868
29.0154
36.2211
21.0669
39.7418
33.4721
41.8844
47.303
30.1194
47.5203
44.8929
42.2916
31.2963
36.0855
45.1005
44.9648
50.1303
44.3907
37.2861
36.5231
31.0679
41.6817
39.963
44.3771
41.5772
49.1573
37.5979
50.4947
48.2503
32.4135
27.1821
29.2869
46.1474
43.4948
38.8375
37.8602
36.2341
50.7916
22.6564
17.3827
46.7472
28.916
38.6149
34.5237
39.8018
23.4647
36.2087
37.3619
27.6284
31.226
50.0849
46.6635
48.333
47.5588
41.4551
44.4525
45.7732
32.6598
42.3324
33.3358
30.9295
45.0229
49.7881
48.8023
41.0819
34.6335
42.7503
20.8615
32.6508
37.7649
38.4751
23.7392
38.4598
50.1425
42.2636
36.8708
49.9235
43.0798
48.3748
24.5784
30.8227
39.9155
47.0119
36.3025
32.819
46.6928
33.9063
20.7245
50.2905
36.0204
50.2503
50.7348
43.5335
48.4912
41.6531
37.9392
43.8473
45.3062
48.6106
21.8377
31.5562
37.0176
42.4612
47.8078
23.3016
47.3142
31.7477
44.9951
42.8602
38.3352
40.6316
47.2619
48.4844
36.6256
46.6812
40.6232
36.4911
30.9889
49.1624
21.1059
29.4422
40.8119
45.9129
41.8457
32.4079
46.8828
39.6791
44.369
38.5761
40.7884
40.6672
37.9084
37.0394
51.3023
27.5817
45.6014
35.4064
35.1383
43.2754
45.2566
31.6063
41.6154
33.8057
41.0974
22.2685
47.474
41.5241
42.2954
23.302
32.5416
42.8117
34.0622
37.8101
41.8317
42.7161
46.8819
46.2703
31.6306
34.9292
32.0599
43.1276
42.2551
34.5617
46.8071
31.3526
32.4458
40.2883
25.9809
28.7554
39.2463
39.2729
33.561
43.9274
31.3209
24.1785
41.0097
29.1356
37.5159
48.2114
41.4626
33.5295
44.7763
28.6549
39.8082
29.7459
47.5648
51.6779
46.5671
30.585
43.4381
45.3219
44.5048
41.3859
50.5707
47.758
44.0738
39.24
44.0372
41.7529
33.9173
36.67
41.2964
34.0607
48.525
37.2391
35.6154
33.6362
46.6783
35.6363
41.3095
28.3802
34.6068
33.4948
40.358
51.9576
45.3875
35.7533
43.3503
40.945
34.9451
41.3149
41.0884
43.4441
36.0936
41.3626
30.4146
42.7702
47.0894
32.3712
52.0915
38.8662
43.2272
44.1491
40.8518
17.0168
40.5275
44.5584
41.0707
41.8842
30.3301
50.8555
35.2435
43.2291
38.9106
32.7436
48.3725
37.7783
37.1996
49.5196
31.3497
49.8348
34.5009
48.2844
31.9952
39.7819
41.0188
44.3984
45.321
33.0893
37.9151
39.1795
37.0168
34.7831
50.2241
46.9197
34.0836
51.4518
41.688
46.646
38.2363
34.7886
51.7449
45.9349
36.7692
27.5075
34.2958
34.2828
44.215
48.3421
25.416
39.658
37.72
38.0126
37.8122
36.8791
45.5948
48.0558
42.536
52.1501
29.6942
35.8621
46.0106
44.0806
49.3118
43.9624
37.7677
14.9959
24.6419
42.03
42.1081
40.8376
30.4445
38.5332
27.006
29.7506
44.0417
41.5313
41.3417
26.8422
30.3739
43.783
35.3093
45.5576
38.4435
47.6283
38.1259
40.4336
45.3688
45.7747
38.684
49.7955
42.6888
47.08
36.3075
42.5765
33.8031
36.1433
41.5184
42.5479
29.6326
37.6356
48.0054
37.8855
42.761
40.0025
38.0954
48.9773
28.8769
46.6344
47.7531
41.0846
36.5159
42.5323
32.1268
47.9137
46.2055
40.5518
31.3987
48.6727
41.1664
33.1327
39.8372
42.7632
38.3187
43.2529
38.7137
41.9807
28.8228
41.5493
39.5919
45.7033
41.0998
32.3791
44.9321
48.8787
37.6624
40.2814
33.5101
36.1268
33.5072
42.4246
32.7708
43.7382
42.6768
27.4651
35.7782
48.8845
32.9103
27.5741
30.8882
44.2859
38.7772
35.2817
25.5066
47.4578
28.3015
34.5723
34.2118
38.6431
43.176
50.8641
46.3466
43.2255
44.5331
47.8143
27.7266
45.8148
35.2766
40.5001
38.0461
48.3489
44.8467
49.4968
35.8196
30.6649
37.4542
40.2444
47.4263
38.849
24.4291
43.9137
42.7826
30.8921
42.2312
43.1954
40.3815
43.5348
34.3029
41.1744
49.1099
37.4012
45.4815
34.2246
32.5689
17.0376
37.119
33.6994
43.1331
36.5533
28.4406
24.0132
47.5216
38.1933
41.8721
48.8229
29.2311
49.6003
49.9502
31.7415
27.1548
34.4175
38.4477
41.3575
31.5468
27.0639
24.0521
48.1854
46.6728
32.8752
30.2763
29.3493
50.7108
28.019
31.1887
44.2364
39.0746
48.4206
35.4093
21.7225
29.3536
37.2318
48.5763
16.6777
32.6635
35.8412
45.1192
32.2088
35.5579
34.0764
40.8119
43.9522
42.1669
40.6657
32.9552
46.832
42.8482
44.4956
25.7932
35.8106
36.6264
44.4699
32.4673
37.3713
41.7983
48.1386
37.0997
46.3629
33.4936
27.4284
35.9247
37.3906
33.2727
26.2351
40.7464
33.1371
33.1397
29.4974
44.5953
34.89
12.5506
47.7422
50.2992
34.5125
39.6842
47.916
45.6165
32.1006
38.8659
48.6875
28.0179
46.1067
43.8099
39.9495
39.4164
37.0712
38.7642
46.5513
48.411
44.127
34.2902
47.2557
39.0792
42.6321
46.5296
30.0215
35.27
45.6291
22.4415
45.4479
33.5294
31.7857
35.1671
29.2013
32.7898
31.0683
41.3246
40.6286
32.5404
48.0033
27.046
44.8319
41.198
42.5741
33.3358
39.3386
43.4873
40.1271
37.8301
38.0356
47.2577
42.8166
45.2881
32.3949
44.5807
26.3277
42.1154
34.1275
29.5079
35.4074
34.6106
50.7954
44.9403
36.1185
39.4423
32.0115
27.4531
42.35
22.0386
20.1974
48.3973
32.5066
30.9431
46.2921
29.2117
27.5569
39.1776
25.4646
33.3359
52.3258
26.5429
41.3481
35.0372
50.7002
44.2282
49.3057
34.8452
34.1277
32.6929
11.4832
47.9266
36.5725
31.5477
28.4272
32.4139
22.3171
33.3376
37.612
29.9972
36.1717
23.1992
49.2072
46.7364
33.9821
46.8286
27.885
42.8355
39.663
44.8899
34.324
39.5911
37.9264
19.3935
35.3691
44.6917
34.3682
35.9682
43.6837
41.9029
41.0574
40.1292
48.7515
40.2258
40.1847
40.5152
37.6985
42.0046
43.9863
43.176
31.0321
32.014
41.4865
40.1254
51.9016
46.4742
35.9284
40.5427
32.1654
47.7509
50.3766
35.582
37.4658
44.5413
30.756
36.7474
31.822
48.2597
44.1046
40.7329
36.6898
46.2819
42.3656
30.449
34.4268
51.432
47.8503
34.8563
43.0131
28.2682
43.4742
45.7038
29.9135
39.3321
45.8279
41.3691
48.4108
38.5546
38.5642
35.3991
47.0425
33.454
19.7269
43.0311
42.5873
32.8598
29.5712
21.7695
46.7415
24.5689
31.3939
42.4425
46.578
45.5771
32.7711
42.0125
31.8817
21.6405
43.5373
48.2173
47.2812
35.5127
38.7769
34.8703
29.4033
25.4455
31.2309
35.8342
40.6303
42.2734
48.3859
49.009
27.3859
51.134
45.5569
46.3909
46.6515
46.1284
36.0644
33.7911
26.3526
42.39
44.0065
36.8563
19.4524
46.8495
41.4423
29.9713
47.6545
39.4024
45.2701
28.8397
46.0497
44.7477
46.0481
36.3122
43.0541
50.6347
40.4662
32.0251
25.0386
48.3941
29.2801
50.1518
21.0245
49.8377
38.5286
48.7753
24.1634
40.1668
28.9744
47.5431
43.7671
47.9785
40.0662
41.6105
27.9059
46.6255
35.7243
47.185
27.4521
40.7968
26.2135
46.9955
32.2949
36.8514
38.1139
28.0978
39.4876
46.1476
27.6195
47.7995
40.8377
26.1563
35.0584
46.7052
38.4754
43.232
35.261
26.4955
45.5434
40.8833
33.6784
13.9966
38.4097
35.4716
42.5013
40.5423
33.8992
36.7293
36.2594
46.8191
32.3297
24.9448
39.574
37.9433
52.4487
35.2071
33.0709
30.7792
40.8614
48.1347
23.6821
32.0198
48.9325
40.708
27.243
44.918
45.1928
38.2801
45.0703
42.4494
26.1932
45.2245
45.1651
41.1326
49.4675
35.394
47.6526
51.1957
31.2621
50.38
36.3504
34.3011
41.7091
48.8597
35.2903
36.1951
40.5402
44.2509
44.548
39.5764
34.7582
38.6141
38.9016
43.2773
43.2339
44.8887
41.5269
50.2751
33.6479
40.271
46.6049
39.0264
49.3452
44.3889
36.7634
50.4453
42.9338
31.3721
22.6558
47.4045
44.5323
43.97
43.4366
36.9127
45.5568
49.7333
37.6717
39.3001
32.4485
45.4675
47.5553
48.8561
41.3905
33.2125
47.0733
50.4444
47.445
34.0996
39.3054
40.5195
43.9281
36.1011
44.6702
36.1618
43.8176
20.6947
48.6854
44.1927
43.6731
46.5426
47.4505
36.6739
36.4599
37.2502
28.1293
48.1839
52.5872
31.576
49.0213
45.2664
46.045
44.8295
38.9151
47.0557
51.6835
34.8314
46.0348
39.8605
43.1064
40.8165
29.7348
20.165
47.9117
27.231
48.7263
34.6865
42.1905
34.3073
34.8822
46.5521
41.3587
48.2618
52.3221
35.718
35.3972
44.4856
33.2482
45.1913
51.6438
41.3834
26.7652
50.9342
32.0698
49.6898
29.5146
28.1233
41.1602
39.8198
39.1808
25.1243
37.7628
45.3604
48.1872
32.1045
44.7813
41.4984
42.085
49.0276
41.573
30.5617
49.7999
45.5275
33.1236
40.7944
31.8368
29.3642
33.9503
33.2838
45.1665
45.2445
43.8659
44.9863
44.6764
14.5085
40.4915
28.6834
42.8808
25.5156
27.2212
37.3814
49.018
42.6699
47.8665
21.8727
28.941
47.4729
42.6467
45.019
48.0102
44.1492
45.707
32.7499
30.4518
23.8672
40.8457
31.4328
32.7882
40.5946
44.5264
52.1109
34.918
38.1223
47.6988
42.0229
40.7132
39.6252
32.6256
32.6493
51.1424
26.6008
38.9817
32.2257
42.5439
51.4131
42.5153
36.8595
27.6262
18.9479
28.2469
32.9961
37.3519
41.0504
38.95
44.7608
35.702
30.8502
44.2824
43.2242
34.7541
39.4191
41.1733
37.5733
31.7964
48.7495
50.6259
40.2256
43.863
42.1993
32.9594
26.7166
48.6487
43.9569
48.0303
42.8713
42.1361
23.5748
50.4691
31.6382
45.073
50.5294
32.1677
44.6205
38.2242
45.9884
29.4781
23.6837
39.8364
39.8627
46.0351
47.4558
37.7692
21.6047
47.7194
36.0722
47.2785
36.045
20.5251
47.1219
42.1954
51.0989
43.4676
47.7104
45.8648
50.3942
33.0864
25.6122
44.3056
37.1572
38.6903
46.7242
44.7581
38.6398
44.3478
28.9281
43.4461
46.228
33.6862
43.5077
32.6809
33.1461
34.638
42.1786
43.8077
36.1244
32.9212
33.2116
41.4235
29.5173
40.709
43.2052
41.8268
27.7598
47.2323
44.2351
39.2976
35.9255
25.826
49.8235
35.8756
38.2253
45.3878
39.1985
41.971
35.5836
40.6276
44.401
47.1509
36.6602
44.6616
41.6344
28.1631
46.9757
26.426
30.0379
42.2042
40.0792
42.1752
42.4718
39.8881
47.9522
51.2517
33.1922
35.6275
44.6694
34.529
40.2357
26.0691
43.9888
49.3243
42.5374
44.8633
33.4462
47.1297
50.2799
46.3131
31.5004
31.827
29.7979
46.3103
46.7304
47.7226
47.564
40.0537
37.8733
39.6823
48.9274
45.9132
48.6362
24.3188
38.5461
42.8286
49.9002
40.2656
40.4872
34.7089
26.8157
46.7605
38.4851
43.6122
50.7104
35.1624
40.8028
47.5126
48.9145
41.1822
27.3242
31.3569
29.3106
46.4957
42.3709
41.0578
29.6773
41.9072
35.3514
39.1563
39.7607
38.9386
46.6141
36.494
45.2025
35.4948
20.1322
49.6581
46.8484
39.7476
32.4796
41.6645
35.2666
49.6184
23.7784
37.9366
17.0013
37.7411
21.9574
28.0672
39.4747
40.578
41.8016
41.0811
42.9777
34.6696
48.8399
45.5441
27.6333
33.7483
47.3931
37.9433
45.1151
50.4667
18.5574
41.1696
38.902
49.7522
49.9951
34.2009
27.3448
43.1385
48.5784
39.3135
48.0799
31.4325
45.5182
42.0936
40.1439
42.2743
32.5061
35.4211
37.9165
43.7003
48.6853
22.8637
45.8407
35.8386
31.3254
38.2879
39.1721
51.0808
27.005
29.6176
47.7809
42.9533
38.4682
37.6867
41.5394
35.1047
34.8033
39.4795
38.8998
45.1616
45.0697
41.2172
47.5119
44.7572
24.5454
44.1219
35.3497
31.7636
48.1863
47.1491
17.1479
29.242
28.209
48.8539
40.9339
39.0159
41.2159
26.5086
40.1213
45.0439
35.1204
31.7326
46.0685
39.1243
31.2379
51.1538
44.389
32.0901
38.2393
48.2871
49.6382
45.6661
43.2591
37.2629
39.0023
39.7196
49.803
30.1434
36.32
43.2554
32.4567
32.8356
48.4054
45.129
30.7414
46.8683
44.053
44.9696
40.9469
19.1272
28.8176
43.6975
26.6999
39.1548
31.8426
42.4619
44.6753
51.2974
47.0837
41.2809
38.0925
27.376
46.8706
41.1683
37.7928
45.8413
39.1638
38.4339
43.6965
47.4391
42.9512
44.0736
47.7832
42.0429
47.8777
42.2568
20.983
39.6427
27.3344
32.8329
48.7065
34.7931
41.8373
28.8144
34.9795
39.5365
40.8517
26.8796
41.4589
40.913
35.8551
43.1165
46.4933
37.5969
30.4734
48.6271
34.975
51.3707
46.9506
47.8002
44.7571
45.5508
50.8659
48.5642
35.7182
34.6685
30.2396
44.3111
42.9401
39.892
49.9031
21.6567
34.7423
38.0479
38.952
46.1194
37.9593
48.2571
25.352
42.697
21.5016
40.4978
37.5104
40.0345
47.3107
44.2382
40.2964
40.7306
49.1369
38.1648
43.6991
44.8777
42.4179
47.2153
40.7936
46.744
25.7922
35.9614
50.0473
34.0775
36.7051
33.3182
45.5499
35.7004
39.0084
43.2325
39.7985
50.5887
48.4649
44.9194
49.8223
35.8862
43.1632
47.6973
51.7556
40.0411
42.9245
46.1839
25.9159
36.2513
37.6781
41.7512
36.3654
26.1009
41.2971
39.1172
50.7063
28.6648
38.9742
38.3992
33.042
42.8356
32.0874
35.8483
38.2345
50.2083
48.148
49.0303
32.7978
32.2039
46.1805
51.2835
27.9986
50.6236
42.4848
32.8611
33.1489
38.592
41.8465
44.4188
36.383
39.8174
29.6187
43.1416
46.2352
44.3266
44.7016
47.7727
22.1625
30.7966
41.6732
45.2796
50.1563
34.1406
44.8471
45.0123
36.6603
36.5053
46.793
38.8814
27.5109
46.3235
48.3339
42.7399
32.3185
49.68
45.1579
35.2235
41.2195
42.7976
34.4377
27.3867
44.9042
21.1522
48.8916
22.4433
30.664
51.7516
44.571
22.1631
46.9306
47.9749
37.4943
42.9268
28.7646
41.8296
45.0466
47.1703
45.6247
33.3502
42.298
38.6074
35.6113
43.2822
45.8667
49.0925
45.6774
27.7889
36.0507
49.605
36.9405
43.5222
45.955
38.1324
38.9122
47.1453
32.0322
29.1176
45.5484
50.6666
43.3404
28.3693
47.1602
46.0468
35.4879
27.2533
30.0127
47.5601
29.7942
37.5851
35.5925
21.8361
30.0539
35.058
44.6952
48.4966
40.696
40.4019
46.065
32.3943
35.081
28.1076
29.3645
36.5216
21.3861
32.288
28.0663
39.1327
44.3037
33.7863
41.1764
42.4644
35.8182
37.367
50.2824
47.0159
43.5756
40.676
31.9756
29.7039
41.1764
44.8936
45.7175
50.4636
49.6007
39.9062
43.7095
50.9511
32.6265
38.1021
45.7736
48.9745
33.5829
40.5347
27.4819
33.455
37.8687
36.9288
44.8106
34.618
36.7133
42.1955
48.3278
47.71
31.5236
45.7612
37.5264
32.7564
32.0983
44.3234
50.8363
43.7647
42.9069
46.69
40.6088
36.3197
44.7975
37.992
32.1019
50.3376
29.3424
28.5278
40.783
34.628
40.3236
47.2234
46.4275
36.3535
45.8069
49.6398
49.4213
43.3433
46.2262
36.5326
48.0569
41.2435
17.1811
24.7174
43.3846
51.4574
42.5798
35.5005
49.9843
33.0455
35.5765
40.6308
42.5458
49.3579
41.2619
27.0504
38.2032
46.7321
41.5181
43.9138
41.9713
25.4322
34.1
37.4058
39.4369
37.2652
22.5936
46.1087
40.19
46.0235
42.3482
30.1269
42.2665
22.6795
33.6772
37.8397
40.6622
44.2923
46.7268
48.7335
41.5389
37.7451
26.1175
47.8256
44.7937
39.2144
44.457
42.2277
52.2869
44.3507
52.3159
33.8847
47.7858
47.0863
24.9215
43.2401
12.7852
39.3063
50.4803
41.9866
46.3608
29.5444
35.8545
45.4121
23.593
30.7875
24.9694
39.7497
35.8558
48.4959
33.1479
42.7579
38.8736
45.6163
46.8246
39.2604
44.7582
42.5199
38.1501
40.7461
23.5886
45.4265
36.4148
45.9902
42.4697
50.1964
42.2439
24.1963
43.2741
50.1599
30.6489
39.9231
37.1744
41.1611
43.9382
43.6152
38.9066
34.3911
22.103
35.6827
39.9537
29.5808
38.6585
39.5749
42.9738
51.243
31.6004
41.2138
42.9686
43.0514
42.3617
41.216
42.7884
32.7747
30.8175
44.2276
30.4377
38.2529
35.2886
45.2423
43.175
40.7534
41.6578
41.9727
40.5027
44.503
42.2914
44.7827
45.5413
31.1909
49.4149
40.3494
43.3303
40.5044
41.8311
40.0781
43.7424
26.3723
49.8705
46.0497
29.7642
49.1956
40.1418
31.3987
44.2144
22.9007
35.8557
45.4722
49.7351
35.6858
47.5324
31.3772
30.992
43.1003
48.6539
37.5296
23.3166
32.7542
45.3897
43.8985
46.0771
48.7874
47.8985
45.9093
32.8481
42.2495
45.1007
38.4296
29.642
47.7179
31.262
40.9542
29.865
42.5797
43.016
34.2198
50.7718
38.7783
50.6328
38.5791
50.3286
49.8952
39.8065
37.1662
48.1242
45.1334
45.2842
47.3926
47.0205
34.6253
47.8524
42.8681
40.8274
49.3359
45.1656
45.1825
45.199
41.4883
34.5458
41.6117
45.3103
50.5682
44.8163
46.4557
37.598
37.3082
28.7992
30.2135
37.7556
45.5437
28.1598
22.64
37.5074
34.5961
38.1334
42.2825
38.9769
40.3323
38.1634
42.9766
28.1029
35.7265
28.9606
48.9491
49.338
49.9254
37.088
41.1429
38.7837
44.8415
38.8033
34.4482
47.289
35.4843
35.8972
48.7494
46.9922
36.6126
33.0436
45.3243
29.9017
27.9553
35.2642
45.6964
43.5351
50.5155
35.7725
33.7265
36.8439
36.9414
39.2556
46.8534
47.006
43.5396
35.3931
40.4408
24.5315
30.2123
50.8598
45.5054
49.4803
37.2828
37.0707
36.9772
33.7828
24.9475
41.4105
32.4331
31.7844
37.57
45.1549
45.9354
45.374
31.4706
50.2301
27.7787
32.1614
46.8757
44.1788
45.3173
40.1454
51.1363
44.7099
22.619
47.6535
39.5438
35.3132
41.7122
38.4663
48.7141
42.7103
45.6182
41.9366
36.1293
49.3974
39.2028
39.0437
31.0479
44.1806
40.8278
45.044
35.5747
33.4823
40.9898
45.4843
46.4545
46.0002
47.8658
37.0227
46.9373
48.3781
42.0846
35.8363
48.0353
36.8028
43.8965
33.6866
45.41
50.6309
35.1471
42.9969
40.9524
46.236
45.9101
42.7071
49.6953
50.8954
39.4769
36.5201
47.0368
36.6752
34.2222
32.4489
35.9747
49.3902
49.9075
45.8016
43.2005
35.2274
44.6406
50.4508
41.8196
50.248
47.2468
30.6756
42.1994
46.4303
46.5437
21.006
42.2912
27.419
39.4288
44.2544
47.1164
32.499
40.242
33.4638
19.832
40.2753
38.1381
32.0313
48.012
48.7234
39.0868
36.9589
25.789
21.0221
43.6069
30.5387
37.1487
24.9803
47.4483
32.4788
45.2711
41.5988
45.5835
36.3101
43.5804
47.2889
37.9936
33.2856
36.9533
47.8072
33.6283
22.6238
42.7888
31.0401
48.7459
42.4488
50.5376
43.9876
25.5235
35.9749
48.7555
37.3274
32.8824
41.4515
38.1365
35.2625
52.3945
48.8066
47.9677
30.4875
49.7616
37.2923
27.8945
29.7831
34.8797
28.783
41.2409
37.203
38.1102
41.7373
39.257
39.9719
40.2139
41.4783
29.8709
46.1044
31.2168
34.0755
30.4813
39.7484
47.566
31.7592
44.8474
43.6957
41.2796
30.9144
49.0712
34.7956
27.6139
45.3924
41.5348
40.6291
43.5757
46.6552
30.1294
44.5888
36.8258
34.4191
41.0946
26.7894
43.7009
38.5185
42.0035
47.6609
35.608
33.5404
45.3168
23.6318
36.7923
21.3976
43.816
40.4001
46.5591
41.3941
48.5984
46.5406
26.7359
46.5901
41.1473
42.2156
28.8318
36.6621
37.5095
34.0736
38.4078
36.6449
44.8426
31.2916
41.0026
45.407
46.032
36.6693
46.1111
33.2024
25.0399
51.1003
47.3272
45.9438
29.3461
37.572
43.483
25.3537
40.4659
35.2074
46.4388
39.2611
45.2814
45.4343
46.3443
37.5465
39.0121
28.3967
38.7586
42.95
36.4865
43.132
46.9214
43.045
25.4688
42.1691
45.1406
43.3299
48.5329
48.9563
48.6596
21.5128
35.4785
25.0581
41.7893
39.4356
52.1757
48.4367
44.3611
42.2374
41.883
42.4083
26.06
37.7061
47.134
33.3362
29.8944
41.8714
37.53
37.5059
44.591
49.9007
38.3987
31.6698
46.6075
31.4099
43.2127
41.2299
41.4851
49.3142
49.546
46.7056
44.0799
45.7408
48.0481
21.5646
48.8502
30.3764
31.239
50.3159
45.2639
49.7066
34.9941
38.4729
43.4429
34.3612
43.2944
33.991
29.506
34.4883
42.4424
42.4551
48.0961
40.9394
46.7199
35.4764
37.7989
23.9767
49.7751
27.8997
34.5503
44.7538
38.5521
22.1505
45.3741
40.3567
30.2236
39.0781
36.408
32.5331
45.3421
14.3052
36.4164
31.0879
31.6374
35.0492
39.6996
44.6197
50.3835
46.8196
39.5918
32.3369
47.1175
36.3858
37.0348
51.2372
47.8715
35.0408
41.1295
40.5024
50.327
39.4767
39.9396
28.0369
25.1715
40.8953
37.1574
49.497
47.3238
48.794
45.5025
35.0787
42.2711
46.0369
36.6049
39.7635
17.7023
44.5829
36.2882
28.7934
38.7738
25.9577
44.2368
30.4219
40.1407
30.0082
33.5092
43.5297
45.6535
47.084
45.7925
36.6299
30.4157
38.6685
45.7034
44.5898
44.7424
42.9418
41.3585
42.4538
33.8218
42.3224
31.5308
28.8286
30.3831
45.1021
49.1004
52.1674
44.1722
47.2201
43.1751
23.4915
47.6278
46.0478
35.082
39.4254
45.9103
41.6482
46.5911
46.0312
22.5416
30.5042
40.5857
48.8967
46.6144
47.5198
33.5958
18.3426
28.2908
32.3534
29.7046
42.4305
45.2581
28.3704
35.9123
49.03
26.9077
32.9057
23.6162
39.8305
40.5163
36.5483
41.4207
36.8678
46.0758
42.3207
26.8157
40.9939
46.1138
21.5938
44.5794
37.2196
45.584
47.8406
40.9485
39.9346
38.9099
30.5878
44.1869
19.3203
35.8491
30.4297
35.3351
42.6619
45.3355
40.2514
28.0795
34.3009
43.2411
35.9335
33.6182
37.3476
49.032
28.9014
39.4001
24.812
43.1996
49.5958
44.0587
44.8748
32.1034
37.8111
44.216
40.381
38.9296
31.9427
32.9339
43.8534
43.429
48.7033
13.7351
31.2319
45.4385
44.6719
39.3518
50.4154
42.9296
35.314
34.411
43.6091
33.1192
40.4743
48.6661
44.5005
34.1385
33.9257
39.5684
44.4414
27.9096
44.5412
50.5038
41.3561
48.6732
42.0789
43.5487
27.5849
26.7667
38.3426
43.6926
32.5488
36.2629
36.8346
24.7739
39.6041
40.0831
48.4976
46.0406
52.635
30.1711
44.0969
41.8075
37.9673
40.6465
49.0636
45.9675
31.512
42.3195
20.3397
35.0179
34.2467
47.0118
48.9946
46.5225
45.1465
45.5992
38.754
33.8737
42.5904
44.5071
50.782
46.2096
39.9269
47.0429
50.4264
42.1069
36.3321
44.5038
51.9624
29.0871
50.5674
51.7547
36.2325
33.9727
41.921
50.5613
35.5926
43.3221
46.637
41.2635
45.9667
37.8477
49.1407
38.8221
43.9873
46.9397
34.9399
23.7463
31.7819
43.7981
38.1949
44.4753
33.8218
40.6366
42.6068
34.119
49.6627
47.0945
42.9905
34.1683
49.3922
33.316
26.5831
34.6756
28.5448
31.1046
35.7078
42.0232
48.9862
35.9225
23.5833
45.0558
40.606
33.5554
33.6773
30.7057
43.7106
39.1951
13.713
41.2361
38.3192
37.7597
29.5732
27.899
48.6066
48.4036
45.6624
45.4596
43.5369
38.6037
41.304
47.309
46.2431
52.3321
46.2236
34.7481
31.8429
35.2398
26.3061
37.4312
33.1887
38.7789
46.2955
44.5369
39.5793
42.3464
24.9673
31.5284
33.2572
49.1691
42.0377
29.3813
44.2677
49.9666
34.7929
29.5804
48.0558
41.2
37.3604
47.0959
43.8682
43.6593
39.729
26.0287
42.0855
49.741
44.7795
41.9245
42.2352
45.6246
38.3949
45.514
45.8652
26.7636
48.9456
37.7386
39.2074
38.3394
27.9872
41.4666
26.0411
52.3671
47.0193
41.2092
36.1987
24.0582
43.5067
22.6651
27.663
44.5845
25.6679
44.212
40.9785
41.1639
35.4979
39.5289
44.4232
42.1596
47.2406
47.6197
34.3017
35.1362
40.1496
42.6299
45.9553
37.536
43.5918
47.7585
35.6729
45.7423
27.8443
51.0398
33.3986
35.8683
45.6984
45.6372
48.4772
38.2644
23.9879
22.5254
35.7967
18.0335
32.9168
46.7729
42.5788
26.6771
42.9732
50.1005
41.3274
36.5524
44.188
37.6201
45.348
39.4103
49.7078
32.691
34.3814
45.5704
21.9079
41.5337
46.2908
40.2013
47.9996
42.9313
31.6249
40.2168
36.5534
30.4084
37.5901
45.9758
38.4813
30.7966
41.8848
22.4741
41.9015
47.107
31.1808
30.059
35.6394
47.6118
25.8289
26.0742
41.4588
25.4718
34.8616
25.8524
25.7391
48.7963
44.0986
36.7881
30.6585
48.4344
45.933
40.7535
31.968
40.6378
38.7226
40.6527
41.4535
37.7146
44.5794
46.6256
35.9179
41.6497
39.8072
30.1937
37.6055
23.9828
45.0788
48.4674
24.0745
38.5189
20.5848
33.4739
42.414
25.6411
37.6074
31.2225
50.8118
28.6331
49.8642
37.2824
47.0171
25.7191
29.9084
45.2732
30.8119
36.5447
51.1613
34.8745
48.1365
46.1075
22.6839
32.173
30.399
42.8272
44.283
48.3146
46.4972
49.4033
44.7236
34.5283
17.6857
44.3547
45.7834
38.8203
47.7726
32.7478
44.8735
45.1562
48.4325
35.041
38.848
29.0992
37.2714
50.1996
29.9073
39.5315
41.0832
31.6425
38.0741
40.4763
42.6604
30.4475
42.7964
46.5691
46.8706
32.5879
24.288
42.0631
39.7125
19.0865
37.0223
36.0954
45.6029
46.1145
48.1985
51.996
36.7845
29.6634
48.86
43.6816
49.1175
32.5733
43.2536
31.4872
49.6791
38.094
32.3908
46.3121
40.6101
42.3061
25.7193
37.3718
28.1944
20.896
43.8731
50.7965
30.479
33.6243
47.9859
45.5535
43.9293
47.7375
33.2515
51.6054
35.7328
32.9797
48.3684
24.7112
45.2727
46.9443
38.0957
34.2828
37.0308
45.6299
35.8555
15.6962
32.6156
47.9778
41.1943
28.747
46.3743
44.6316
44.0787
44.2061
34.0669
19.8385
27.8721
39.518
45.6127
39.8002
35.9195
34.927
35.5787
49.4318
41.057
40.1852
37.1455
15.3941
48.1789
47.0949
26.2577
40.6173
46.3982
51.801
35.4394
47.8934
49.0494
34.359
48.429
25.8514
36.1745
30.3843
43.6712
41.6506
43.6921
46.5412
47.8699
48.7775
44.9298
38.5806
48.3128
35.6045
29.4099
37.0984
46.4588
33.5514
37.267
50.2998
49.8979
44.3029
38.9534
48.4318
31.911
51.016
32.4667
45.766
48.2346
39.5665
43.3236
49.7407
26.8544
22.6457
49.1834
31.5017
43.7439
45.0283
39.6209
47.1372
45.9833
33.153
46.9644
26.5302
43.9339
44.0821
38.8943
43.9974
39.0861
27.0683
29.459
38.9915
46.8088
48.8595
26.5979
36.6669
39.4347
47.8921
40.589
35.1656
22.4885
49.2961
41.3837
49.4078
30.4399
26.5391
19.7394
43.8968
37.2646
47.2205
35.315
44.5695
47.5276
33.198
45.4496
42.7334
42.478
42.332
48.7455
47.7099
43.0873
36.0873
36.6675
48.5855
49.2233
48.2099
44.6653
47.5131
44.2876
41.654
39.924
42.3401
37.7955
35.84
37.3462
41.0662
43.0683
45.5965
28.6072
40.8731
36.7968
41.155
42.0152
34.6327
46.4602
33.3327
42.3843
39.4658
35.9505
18.1684
46.0711
26.8734
37.3139
32.6637
43.917
49.1631
47.5065
42.0717
34.3691
45.8602
46.1943
32.5753
33.0306
35.2622
50.5115
36.5141
39.3963
44.6262
50.1825
36.3516
29.7746
26.7616
36.7076
40.7788
29.2579
45.9993
38.6504
42.8367
39.7244
42.563
50.4539
24.7605
37.6247
36.4656
48.6733
45.5162
48.2485
41.255
38.7866
43.864
19.1649
39.5232
32.2673
34.0291
29.2586
25.8528
42.9443
38.2959
44.4268
33.5355
41.2184
37.1999
37.2829
28.9765
48.793
22.4522
36.9939
40.1073
36.3188
39.0762
48.3241
33.397
40.9668
51.1936
39.8329
28.9522
41.3449
47.0005
32.4345
35.0885
33.8811
31.8363
24.9558
43.4443
45.8304
39.1144
39.7787
32.2978
24.1099
38.2603
34.6613
27.4033
50.1642
35.4238
36.7937
38.626
43.0686
35.6403
42.5777
38.7242
33.044
40.6422
46.4151
40.067
31.913
37.4474
45.1379
23.0491
42.2286
40.5665
32.9966
42.7528
37.4253
40.7441
43.0571
32.4026
51.7024
41.4424
45.6026
37.1814
34.809
46.6208
39.2106
43.1486
33.2175
45.6204
45.3614
28.6341
38.5464
40.5886
44.6259
27.3396
44.5203
34.2098
37.1211
39.1311
37.2885
35.3922
44.5184
49.2314
49.6148
49.3826
31.0207
39.166
43.7534
45.1214
48.0321
41.1898
47.1804
36.7434
38.7411
30.0336
38.3776
35.7652
41.3487
48.768
31.0944
18.4086
47.4175
42.5682
38.2008
38.6311
35.4769
47.5943
42.1345
38.2901
43.1584
46.9831
45.2696
41.5107
49.4624
48.4764
38.9217
32.761
29.7937
42.2986
50.432
38.7805
24.6555
39.4168
36.6261
33.5882
44.7739
40.6067
38.5081
36.9762
33.9758
45.4973
29.9052
31.5169
25.5864
34.3073
39.6081
48.1373
41.4363
37.079
40.6794
41.8965
34.0763
44.4209
43.8782
43.5905
31.7731
37.5028
36.5563
39.0223
43.4299
43.5227
31.3103
46.2686
27.2427
36.293
32.3982
37.9802
26.1695
43.6595
14.7825
48.6592
33.1712
32.9885
45.43
45.9575
46.7996
50.8478
34.3024
29.6915
40.8571
43.9149
42.7816
38.2648
47.2493
49.6539
41.6141
48.3223
43.2223
39.0527
23.5809
45.8423
35.1925
37.8415
32.1299
48.2375
32.8783
42.5136
45.6558
34.9214
41.6507
36.7716
30.1465
42.4884
34.4883
45.6252
26.9486
40.008
47.6637
36.1879
40.4753
32.3449
24.8171
37.7401
32.3611
45.722
36.3666
37.2597
35.2616
45.563
35.06
29.5696
39.611
19.3701
38.7697
42.3684
45.739
43.746
47.8579
45.9213
40.4741
31.6878
37.7482
45.3448
39.5685
38.137
40.4621
36.0737
44.1476
50.3254
35.5115
29.55
43.0236
32.6015
43.5451
49.0266
34.7946
49.8708
46.0509
45.4512
39.903
33.1174
33.2437
43.3191
45.5929
44.738
49.1552
40.2186
40.7526
49.2339
39.3713
46.6861
48.8478
47.1776
41.7428
26.0608
43.8883
38.0181
40.1384
43.1151
37.6945
44.8457
35.0228
40.448
44.3134
47.1746
35.7926
28.7334
44.1433
50.3125
38.7769
44.7524
27.2758
35.5902
46.5518
40.2457
39.0594
35.212
22.0571
36.2876
45.4244
36.258
39.2522
40.0322
45.0278
33.2088
25.7399
33.201
38.2359
50.3046
48.6222
38.4182
35.735
45.6666
27.0738
41.6392
50.5142
29.1674
39.9409
41.3447
36.7824
44.2452
21.6374
30.5681
32.5649
36.3547
49.2512
35.3038
41.1943
51.0093
49.0968
36.1518
49.5052
37.5908
45.719
31.2702
42.2226
50.357
26.3068
38.8519
39.9687
45.4386
26.3663
40.5953
38.5115
45.273
32.2844
35.6816
36.1204
43.2445
41.3926
44.4557
41.7471
40.8989
32.1786
37.5627
46.2806
24.5906
33.1061
48.6116
41.3344
24.2132
48.8226
43.4661
45.2254
28.6348
34.892
48.2812
42.8898
48.4125
50.0803
22.9509
35.2445
38.6029
45.5887
44.7364
46.2946
29.8875
43.5221
49.833
33.831
47.7712
46.0049
32.8881
30.6467
47.834
48.913
46.8376
42.4544
44.8575
45.654
45.2832
48.3456
45.2631
41.3244
29.8983
36.9021
48.279
37.3917
34.681
48.2954
43.3672
22.3676
52.4283
27.5144
36.1944
34.5464
32.7414
50.7562
34.7331
42.6658
43.7709
50.6959
45.8705
28.2417
38.5333
39.64
36.6527
45.8203
43.2973
51.6666
43.246
39.1574
39.2699
29.4406
40.1189
45.1627
34.4492
40.5657
33.642
43.0134
39.9381
37.538
41.4744
35.4129
38.3783
38.3534
22.5125
42.5225
39.3226
39.9153
38.7238
32.1845
39.0153
39.334
34.5223
40.177
44.0133
47.2605
25.1485
48.602
44.1739
41.0831
36.3295
15.5026
48.9718
33.0303
51.8064
43.4855
34.5833
20.7684
42.0349
34.0892
44.1044
20.1821
45.4695
34.1969
47.364
47.0677
33.1212
45.3599
29.0045
47.1662
32.5281
34.7621
24.5815
41.3939
41.4029
35.4534
26.9813
51.6534
44.9485
28.6177
36.5098
46.3788
38.3545
43.3647
40.4173
45.8302
38.8701
41.9522
39.8836
44.6962
29.1893
24.3417
28.1304
32.3666
36.1504
51.5509
50.4185
40.7862
29.273
40.1295
40.6018
44.6782
39.5411
36.0305
39.3748
49.4384
35.9162
47.3054
36.765
37.2012
39.5066
42.3391
38.0204
47.5268
35.0737
47.2606
40.4014
41.159
19.9122
46.9238
38.7185
46.4734
38.5615
43.2538
43.8594
41.4433
35.5219
26.5387
52.3684
45.5716
39.5046
36.0802
43.4939
35.2054
52.3386
38.5335
44.934
27.5075
44.8879
45.7174
44.2386
47.8663
27.4405
38.8965
34.4025
45.4516
36.7495
42.643
38.2088
47.5207
42.8205
36.7224
36.1501
50.3331
49.4374
40.761
38.1385
40.0194
24.646
44.1395
30.0174
20.0143
36.0635
35.9658
25.6048
35.5445
38.2763
31.3838
40.7178
47.7901
28.3165
46.9671
43.5591
22.7433
42.3678
27.579
43.7267
22.8106
46.0885
35.4725
50.8125
37.0467
29.2964
35.1378
40.9353
41.7207
36.445
40.2604
29.8146
32.1332
34.7019
27.9969
41.8672
25.5948
35.8811
35.2438
25.6276
36.5282
45.8304
41.7054
44.2843
35.6421
24.1076
34.2884
31.2829
37.2605
33.4885
45.7438
34.2576
43.9159
28.6067
40.5436
29.2733
32.4572
44.089
47.0947
34.1171
45.8808
43.357
30.4786
46.8913
34.5198
33.0382
44.0527
42.0337
39.2684
26.5298
34.5136
42.7052
38.5589
40.2379
50.2213
34.5282
47.1392
43.9609
44.6173
48.1267
31.947
37.2248
33.7918
26.7907
37.0397
34.4091
31.6689
37.3411
47.8924
24.135
44.9202
47.6381
31.0388
35.5869
44.3989
37.9931
40.5497
27.1987
49.786
39.1269
25.6888
24.0782
38.2375
44.8433
44.5543
10.2842
41.3987
26.6877
44.6381
49.0668
35.1255
39.5093
45.1269
49.9347
41.5507
40.525
48.244
20.2866
42.881
31.3974
37.6155
47.6306
31.141
45.4342
32.806
36.828
42.7402
21.6651
39.1655
41.9006
36.4736
32.9107
34.0473
11.666
44.93
31.5182
52.342
36.8512
36.6263
48.6816
50.9891
41.2258
42.5076
39.5787
41.8465
39.177
46.4474
48.9651
44.9857
33.6208
35.0901
38.0794
36.2894
41.4323
44.9456
25.9988
39.3987
39.5274
42.6864
47.3877
36.5294
40.7887
46.2775
45.5005
48.7118
22.7972
39.5051
44.0867
43.2321
31.5636
30.6332
35.5091
36.9389
43.1925
32.9331
42.6888
24.3519
34.1027
41.9066
34.1182
37.0997
36.2527
37.0391
35.5397
41.4238
41.5633
44.4767
50.1942
47.5137
27.4324
44.7169
40.0484
38.3111
40.5614
40.9243
28.6814
31.0048
41.4986
37.9883
33.6249
29.7021
49.9909
35.0648
42.4442
41.2776
48.4299
26.2523
37.5248
43.354
30.003
35.12
39.4104
36.9851
39.1446
44.4727
33.6809
41.5996
26.7386
41.6649
34.2084
29.6467
39.8388
37.3898
35.087
28.8176
47.4724
42.4762
40.651
38.3882
38.3146
39.2481
27.646
41.1192
35.0563
47.2056
47.3952
26.2701
15.1806
39.6507
44.976
47.4583
28.2314
47.6331
34.3002
44.4801
38.5118
26.3403
33.9538
49.1927
38.9972
44.4864
47.4481
31.8609
50.7934
41.3518
42.7969
45.7168
47.8665
41.3538
44.8475
28.4181
51.1561
45.2621
33.5471
51.7435
43.5954
29.4604
48.5135
49.1402
20.3897
45.8168
49.6377
39.0008
45.176
49.5143
38.349
14.1727
24.0111
33.0206
41.2803
50.2915
36.7031
36.8766
49.3258
44.0299
47.2727
39.085
47.1161
39.4672
41.6678
38.356
38.6993
31.3144
31.9384
30.6192
38.7959
43.9506
26.8106
47.2455
48.4922
48.9282
27.2891
35.109
51.7639
29.846
41.346
35.9362
40.8365
33.4447
38.1314
41.3098
37.86
38.7158
44.5288
48.3422
22.6865
36.8863
26.687
15.7533
27.9963
48.5411
35.5097
29.6097
48.1954
44.8014
28.2229
30.9706
21.9225
48.7802
35.0062
47.3823
21.7615
34.5267
51.8003
40.7862
41.4488
42.7596
42.1187
43.7566
43.9428
30.4447
45.6885
30.0994
26.1661
23.8153
49.8633
44.8006
39.9722
42.1195
41.7165
31.8572
46.7752
37.4419
36.9158
42.5057
38.9972
30.5657
47.2414
39.809
30.7666
29.9802
26.3196
41.0282
34.3214
40.8424
37.6492
36.4545
49.7131
12.3465
37.7966
43.8629
38.7799
43.0196
36.3473
44.8538
50.4503
39.6166
30.9493
31.8572
41.6979
51.7808
27.8224
48.9255
24.5375
29.2834
44.3218
34.4099
42.5028
38.2852
39.6306
25.2269
46.5535
47.4112
25.184
40.8296
36.6742
29.6221
31.0506
47.1377
37.0449
37.7885
44.8949
34.953
43.9879
37.7018
31.552
46.6252
42.9266
50.0517
41.4929
31.8437
44.719
25.6764
38.6789
37.3789
32.2074
41.5751
36.0864
43.2843
34.428
37.5841
43.3664
23.1965
46.2381
23.2709
32.1601
41.1473
48.4439
37.0212
49.445
45.1456
40.2291
45.1662
35.0399
46.1111
28.6996
32.9953
37.6982
44.2352
31.0967
35.9321
39.7588
50.5571
43.4024
32.6642
22.9747
46.6533
20.1086
37.0438
51.1159
47.1319
41.5934
44.2204
36.4893
48.6955
36.0534
42.9982
37.5647
40.4757
40.1941
31.9427
29.31
43.8787
22.1376
48.1284
24.3691
39.244
50.0786
35.7919
42.6059
43.6119
39.0799
41.8252
31.1955
42.4113
46.9114
46.6864
32.3757
44.3119
40.4457
44.6132
43.0779
41.8695
43.2002
41.4859
46.536
39.1344
40.4084
42.4373
36.2122
39.5205
23.1514
35.7078
37.5312
46.6038
30.0224
45.1873
39.4315
39.838
46.0976
35.0847
36.9306
48.0472
33.5131
32.5563
46.9984
26.4392
38.3929
23.8494
43.4267
38.2428
32.9741
44.9324
19.5924
44.2739
36.7823
43.2823
44.2025
42.9506
31.5892
28.1548
42.2887
36.8711
41.4828
37.5105
42.4426
45.807
44.9048
30.6874
28.6894
20.432
48.122
34.2868
33.1309
48.0718
41.3283
39.436
43.1019
33.9379
48.8544
38.2571
21.7282
38.2097
47.5308
39.1273
40.0468
40.3082
48.2774
39.6701
44.462
36.8421
35.7003
40.6516
47.0987
43.1703
40.3394
45.0264
22.3975
25.1555
27.1082
35.2424
23.7564
43.695
46.1274
37.5779
39.8459
31.017
40.3698
24.4027
46.6623
46.1902
45.6792
48.7189
36.9704
43.4493
25.6756
28.7025
47.3496
45.77
35.3164
47.0925
44.4425
39.2979
32.1089
35.2455
37.3565
47.1103
37.5739
38.9193
28.2344
44.0166
24.724
40.324
34.704
29.901
43.1929
29.899
34.8493
48.1302
41.0526
32.9566
42.0498
47.4621
27.6681
39.4912
41.6266
44.774
36.3481
26.9976
38.3769
46.0512
40.1299
33.5781
39.5069
36.6132
40.7802
37.4353
43.211
39.5179
39.313
34.4467
18.3837
31.838
43.4549
46.2123
33.7591
39.7472
37.7036
25.2305
40.5473
50.0445
47.3484
44.322
45.8041
25.1383
49.0986
37.4118
26.8142
43.1059
43.5586
21.8771
27.1494
47.8957
36.3004
32.233
47.2781
46.9656
37.4133
40.4255
49.8885
47.3985
44.1404
34.2755
38.7705
43.1436
37.8297
42.1071
25.7786
33.6701
41.0112
49.4517
40.1542
34.8785
40.7524
41.2517
34.4871
36.0503
33.9835
39.4792
40.541
46.5928
43.8964
44.7327
34.6964
33.3441
42.5848
49.0067
44.5127
47.2263
21.8124
46.0566
42.4858
49.3843
35.6165
43.6757
38.3066
46.1691
46.4579
48.122
49.54
44.6718
33.7295
41.2409
43.6014
33.7033
32.0846
31.3434
40.8174
47.2567
38.7851
41.9745
42.6137
42.9082
42.7364
39.4713
43.8154
45.1889
36.5269
43.1713
48.0379
27.9701
43.074
31.327
44.1746
49.1145
50.8569
38.8025
44.1442
45.9581
33.4706
33.0535
50.0621
43.7538
43.9019
28.3708
41.9556
39.1024
37.8137
45.7075
40.8428
41.0632
40.0134
50.4343
29.5311
38.1272
35.6149
50.9209
24.481
46.3378
41.1955
42.305
44.2255
43.4865
25.2715
48.2871
35.7211
49.2675
48.2468
40.163
32.1724
29.1938
34.9194
24.2753
51.1856
33.275
28.5899
46.2856
45.0181
39.0471
45.2618
41.5012
33.8856
42.315
40.6032
46.8586
29.8772
50.0495
50.5369
40.1815
28.9602
50.7383
48.2838
47.187
48.6696
23.077
15.978
42.8904
47.9531
41.7714
31.2804
37.5537
46.9369
40.7775
44.2436
26.2546
37.893
45.0474
29.0614
41.3849
43.8376
45.2658
35.7262
47.6955
33.6283
36.3875
11.608
46.964
43.6736
43.6041
37.8777
16.9528
37.3026
30.8901
34.5378
42.1526
20.6664
42.5038
41.3248
40.406
40.8572
41.3961
42.2357
29.534
42.653
31.1567
36.2221
41.4996
42.2352
44.2602
28.1696
32.4769
37.4843
47.8477
47.1143
41.075
46.9176
42.1366
39.6846
44.1806
46.2551
44.9998
42.2033
47.0432
40.0807
27.0578
34.657
45.7531
47.1894
41.4459
35.2922
33.7133
30.5457
43.7428
50.71
36.4951
49.4455
43.9311
41.1993
14.8054
39.8964
39.8538
45.0771
43.3803
29.1558
29.4016
30.2004
49.0236
32.4243
33.3995
33.344
50.3887
39.8426
34.0977
41.8657
39.0854
34.4
28.7754
35.4983
30.645
45.3833
15.7919
37.0968
24.6587
39.8801
19.8095
43.6604
34.8773
30.6068
36.2245
36.6604
40.1139
33.0428
46.3397
17.1909
44.8801
45.1324
44.7713
51.3313
35.3318
29.5625
39.6927
41.1307
49.5766
45.8865
47.6845
28.0655
49.1509
50.3421
33.804
39.9643
40.5468
48.8706
29.5633
45.2233
33.9022
28.2917
38.9569
25.6085
51.0325
48.3983
36.5776
27.1771
25.2229
39.3393
39.8121
34.4863
32.8955
38.3695
44.6756
27.5362
41.5063
36.592
30.1254
33.256
32.5952
38.1305
44.0648
46.6926
44.3624
44.2749
35.8012
45.4386
35.3784
41.3039
35.6135
42.7374
40.5746
39.866
37.0153
38.3427
45.4501
31.81
42.6499
39.8791
37.6906
51.9107
37.3316
41.4001
46.1353
35.6754
42.9247
42.1522
34.5183
50.1511
47.8348
40.8413
40.9116
40.839
52.5071
38.6079
49.8873
22.0334
37.6978
47.3604
42.2234
31.2598
49.5368
38.7445
45.2371
47.1658
30.41
40.432
43.4995
38.0778
38.933
41.0628
36.1256
41.0809
44.2107
50.4968
28.3749
49.0692
44.1537
45.1206
35.0232
38.5946
34.3806
49.6374
42.5637
39.3645
45.4713
23.9538
38.334
43.3577
34.3984
34.4584
24.9408
40.4311
40.4233
26.4387
40.1599
33.6454
18.3168
46.1538
49.2961
41.3494
36.6901
44.2201
42.7503
42.4698
44.3721
49.1582
45.3173
32.0585
32.2807
35.5157
24.0073
33.627
28.8061
30.0767
36.7655
27.1278
39.2035
41.882
39.217
40.0212
36.9115
37.5742
39.5754
34.158
45.4304
34.1866
25.4403
47.4366
44.8169
24.5386
30.2744
42.7136
43.5284
29.9291
41.8852
49.1572
34.8228
27.7308
28.6897
35.3616
40.8877
39.1556
47.2553
42.3307
46.1478
42.6305
46.6671
46.5626
46.436
33.8937
44.0769
40.8978
48.6565
36.2972
23.2983
47.9414
48.6883
32.1475
45.2875
48.9594
38.099
36.8609
41.4395
43.566
46.1283
47.1076
51.4379
38.158
32.8722
36.2868
24.6092
42.5423
44.2672
49.6635
32.1851
46.0542
40.8039
34.2211
39.9262
47.2946
36.3574
38.2852
44.0316
37.1871
49.7954
26.727
47.2959
36.9708
28.0743
43.0795
19.6306
34.7771
44.1989
47.9383
22.2326
49.1208
38.4772
45.2785
41.4337
32.292
34.3421
48.7734
32.5474
30.2664
28.9059
43.7962
30.639
40.9481
45.8942
35.4098
47.7328
33.6997
25.5574
50.5197
45.7817
37.4285
34.4314
46.9972
42.9751
38.0089
39.3321
45.797
43.7839
44.8756
40.1762
38.0166
45.4345
37.8566
36.6272
46.3942
43.5052
43.0727
47.3805
46.8516
40.949
45.2325
46.1165
42.1943
32.7776
39.8188
43.8864
30.7631
28.3217
29.4106
47.036
48.6287
35.3094
25.2089
42.7369
35.1151
37.8318
40.5188
42.1531
42.4101
44.0709
43.4788
34.3712
46.4561
40.989
37.5858
43.1956
36.5311
47.8674
40.8833
30.411
26.8551
47.762
48.0051
32.4997
46.0832
35.5024
47.5467
40.2213
42.4386
43.5385
31.5257
44.0534
34.8932
26.7041
41.1816
48.1403
45.6691
41.9196
41.807
49.0406
44.445
42.9549
37.9033
40.673
49.4191
39.8645
44.0532
49.8361
41.8062
41.1137
44.9674
46.8325
38.3371
46.8949
27.047
48.1824
27.347
45.4121
40.3586
32.5431
38.7849
47.4457
35.6535
49.2551
48.9759
40.3614
34.7869
31.3857
16.7464
48.8339
23.694
39.9199
31.1086
49.1086
44.9145
35.4587
40.8139
35.6832
42.9592
33.308
20.4825
43.8425
37.3113
39.0984
36.5656
28.8156
30.9906
25.4023
40.4286
36.4523
47.8088
33.7138
40.3518
40.2647
26.8027
39.9077
32.8606
28.0973
35.44
45.9823
32.5259
31.5611
34.058
37.4956
44.9564
27.5939
40.1367
22.811
36.177
48.4342
40.2832
48.0702
51.6239
46.3205
38.8414
42.1838
43.4734
40.0631
47.7314
24.3894
17.7061
29.2729
31.7912
42.2714
46.0825
47.0087
31.2864
46.8417
44.8256
45.9295
48.4035
46.8964
21.4665
35.8142
45.0207
31.3863
33.9403
50.8314
52.3638
48.0683
31.8928
43.1704
26.1507
35.1042
41.3487
41.2518
46.8891
45.9627
47.3424
50.9027
41.4783
38.1144
40.7308
24.3151
25.965
43.1956
33.3908
46.3505
44.9307
38.3557
27.8666
44.6309
44.9359
41.349
34.762
44.1939
47.6384
35.8341
41.0364
30.1603
18.036
47.2501
45.3657
29.3803
50.4381
38.2255
45.2569
41.4827
42.5545
43.7012
42.3027
37.1011
51.9219
37.8558
43.3979
48.0843
41.9727
49.2677
51.8635
42.7761
40.4705
39.4333
44.9433
37.7869
26.3388
38.4328
42.4556
46.9114
20.9909
41.8803
37.2088
43.7737
46.001
51.5809
30.3512
49.566
26.3341
43.5928
46.8193
48.6584
42.6977
38.2877
25.5386
30.4161
35.5965
37.3201
45.0683
43.0522
27.7835
40.866
48.0512
42.321
28.8514
37.892
38.5193
33.4358
30.5459
31.8991
51.1581
39.4675
38.5886
26.3875
36.655
45.9646
37.7015
23.8018
48.0688
45.633
27.0251
37.2824
47.1932
45.3592
47.8648
31.6065
28.6141
39.5257
42.3996
45.8974
38.6225
41.3088
41.384
50.2473
36.345
26.8499
16.8515
49.1919
41.6214
18.1865
38.7367
43.2209
40.7791
43.1582
38.099
45.4096
30.6668
35.9356
46.1242
44.8743
32.1432
46.0773
47.8689
39.9831
47.6952
36.2311
39.5447
47.9521
40.4772
46.8774
26.8293
42.325
22.7452
39.7611
50.8889
36.265
27.5792
29.9705
46.9952
37.8294
50.429
44.1354
50.3047
42.1407
37.8899
46.0699
40.1778
27.3417
38.0264
32.7258
29.1603
39.1753
40.0953
38.3753
36.6008
36.7901
40.8011
44.9548
48.0156
44.2672
37.5795
33.0306
39.4589
49.8279
44.0737
41.5721
33.0562
47.875
48.76
49.9168
30.1313
50.8442
45.1294
51.5532
48.3791
36.9183
25.7694
43.9813
46.9952
49.3183
45.2512
46.8984
38.3351
51.4724
48.8035
27.5381
39.7175
39.1122
34.3149
34.5527
41.4636
44.0237
41.7176
42.8506
49.0769
38.9486
43.4284
45.3433
40.8283
45.4705
28.8128
38.917
45.5937
47.2914
41.9616
42.8126
43.6606
44.2595
44.9605
42.0916
34.4462
34.106
46.2785
22.3873
36.0131
47.0577
37.9511
29.2248
46.1978
34.5321
43.0184
40.448
35.3502
47.6751
38.7955
22.3984
36.701
43.9369
47.1309
32.6209
44.6749
31.3032
29.5278
46.5974
40.6379
34.5258
32.3689
43.1931
38.9397
47.3277
26.7084
35.8917
17.3798
38.0315
30.1877
47.3585
47.8018
39.7722
43.69
40.6599
39.4665
49.9851
48.9152
30.465
45.3684
43.5953
49.4644
36.4299
50.4738
30.9359
35.0666
41.743
44.5493
38.8894
46.6315
49.979
32.5168
41.8284
42.3531
34.3548
47.2631
49.9851
43.4744
46.7129
38.8129
47.9622
50.9766
36.2966
41.6666
50.0678
44.7731
44.23
35.579
44.3218
43.3714
50.6197
49.297
33.8932
48.5906
41.9257
44.4502
32.9809
47.198
33.0114
46.278
44.6922
40.1969
37.774
48.405
27.982
32.5214
31.1749
48.7687
39.0667
38.7535
46.0115
45.2224
23.9371
39.3714
33.9751
22.2395
38.0178
30.8265
39.2349
39.2039
39.1149
42.4181
42.0484
49.5751
44.3202
28.6297
42.8149
31.4305
31.301
44.5231
41.3816
41.4722
40.6975
35.5996
42.1738
43.5868
25.4657
42.3327
41.1421
47.5819
40.0413
44.746
32.3881
28.5803
38.2483
45.5734
47.385
37.1097
44.1223
36.5177
33.5157
41.3834
48.6093
49.1138
25.5673
38.9208
46.9651
49.3645
38.7539
32.3376
36.2958
49.7105
41.9565
37.5106
47.6955
40.6135
45.1402
39.7486
43.2955
30.7954
32.2706
30.8323
40.265
30.7307
47.6021
35.4331
46.0963
36.9759
33.7894
31.6461
38.4871
41.1462
41.0144
33.8407
41.8614
40.1885
47.8281
30.0784
35.9835
42.223
50.6211
40.2009
38.6234
35.8518
45.0366
45.0589
50.676
32.9246
48.8422
31.3672
45.9739
46.1432
41.3175
45.5129
34.1795
49.5651
41.2716
42.5504
33.2147
46.7156
39.2666
23.0621
35.2181
40.0483
30.9851
48.8498
22.7535
40.0251
35.5543
44.776
34.6661
18.7445
37.6842
46.4094
48.7007
46.6644
34.8633
32.2455
45.2853
40.1253
30.0642
28.3918
37.2894
34.0526
39.0179
49.0328
19.6087
30.1033
45.2583
44.1795
29.8105
41.7404
39.9818
49.0586
46.0892
28.0448
42.7248
51.4109
46.3536
45.714
43.4159
48.2322
50.3751
45.5456
34.0665
39.288
48.093
37.7555
34.7153
47.0886
40.2654
51.1285
40.1056
34.3109
15.9605
37.2577
29.7869
48.0908
38.8217
43.6412
29.9731
49.1733
46.8175
46.2731
29.8595
29.3048
45.9227
26.8654
38.5875
21.6031
29.1377
38.859
39.8769
36.2157
38.5139
35.3949
40.066
26.8316
41.6453
37.7821
29.085
25.4642
33.868
41.5801
47.7631
47.816
48.6686
33.3854
38.8522
43.6846
49.8985
49.4275
29.6164
26.9544
27.4124
21.2963
44.3931
45.9197
43.4625
35.0621
41.8954
46.0743
37.0039
36.7186
47.3286
49.1228
36.6583
31.8255
44.2491
45.9904
31.497
47.1534
44.8511
43.8134
39.1972
18.7183
49.1158
51.7911
47.7909
37.8564
37.0796
41.8134
41.491
41.2831
44.9084
51.1695
16.5107
46.4948
49.3194
49.0617
52.4849
25.6057
38.9759
43.7788
31.7223
35.2392
42.9958
31.16
40.6409
41.0904
34.224
46.8853
47.6607
32.0081
41.3968
40.9162
50.4199
47.8629
45.143
42.3384
36.4911
44.239
36.686
39.5728
41.2357
39.4704
37.9798
39.8742
29.6855
45.3797
48.0745
47.7026
29.8755
38.0542
42.2366
36.6955
46.4559
45.9747
45.7785
31.2905
35.794
50.6769
35.4815
45.7699
35.0541
36.394
26.169
43.741
36.4607
35.1385
46.2543
35.1331
30.1562
40.1789
36.5282
36.1703
43.7739
45.6238
45.8727
17.2582
37.0015
42.2283
34.5751
38.2069
34.8894
32.9489
46.8217
44.4413
47.6757
40.6693
43.487
44.6469
33.9661
46.9933
19.6002
39.3209
45.4444
31.7629
23.4735
43.162
35.6662
42.1553
32.1737
38.8692
47.9539
32.5528
41.025
32.8335
43.7269
44.2217
43.6551
33.3984
49.8487
33.2455
35.7125
48.3461
44.7551
36.8782
40.7683
48.7284
39.1295
26.2332
49.6787
47.3811
42.9732
48.2631
35.8851
27.0122
42.4894
35.6967
37.237
45.0392
44.1926
42.4286
23.1363
42.3419
40.6929
36.7025
48.6427
45.181
46.8059
41.1014
26.2289
51.6676
36.6551
40.6567
37.7379
32.1232
30.7284
41.8318
31.736
31.2946
41.0385
46.9402
47.1292
39.1002
31.0564
41.5374
47.5383
37.2236
22.9043
39.1676
35.6365
30.8602
32.0325
43.8936
30.9438
41.363
46.7468
38.5505
43.6823
40.4641
25.8962
42.9353
35.7458
29.4433
44.9521
42.4229
42.8051
48.3859
40.0795
41.5238
46.4704
34.1114
32.1484
48.6988
37.8128
39.9098
33.176
39.9009
45.2067
29.7871
42.2524
41.6195
36.2062
36.2641
33.3056
40.3037
44.3398
44.2861
36.295
48.054
21.3114
49.2171
45.5152
38.2016
34.1401
46.1449
45.9684
50.1455
46.2184
40.0128
39.1477
34.9373
37.6632
40.6567
36.2618
50.2255
29.4752
40.8243
29.3135
44.49
48.0435
37.5962
32.2658
35.0391
28.0254
41.1981
40.7113
44.0644
37.7878
34.2947
43.6642
43.0075
35.5588
47.5059
40.3581
41.5107
29.4298
48.9154
49.1838
45.3893
11.0262
35.6899
48.3429
40.2172
27.5991
40.8281
36.0042
27.295
46.6992
45.0784
34.2817
38.6502
51.9774
49.3815
40.336
48.5356
40.7604
43.284
38.1062
46.2769
38.7904
51.1761
13.9941
47.4244
14.3231
47.0001
26.9303
46.1247
41.2261
24.2931
45.1872
27.2321
50.6098
46.1642
41.1268
50.0757
46.701
38.0521
49.4065
32.033
36.3391
44.9213
24.8954
31.1993
20.0015
46.3094
34.9481
31.7015
40.304
26.208
29.5406
31.7572
45.4412
42.0504
40.517
35.558
45.4551
19.4328
30.3529
41.7055
43.4678
30.2286
31.3525
40.792
45.1019
35.994
49.2889
38.0143
42.3565
29.327
43.1711
37.6889
45.2538
41.4545
33.255
27.0403
32.6208
41.1887
34.7591
30.2692
29.9019
33.487
35.0514
50.732
43.3293
38.4867
38.5245
34.3177
41.3027
38.9465
50.4653
38.3102
50.8801
50.918
39.8458
49.1717
27.8197
37.3376
44.2015
44.7378
48.3618
38.4555
45.7128
43.5082
50.2145
39.9529
43.1728
47.7648
27.0825
42.7341
39.9162
37.9004
40.0489
48.1438
36.514
45.2186
24.458
25.8775
41.7091
39.9462
49.2972
45.2333
49.4535
39.0734
42.1748
42.1172
32.5179
30.0684
44.7294
37.8326
37.7387
45.8302
34.6232
16.6382
40.0746
38.341
39.7146
30.9073
43.5539
35.6853
47.5402
21.9606
45.1026
45.8543
36.4465
45.8497
20.6324
43.813
28.7499
24.276
49.5264
36.6569
47.5162
42.816
38.6161
32.2975
45.6412
33.5825
50.4347
41.1831
49.9406
49.0874
49.0546
34.608
38.3785
50.1735
36.8687
32.9234
38.2074
35.8991
35.3212
38.409
40.7296
30.9449
29.1904
43.0878
33.8825
40.7365
44.8499
36.9771
49.1557
30.2365
43.1966
35.0528
34.7451
35.5807
49.3723
24.807
44.208
28.6503
32.2251
46.7593
44.151
41.19
47.8792
42.3259
37.7095
39.0524
35.0951
33.2901
50.2971
34.8284
47.7798
36.5457
41.761
30.4092
42.7935
43.4887
40.3179
44.6358
43.0909
46.118
40.7244
52.0205
41.8047
44.1815
45.9354
43.9011
44.0578
51.7667
35.8707
49.11
44.1968
42.1739
44.5225
44.3884
26.8643
34.271
40.1309
36.7326
34.5779
43.6662
37.1704
41.4572
28.2804
51.3372
52.0607
42.9278
33.6156
39.6711
43.8227
39.4407
39.371
39.011
44.7289
39.7605
36.5293
39.8527
46.8534
50.579
49.5866
45.2419
30.6914
32.3843
41.1711
17.1442
44.702
42.8164
29.4156
27.1759
32.4729
21.9808
39.3685
28.4582
37.8974
40.8516
40.4708
37.9605
37.3742
40.805
47.969
27.3377
45.1586
39.056
21.562
22.6548
47.953
50.4715
34.8616
48.1616
39.3143
34.4557
34.4982
38.0341
43.3728
37.4025
50.8212
41.581
43.8866
48.7797
45.3463
22.3999
16.9969
39.6979
44.9657
42.7414
50.2772
41.7704
51.6057
30.4095
42.7368
37.7632
44.0076
46.0505
40.465
44.8877
36.8682
31.8346
32.0298
40.079
40.4898
23.6625
32.9973
46.5928
46.4535
49.0905
47.0827
43.9763
41.2282
41.1402
43.6335
41.6438
45.5924
39.7754
43.9674
40.4915
34.0797
50.7222
24.2056
29.2977
28.0546
35.2644
32.23
43.7193
24.5076
50.8847
38.6909
45.6648
48.2645
36.9458
40.3212
38.3301
41.2594
40.0881
45.7153
37.336
41.2372
38.4443
38.0497
37.0064
41.8353
36.5305
49.1533
24.0186
46.0053
48.5169
44.1452
39.8979
25.2114
49.4221
35.0985
27.2583
39.3695
32.5639
46.2346
34.9597
32.6175
36.2614
50.4784
32.0494
41.5003
40.5649
32.8091
39.5024
47.4807
38.2031
51.182
35.4885
40.1655
50.3748
38.7247
40.9224
31.9885
35.6494
42.245
41.4456
46.2552
40.5669
28.0525
48.4144
46.4424
41.2948
51.3307
44.2189
27.909
38.8415
38.5521
37.934
43.5403
36.3734
47.6104
32.2756
35.679
42.3158
49.0455
39.1587
38.968
36.5162
45.5608
41.1071
41.9442
40.9534
43.1608
47.532
47.428
46.8349
49.1077
32.2091
50.3758
44.52
42.1131
35.9206
38.0687
40.5406
38.5145
28.9801
31.7537
49.9943
22.7993
36.5746
44.2286
49.5945
48.2919
35.641
37.7154
36.5279
34.6046
48.6695
41.9309
48.9272
35.3466
45.2274
14.6654
33.0416
37.7384
31.6176
30.4607
41.2557
35.9279
34.5488
48.5008
45.0206
34.6525
26.1264
36.6034
30.2313
45.4908
41.1739
45.1395
48.5342
38.2801
47.6638
39.0161
48.5463
33.6222
43.426
39.7408
40.3589
29.1412
44.6518
48.7045
44.6653
22.972
33.5253
41.6706
34.8245
34.7894
41.7093
38.884
41.6249
45.7746
43.2645
50.2005
39.5597
40.7311
47.7283
47.3712
45.6165
29.0336
52.0097
46.8604
17.9409
32.5356
43.1573
27.8845
45.0031
34.191
33.3587
31.0584
48.0675
25.3373
34.2237
50.4861
44.2693
43.124
47.4726
46.3241
33.6006
35.4445
41.3278
44.0083
47.967
41.8042
35.2496
35.0729
35.434
33.8023
49.4746
38.0537
39.4886
47.8607
46.2943
31.3827
43.7056
38.7297
37.3432
38.0028
38.8084
41.279
41.433
45.4443
28.7236
35.4403
38.7451
25.7958
35.6228
40.6489
42.7238
50.6879
38.4962
33.7321
40.4133
44.3657
49.4332
40.212
36.8433
42.5203
27.2698
43.6211
50.6514
30.1096
44.8445
46.2318
27.3654
36.2262
30.9731
32.8505
26.6045
33.4376
25.307
47.206
42.5332
38.4301
41.4629
49.189
46.1415
42.9492
27.7584
46.2346
31.7759
46.1994
43.5389
38.0924
29.2718
40.5129
28.4281
45.3435
31.4077
41.9732
42.909
47.9601
37.5336
46.0392
47.9263
43.4887
28.6033
39.5574
45.3401
48.3918
38.641
24.2557
39.3181
48.6661
34.2426
22.6824
37.4194
39.5493
48.6669
51.3805
48.9667
44.9208
33.2629
46.5877
38.9046
35.9559
40.0186
42.2683
40.9449
44.6402
37.0752
36.0652
50.2056
47.6008
34.1526
32.6693
36.7596
38.1873
38.3827
23.8357
42.5635
34.5251
49.8274
51.0519
42.4199
20.3067
38.9934
42.7165
39.4893
45.2724
41.2909
38.677
41.8029
37.7278
18.8316
39.551
46.2933
46.1827
38.6714
28.1122
35.8073
47.0206
47.552
36.7861
31.0805
28.094
40.6183
30.5945
46.3374
38.2954
24.81
38.745
35.6942
46.9881
28.5268
40.2738
44.9236
32.7355
43.9362
45.6594
33.5924
21.6931
29.4059
48.7193
37.1487
38.7604
40.6144
45.7343
25.8388
29.411
42.7745
40.0489
44.3032
39.5122
47.1743
43.107
43.6074
39.9703
28.167
43.9215
20.0466
33.5733
48.5427
45.5669
36.952
26.3479
43.2452
44.4472
46.9852
35.5407
50.1879
42.8691
37.4749
49.5863
49.6754
33.4831
42.4057
31.8978
14.5455
36.7924
39.168
41.8916
44.2908
45.7985
43.3353
45.6714
28.9091
42.7766
44.3159
47.9609
47.5255
45.2077
26.4496
40.6504
23.7304
37.2079
35.7473
31.8044
26.3034
35.9087
37.5402
44.9558
49.7137
37.7473
47.0836
36.2732
47.6189
45.2201
45.9302
47.6393
40.4915
43.8991
37.0149
42.1705
40.9868
39.9359
36.6359
35.8936
31.6242
44.9068
35.092
24.5955
37.5928
29.8972
44.3945
46.7103
51.2355
47.5367
35.8966
40.4592
40.6344
38.9279
45.4688
43.3823
30.9769
49.1799
30.3378
37.2478
44.7444
38.5266
44.323
40.8224
30.4822
47.9272
43.1209
44.8599
36.4347
47.8258
44.8058
33.8815
44.1642
45.9204
33.6733
50.8603
38.8693
34.4047
45.5004
45.2703
42.174
31.3147
31.0619
46.5544
43.5602
25.5295
46.6563
41.8124
40.3119
42.9984
42.9383
36.9916
40.6889
33.0952
35.742
44.2921
46.6085
47.9949
50.766
32.7666
45.5836
44.7321
51.8699
38.896
36.296
41.6861
32.3014
50.6666
44.7964
49.8201
52.5718
29.9991
50.1697
48.312
26.2103
41.8521
41.006
46.8203
46.8362
37.2894
33.1473
48.1867
34.8214
21.4057
27.0962
49.5148
33.1389
27.4642
50.0357
23.1608
29.3823
51.0143
34.0727
46.2942
44.3645
34.12
32.2214
44.5024
51.7207
44.8174
44.4453
39.8769
42.4861
42.0708
47.0939
40.7347
44.2317
21.3611
39.0609
47.8407
21.884
31.9518
37.781
40.5482
47.7078
47.3717
36.8881
31.1697
31.8804
42.8479
42.4324
39.4989
42.1407
51.1655
35.2756
48.9573
42.8659
44.8176
46.1234
49.0192
36.4878
38.0861
37.2689
25.7026
41.5661
48.9817
48.6066
25.6402
38.1626
36.8407
46.6241
29.4113
35.6743
35.8873
41.2248
34.4596
27.2055
22.7705
30.9426
39.6886
37.058
26.3793
47.9955
44.0499
19.4982
47.6455
45.7795
33.6631
52.1399
40.1888
36.8868
37.3412
43.9645
43.6589
38.0709
49.0202
37.6442
40.9854
40.6273
40.5595
50.7304
33.5736
40.4989
42.1325
28.7406
49.7607
42.4942
37.8881
33.225
42.455
41.2902
35.1903
35.4835
39.9334
39.6127
28.219
48.4607
32.4694
38.5063
46.7852
43.2743
38.9341
44.6672
41.8056
39.7214
36.5969
48.4603
43.5131
40.7366
42.2124
39.4978
47.4111
44.1846
37.952
33.2475
37.4634
43.6476
50.3279
28.1599
32.7257
49.797
26.4509
50.8299
41.0839
40.0063
40.6423
43.6619
45.3899
31.2247
40.871
42.2701
40.8584
26.9215
42.552
41.9159
38.0519
42.4626
42.2834
38.2085
42.5013
48.4233
46.7391
40.4139
30.9058
28.7242
48.5292
39.8865
43.8027
23.6107
33.1504
37.1341
27.1845
45.726
26.1375
18.7711
48.285
42.3254
42.2973
32.9455
48.809
23.6739
24.361
28.4422
42.4594
33.2451
40.0323
41.8827
35.4077
40.2949
38.9988
24.5443
42.0669
35.0586
46.2902
49.0878
44.0109
31.349
30.6855
41.9825
43.7704
41.4748
23.4784
42.3893
37.0741
46.5047
33.7977
44.3736
41.3923
33.2799
45.3252
34.1753
44.899
44.1744
51.3413
24.3111
33.8221
22.8528
42.3286
29.02
43.3469
35.1935
45.2862
41.7743
34.0228
31.8511
28.9515
46.3707
49.802
37.5524
47.5203
31.7257
32.7771
40.5262
38.3887
39.9743
28.3751
36.5038
51.2908
45.963
37.131
48.8998
28.0142
29.6487
48.2534
46.514
21.5372
35.4041
50.1496
48.8795
22.7391
49.0763
32.3253
40.7675
34.1963
35.8662
34.7323
47.3374
46.6219
35.3714
43.4826
36.6646
25.641
33.7806
46.8056
36.8634
41.1269
22.9653
36.7926
48.9891
40.029
30.5008
36.7834
48.8251
43.5893
48.2252
36.2953
30.3164
40.0968
45.4493
46.6527
39.2464
38.4778
43.5614
49.7554
41.6989
45.2899
46.4908
43.4432
41.241
50.829
39.357
36.3714
34.6287
46.481
38.2057
51.119
43.769
38.9974
44.5804
39.1646
34.9421
45.6075
29.6536
28.5433
48.6523
49.5148
34.7244
46.5386
30.8068
32.2049
41.276
42.5851
50.752
35.9517
36.933
49.3349
23.1236
23.0275
48.1607
28.8947
38.555
41.0269
33.4411
47.7993
45.7983
35.1971
40.605
44.596
28.1645
49.4615
35.357
29.7372
42.6118
23.3827
40.8786
40.5686
23.4611
50.0248
47.8622
41.0717
21.9551
40.7013
34.9491
47.7833
32.6678
42.9121
47.8771
37.6258
26.9695
40.2014
35.819
35.8244
42.1675
27.6203
18.8278
45.666
44.1059
42.8118
26.9765
44.9391
46.1872
17.8649
45.2027
36.3297
39.5043
34.8676
42.8434
40.9508
34.7099
44.4414
24.7858
28.7324
51.3053
37.0833
44.616
40.2215
42.6242
50.2405
36.0349
44.7491
34.6525
45.9526
46.7972
41.6364
48.4547
32.6755
28.9053
51.8693
32.1675
39.7133
37.5899
43.5298
47.2064
40.4499
39.8588
15.1195
40.2716
35.0348
31.3852
38.1903
40.4597
24.2911
37.3944
35.5323
31.1617
48.7201
34.9592
38.9513
30.8803
50.0625
43.9098
33.0561
38.7157
39.8546
35.8543
50.4935
40.2102
24.6682
25.677
52.0515
45.655
46.6188
28.8941
43.4689
45.265
38.4491
51.004
26.3998
51.0188
27.9029
32.4913
45.2686
46.2078
48.0342
46.9087
42.7676
20.5666
39.7712
43.1811
38.9374
34.3558
27.0111
20.5268
45.6115
34.417
17.7572
41.4613
39.0182
23.3861
31.8094
29.9992
34.3239
48.0877
34.689
48.8569
27.9865
34.1614
36.9574
45.3009
37.5256
32.4428
29.5369
45.0098
34.4113
48.9581
28.7764
23.8978
49.085
39.0612
46.9198
41.3109
41.6311
25.3985
39.2544
44.7479
35.7708
40.8839
47.8517
48.3884
32.507
49.3587
32.6642
48.0575
40.1827
36.7498
34.841
37.4326
41.3132
39.5756
33.1754
36.8505
20.3072
38.6723
43.1595
44.2472
52.0618
41.7103
47.03
40.0569
43.8015
41.2362
32.0277
49.9352
39.5153
39.2938
36.0087
39.6691
29.5966
30.7008
36.8231
37.9272
47.3697
32.4194
32.5337
28.8895
47.6323
41.8079
44.2821
40.5187
26.4585
48.7365
40.4443
39.837
50.5843
34.8019
43.816
49.3931
30.207
44.2987
40.1778
39.443
34.4173
39.8246
30.5618
43.2985
35.6174
43.475
34.9416
41.6806
42.5103
41.3957
37.6921
44.4897
33.7826
42.4966
20.5529
47.2451
42.5141
33.4448
44.8908
46.5446
31.0441
44.8718
33.4026
36.2217
22.4568
35.7412
46.1767
43.2663
42.0172
41.7049
49.1945
37.4154
40.6715
42.6824
38.5447
42.4623
46.2417
48.1901
45.1982
13.5194
42.8303
44.524
27.4827
40.8505
50.0863
36.1504
26.2095
44.5292
34.0857
40.2419
40.9569
34.0731
29.1432
40.1819
41.5298
43.2268
46.1417
48.1207
35.9124
41.2477
35.1772
28.413
27.9272
48.4538
50.5338
47.2646
41.3454
51.628
35.244
45.0529
48.8984
29.2574
46.2687
46.2748
30.6082
41.1245
42.9432
25.629
48.0518
40.3655
37.4602
44.8161
40.1941
24.4489
42.5093
42.5518
35.837
46.4262
38.6408
41.725
39.0144
35.8873
40.1947
34.3614
50.629
50.2298
43.6854
40.893
42.5617
47.8019
42.9527
28.6811
31.6023
34.7464
25.6141
40.9797
33.6891
44.8348
48.553
46.2451
45.6519
34.2182
43.1776
26.4318
34.8865
32.9589
42.5527
40.2123
31.6211
42.8161
21.5319
50.0649
43.5495
45.3523
31.641
41.3663
48.6992
41.9426
32.5854
39.9826
33.919
38.558
41.6945
50.3326
31.1509
24.3682
31.7165
44.2943
42.5883
39.4429
41.7452
32.0542
37.8011
50.3979
24.2699
49.4447
35.0766
23.5907
44.8592
36.1651
46.8334
42.0051
41.7052
49.8999
44.3585
46.813
33.0307
36.5219
36.9696
48.0609
49.0218
37.8975
48.9564
42.7048
45.0435
38.1809
27.3264
46.7993
35.1283
43.0017
31.2324
42.7572
39.1812
37.4392
41.6607
43.3626
37.7994
47.8559
30.1772
43.8108
31.9113
29.9484
34.3209
25.7893
47.7299
49.7683
36.7753
27.866
36.4951
41.2691
34.6459
51.6961
39.4989
28.37
30.3849
29.8881
47.3191
34.2083
40.7925
47.4429
39.3567
39.9742
40.8115
44.4061
46.9053
30.2779
36.5562
47.639
29.8791
36.8275
29.5499
29.5703
44.2232
39.439
34.7465
27.055
46.994
38.2654
50.2152
17.9683
24.8591
21.7658
47.7199
48.7191
24.7436
43.2631
24.4428
27.8489
39.1652
47.9646
28.3783
42.903
20.4549
36.4975
33.0492
42.8468
30.1304
43.1702
44.3904
49.1337
28.5968
37.7197
34.4253
36.7234
52.4355
36.4807
32.2733
46.4725
39.1568
35.5375
46.991
33.8192
25.8917
46.7041
30.9673
39.7916
42.949
33.6431
47.5663
49.9595
39.0533
47.8881
35.0018
36.1456
28.5697
40.9031
38.2693
23.8031
48.5015
40.2331
37.4209
43.6968
45.7446
43.9333
37.2749
36.1908
48.8711
30.0241
15.6768
45.5784
29.9551
51.0636
46.432
38.9493
43.4116
42.8662
34.2875
46.2307
46.6542
44.7669
49.7123
27.3014
46.2006
42.62
19.0734
47.5932
46.7998
45.4325
43.9476
35.8707
21.5169
35.5424
48.467
46.2474
41.4789
43.8161
37.7961
44.9595
35.2358
36.1003
39.553
37.2244
38.1656
31.3634
43.4469
50.2077
46.933
47.5364
31.2761
50.0511
48.4624
27.6233
36.0619
45.4468
42.9747
42.4311
43.6372
39.8641
38.5071
41.2903
39.1273
37.6466
41.6904
41.4623
36.5371
47.972
47.6358
32.9253
25.8528
46.977
36.9424
46.4417
29.5617
39.5627
41.0476
44.6313
43.1044
42.5686
45.2031
29.1505
44.6665
48.2881
49.4008
35.0005
32.0852
30.1375
45.8588
46.2598
47.0186
29.1185
43.9018
36.2283
48.236
43.3459
45.6312
39.5725
37.5999
33.647
20.6072
43.908
43.6025
34.4706
42.3623
41.8384
51.0097
36.3433
43.2338
47.7909
46.9694
28.8299
38.2181
36.4715
26.666
26.5335
37.9465
37.7645
36.8078
37.7812
44.8016
45.6623
37.6603
50.8351
43.8661
27.1019
40.4634
34.6551
48.3295
42.7112
36.229
40.0385
28.2838
49.9846
46.2109
47.6992
42.2223
48.0673
43.3702
41.965
50.4978
39.8135
36.0229
49.6662
34.5015
44.3899
49.7446
24.211
37.7266
43.6404
35.1946
40.6009
30.1545
34.0979
36.1926
40.9907
48.7459
34.5836
25.6854
43.3647
41.8281
28.8288
40.875
34.071
51.0224
40.3988
29.2038
28.1954
35.0309
40.617
42.9768
50.5438
31.6295
47.9863
43.5456
36.2114
30.0498
44.0822
45.7495
39.5332
48.6089
44.8291
44.0288
43.7404
37.5421
42.7386
31.098
42.8539
47.3038
42.3283
37.4616
51.1363
18.4731
29.514
46.9129
36.7402
49.6922
50.6476
45.3875
23.6989
50.6292
35.7127
47.8014
48.2329
50.3667
30.5076
38.6602
46.6082
29.5874
32.9571
32.0525
31.9893
36.6692
45.708
21.7531
41.2185
30.8266
42.4698
30.4429
48.7864
49.7423
49.3141
42.1572
42.7528
47.9437
43.4446
46.3288
26.6208
38.2117
26.4074
45.1462
32.9576
45.1617
49.1921
35.0872
46.3215
47.9544
40.2727
33.646
37.1927
29.0684
19.0033
37.496
35.5339
46.4066
33.9735
30.7749
40.0774
50.4359
41.5343
43.8757
26.7068
33.6962
47.056
38.0276
45.1809
49.4368
50.2488
41.7717
22.5142
16.5742
34.7991
48.1051
50.5586
46.3596
45.3915
30.3693
48.6916
37.0155
35.0333
50.1406
39.9716
47.9004
41.5409
48.4324
38.1667
49.9796
41.9275
25.669
35.8918
49.009
43.7157
36.7285
39.112
45.8154
37.8835
30.5157
46.9355
41.7836
42.1794
43.1076
35.1101
27.7788
41.8633
46.0518
49.6624
52.247
18.5608
43.5784
30.3846
45.9438
32.7959
32.7472
45.3574
46.8741
47.0495
46.8793
35.7024
39.1767
38.7684
30.6605
46.7112
50.3841
46.1449
37.9184
37.9692
47.102
38.2035
30.8489
37.8721
36.9844
49.8377
33.4597
46.2245
44.1436
51.9477
23.6221
50.7979
35.9341
27.241
47.8543
34.138
34.9897
36.3035
45.8705
26.6165
41.7672
49.2051
32.197
44.0219
46.5263
45.6768
49.8899
21.5972
40.0419
50.5924
43.1853
46.9562
48.524
20.2032
44.9923
25.8611
49.3208
46.7281
30.412
46.4333
40.9831
46.86
36.6388
38.749
45.5955
35.7312
41.3291
49.3567
47.9999
38.5943
48.843
46.6806
22.2997
27.5291
42.7049
38.5164
36.7329
28.1682
43.4238
35.2824
43.1617
39.1019
45.0878
31.9832
23.9688
29.4552
31.1354
31.4517
48.209
48.9735
33.0832
31.2592
40.0556
41.7519
38.5079
41.1141
42.9213
32.2292
46.5549
42.3849
43.9206
51.1685
46.9894
43.089
35.4644
29.564
40.8578
41.0769
43.0227
44.1247
33.1092
47.348
41.3925
44.0079
42.9491
41.4378
44.5164
36.364
31.6975
30.0049
40.6535
35.9691
41.0726
51.1447
37.6608
44.2491
35.9034
31.2329
41.3765
48.2295
47.9859
34.2754
40.2811
48.4229
39.3264
38.9799
50.893
41.7413
31.1284
37.5282
35.9187
47.4998
37.7198
39.8022
47.723
41.0703
43.5694
45.4202
47.2673
50.7709
35.7428
43.4173
37.3059
48.1264
47.167
48.3361
43.4567
29.9107
27.1327
48.4184
31.6357
44.5154
36.904
29.5026
43.7233
40.2072
38.0222
29.2916
43.5332
44.0732
40.1987
47.113
39.7372
41.4644
40.6908
25.4263
44.4823
49.0793
45.764
34.4992
34.4589
40.291
23.6792
33.4052
44.6992
41.2841
46.3128
35.0125
42.1044
37.5563
51.666
37.568
19.3272
39.5246
34.2872
40.5479
49.3029
47.6307
41.9721
44.1542
41.3572
40.5412
32.7779
48.9809
46.285
51.109
42.9383
38.511
39.1011
22.5523
50.7397
45.8185
37.3227
39.4544
32.7005
34.8422
34.4872
37.7981
42.4629
51.4586
24.0476
38.2266
47.6161
40.4179
42.1056
33.3157
49.7915
31.259
44.6059
31.429
48.521
35.275
51.4213
41.0353
33.3561
35.1511
35.0305
42.1142
40.8763
34.7777
50.8772
41.7541
41.7848
22.7984
33.0609
42.4617
37.3952
25.3484
44.7377
45.6452
29.8066
37.3184
26.5363
37.613
36.876
37.2778
32.5386
36.8597
50.6797
36.6221
50.5116
51.4564
34.6727
42.5237
38.8055
49.7046
48.3656
40.2649
44.076
46.2224
29.9826
37.5903
35.1191
47.148
50.8272
50.011
44.3947
34.5303
35.7785
35.1803
39.8585
35.7825
42.9907
48.1586
45.0344
31.3333
46.8301
31.5282
45.4074
41.9206
25.9328
45.5327
41.235
40.6188
33.2762
48.0212
42.3999
46.1284
43.4911
46.6134
45.5926
38.3104
31.9418
44.9939
25.8803
49.958
26.7821
48.2289
50.8609
30.519
30.3234
36.8415
26.3492
35.4455
48.6587
34.3885
46.0512
40.088
48.8132
42.9958
45.8051
49.011
40.8524
43.4344
36.2618
47.2728
31.1145
45.0735
42.952
45.7096
