40.2046
36.7275
8.4284
40.0234
38.8311
37.7678
36.9051
38.5572
34.0117
29.52
36.1477
19.2043
30.9372
20.8814
38.0225
27.9868
24.1332
36.0739
34.4281
18.3896
23.601
17.5384
5.94244
24.7478
28.2712
36.3897
31.0279
38.3673
19.4096
31.5647
26.7951
34.5373
32.6472
42.2201
24.0322
21.6507
14.461
33.3738
12.1898
33.0773
44.0337
21.3673
29.5884
44.9714
41.1798
20.1051
14.1794
32.2659
24.6596
20.5632
28.4628
21.263
14.4702
34.0466
39.0459
35.8126
19.9469
28.4063
15.5985
39.3434
35.635
38.0765
27.9819
1.8132
15.4257
20.3659
23.5452
23.7683
37.4329
35.9002
38.5573
32.9737
27.4327
22.5345
43.5702
27.1862
30.2089
29.7985
36.6678
30.0708
32.5479
30.7445
43.8172
25.5667
12.6083
25.4833
46.6899
28.4446
33.8211
44.9432
29.5859
43.4461
31.1567
27.8803
25.271
22.5311
17.1484
37.4985
44.2179
33.4049
32.1816
18.4442
37.1645
34.6094
40.9128
27.5421
18.6324
19.8367
43.8943
28.5221
20.9022
24.7354
36.7839
31.605
24.2567
42.9747
20.0628
38.794
45.2077
27.349
27.2794
45.9381
27.5264
42.5732
20.872
20.8042
37.2395
32.4205
26.4088
30.065
32.4135
44.996
35.6173
35.6857
31.3428
9.65405
37.3083
22.0788
9.47662
39.109
17.1496
32.6771
16.8826
47.7502
31.1386
23.9135
22.815
36.0962
20.6292
17.6455
27.9321
15.0482
25.4889
27.0411
23.2356
34.6897
21.606
25.1619
42.4085
19.4542
27.7911
24.1624
42.5929
37.2985
26.6184
37.3192
30.1317
45.4678
36.8494
28.7828
16.0333
42.8611
36.1669
6.02221
33.6094
31.759
28.0923
28.6619
34.568
38.2075
9.53105
14.7519
22.3095
7.16328
47.5697
15.2043
38.0043
28.9663
35.237
29.6888
6.0505
37.2123
37.6168
7.3778
37.435
38.2898
34.1631
26.5533
38.1922
45.7787
39.4976
30.5111
32.1888
26.6226
32.2876
32.8897
50.1561
43.9476
30.2481
24.4439
31.623
24.9122
27.8971
26.8281
29.1092
36.4717
42.0751
41.5568
15.8999
36.3868
36.3002
39.4901
36.8056
18.0041
25.8235
23.972
32.5247
19.7925
23.716
31.7979
25.0714
38.3564
32.4757
25.3429
36.5544
34.8965
37.3539
13.1965
12.1739
28.4135
30.7306
35.9109
28.7606
7.95742
31.6328
20.5989
25.1226
27.2871
43.7605
22.5038
37.042
47.32
17.5104
40.0023
21.8805
41.9223
34.7794
6.95493
20.6601
25.4953
31.0645
31.2246
23.6201
28.3111
25.8066
10.0697
26.41
12.3317
46.7148
36.9628
42.8736
37.6349
34.071
27.7458
17.1343
38.6392
41.3229
42.8839
33.7183
17.5106
27.2487
31.1409
6.26804
31.5059
43.2024
38.6912
33.0226
22.9472
44.038
34.2668
33.209
32.7545
30.3342
34.3904
43.776
31.4899
12.7107
26.6678
35.1911
0.18372
35.0366
25.6686
27.4869
41.6518
42.6653
27.9739
41.4599
28.1523
40.8709
19.4884
10.009
15.3986
28.9804
26.3406
13.3411
41.8127
42.8618
27.3186
25.2122
28.755
24.083
33.0263
26.4424
27.7325
33.4116
32.5144
6.79058
21.2905
32.8843
2.62444
20.4381
31.1883
27.3444
31.0688
44.0338
25.9121
7.73103
28.6369
36.3112
24.8338
39.4806
45.4603
2.38349
26.7561
33.9657
29.0965
42.0129
33.939
21.7418
18.0326
21.1958
31.6149
36.6364
26.7787
44.7814
39.5184
32.0104
24.5409
33.652
41.3405
38.8769
25.8895
34.6546
24.0721
42.0229
39.2948
39.5796
25.6899
11.7519
41.2918
30.0322
33.3031
9.87215
1.47118
30.2224
18.4286
29.0531
14.7432
39.7475
31.8017
15.2261
42.4715
47.2142
37.3407
25.2052
43.7188
37.989
35.1253
11.1947
32.9787
36.5615
39.9986
31.8259
34.2135
40.4553
27.2439
42.0245
35.7356
38.959
33.3837
28.1382
43.6741
5.67286
31.8325
30.0679
28.7462
29.1937
14.4433
30.7126
17.9607
36.5027
37.5946
35.7727
44.5617
46.3366
35.7594
45.4773
33.9951
44.5214
37.6037
24.595
32.2652
6.52424
13.6447
14.4865
30.3281
41.2309
34.3959
40.5571
48.2532
18.647
35.8835
22.6535
23.7551
44.211
31.8895
22.8192
21.0888
15.8617
28.9168
22.702
40.0243
10.596
20.3006
36.7406
6.95289
30.5201
37.1412
5.92584
36.5664
40.2145
22.4544
15.8893
29.0732
29.8479
36.9534
37.0972
37.3226
40.0364
29.9543
15.953
30.0939
22.1352
36.5384
5.9834
27.0677
41.3163
26.4319
28.5229
36.0934
22.6574
48.5134
11.6998
24.5585
42.5532
34.5443
20.4668
33.3762
44.1959
11.9714
43.7596
40.4507
37.9832
36.6368
27.0086
25.1796
31.8709
25.4823
14.5687
36.5045
26.6152
30.036
40.3982
30.909
33.3095
38.6673
22.9585
13.8741
24.9271
46.5354
28.3871
38.7755
28.3155
43.2985
32.3071
46.3593
28.4853
28.5186
38.6034
8.44765
15.1371
24.9957
30.7101
32.8829
36.4601
24.7319
20.8994
37.7089
32.101
26.6688
25.7307
38.9576
26.6917
33.6534
35.5606
30.0021
35.4444
35.9747
33.4216
34.9614
14.9556
29.0217
24.4053
34.3352
21.2529
8.55647
28.9343
22.5831
41.0161
18.0551
27.3475
5.86373
34.4256
3.37442
11.7105
7.03611
38.0145
39.628
12.9392
27.9196
44.2077
14.9558
35.2036
17.0729
44.1006
40.8225
12.4682
35.9915
34.4183
44.9655
24.4211
44.039
23.7279
40.4295
48.3043
44.4049
13.463
10.8796
16.8218
28.9117
40.5811
8.78274
7.16211
38.0577
28.5754
17.5282
33.5649
41.2287
33.7022
27.8194
31.5684
0.622845
44.8545
22.2613
40.7352
10.7718
48.2733
27.9913
45.0681
31.6842
42.7118
38.7283
33.6777
20.9438
12.096
40.7419
31.8143
45.3013
32.801
26.8606
44.9979
43.2163
37.1184
23.3973
33.7082
30.8251
24.0412
25.9357
17.2778
27.3144
13.8973
13.5279
24.5238
2.60659
21.9598
21.0701
19.5799
40.8537
39.6281
29.5204
22.7968
21.0574
29.4011
45.4216
29.1413
26.2411
34.6251
39.4085
36.6492
30.8276
44.4573
22.3788
36.2294
27.6506
20.7701
35.8024
45.1194
27.8266
0.453267
24.7919
30.5347
22.1485
19.5821
28.9644
22.1305
33.8871
25.6441
37.6508
29.3195
41.9053
29.5919
26.8861
23.4891
33.8105
35.0827
30.3173
22.5992
40.5137
36.9222
1.07396
48.1792
24.6755
42.8606
13.5103
0.886036
36.576
34.9604
38.1543
33.034
36.2844
28.0155
19.5156
33.997
11.0694
39.0819
26.6989
45.9338
37.7585
45.6524
31.8345
30.3181
26.4449
33.6978
33.9169
27.6982
32.0738
24.9799
3.59107
27.6994
29.6617
33.6371
28.8223
21.5062
21.6647
31.5383
20.9301
30.8404
22.2046
33.1313
30.4388
41.5332
39.4145
37.3442
33.1121
44.7723
13.0139
44.6012
24.5636
29.2812
6.94643
11.9409
12.8585
35.5306
41.1044
35.6003
47.0792
30.0981
13.909
13.1231
18.7349
3.36709
38.2165
40.7569
32.1887
26.845
27.6422
33.1278
33.6206
13.5368
39.7685
26.4536
17.5876
39.6932
46.7175
24.7598
32.8508
39.643
39.5014
34.6675
28.4685
14.4141
32.4973
23.6084
45.1561
23.0831
24.1623
29.9538
35.3319
32.1186
26.2329
23.1253
15.9145
34.2966
31.8834
35.2107
34.6802
31.7738
12.0702
30.7208
26.5628
25.0365
45.342
19.5642
22.6413
31.4432
39.9979
38.4727
24.9594
32.2684
35.8672
22.2895
23.8409
41.6084
33.8899
29.6734
20.58
24.7765
39.0444
22.0756
29.8873
7.92638
18.78
40.3461
22.2491
46.3199
45.4046
39.9608
38.966
18.5158
25.6793
23.2647
12.4227
35.4557
36.6915
31.5312
29.8708
13.4971
20.0673
12.5843
33.0033
31.3663
39.3402
7.27176
28.0282
22.1824
44.0349
37.8139
25.3962
35.3839
31.4734
37.8182
33.2818
36.8563
18.6596
28.0743
30.0911
34.1321
29.2198
34.5527
40.0252
3.03574
36.7458
24.8649
20.3802
37.8311
45.3881
24.8315
23.0152
1.33739
41.1792
31.0295
33.6019
33.4416
38.4776
31.2983
23.9569
22.1839
27.8155
33.8007
38.6671
26.6792
21.9448
5.56522
36.7579
24.5579
31.9967
6.19296
47.7806
33.1321
43.0763
40.5501
18.3216
25.0197
38.3062
43.7395
31.0483
26.0092
9.00155
31.2998
11.1637
24.5063
1.21346
2.76604
27.6108
24.0068
41.3707
29.0113
25.3249
40.7893
23.2134
26.3372
26.5644
22.394
31.044
18.8266
39.5904
19.6006
39.6525
26.6657
24.0649
10.9244
10.3427
31.8995
28.764
33.9669
13.153
42.9233
26.6085
4.02619
39.7136
23.9144
41.6532
20.3995
45.2489
28.3625
42.3946
36.3826
30.2526
32.732
26.7272
43.5527
39.1958
28.9013
30.4204
35.8504
38.276
29.7004
33.5154
38.5239
40.7882
26.9455
38.0773
37.4446
48.0496
42.3889
2.46078
8.21984
27.7114
29.1223
33.6212
35.7596
46.696
44.3461
7.13278
43.1371
24.3047
38.4157
36.5984
11.4465
30.6807
23.7792
16.0505
28.2387
34.766
31.0583
27.8174
29.8081
15.0992
14.7633
38.7697
27.2177
24.6659
34.5043
22.9365
24.0667
28.6194
32.8907
44.582
12.9501
17.7237
36.8824
23.3903
31.368
24.7464
39.2427
42.4109
40.4987
36.9055
30.7592
26.5055
45.3918
22.4694
33.9715
30.0007
28.8556
23.8895
37.175
42.5935
25.7875
20.0091
19.6079
29.3272
20.7757
35.5438
24.1338
19.7588
35.0377
17.9446
16.7845
30.2181
30.1757
32.2792
43.3078
22.7215
32.1719
40.8958
24.54
31.2417
33.3904
32.6313
43.067
25.076
29.4668
20.9922
29.2304
30.0684
18.0255
22.6658
37.3483
22.4969
26.332
41.6231
29.0092
26.11
39.7023
18.09
30.9088
15.7267
33.1078
26.6833
35.2827
22.7122
32.5856
30.9904
39.3116
15.521
24.2079
20.8083
44.3846
46.897
38.5282
19.6727
26.5312
30.4247
9.94519
39.9032
28.1123
19.6676
6.12631
25.0465
30.1019
32.1742
40.1802
24.7436
15.8874
9.59075
40.2452
30.5406
39.8097
30.4641
41.0446
24.2394
37.0801
36.7909
24.1087
46.3066
18.9502
39.0058
37.8009
33.7966
23.739
36.0634
28.6792
15.5201
44.0229
21.7992
34.2893
32.5424
45.3445
29.6789
33.947
29.6117
7.5445
43.1937
36.2488
38.0501
42.6353
29.3823
36.3989
34.4032
26.5978
22.9139
40.4026
45.0887
26.0117
32.9461
36.8143
30.7366
39.8674
41.3081
11.6179
45.6869
26.1095
43.5846
35.2398
26.1826
23.2311
28.9196
20.6426
34.858
11.9475
20.6374
34.3892
31.6383
24.0666
47.5016
45.5259
31.8566
29.7179
9.58945
31.7887
24.9118
40.1107
34.6631
17.0565
23.8478
4.84262
23.7196
16.0739
14.7167
35.0272
15.8187
34.3354
33.3372
45.6197
26.9465
25.5515
35.1669
7.86849
31.874
39.3726
35.8423
36.6149
37.4062
27.957
44.1334
41.3802
23.7939
43.7469
30.222
38.7908
27.9122
37.4371
36.244
21.8273
18.8491
45.4241
21.2074
43.5725
9.02918
32.9121
31.6966
14.0663
37.3299
35.8907
35.7214
34.9511
23.896
24.7561
32.8681
34.4697
33.807
48.0261
21.5918
6.76978
34.3888
30.9297
37.6941
31.3378
41.3853
23.1146
34.0902
22.9217
33.219
16.2931
29.9213
46.8975
33.1768
26.6941
37.7908
24.5327
29.6157
34.3322
20.4853
24.8632
28.135
14.0795
30.9403
19.3664
20.6361
17.8145
30.2239
26.3303
22.5093
40.5471
30.0821
37.9603
39.1617
42.849
27.6938
39.9356
34.3515
39.6696
11.7293
11.5409
19.9314
15.9149
29.9769
46.0619
28.658
13.0793
42.0383
26.73
32.8367
26.5038
30.6725
0.360252
27.7421
28.4652
42.9754
19.1722
33.2805
33.585
40.4153
32.9902
27.7249
37.6566
38.5828
25.2133
29.8438
18.5923
28.5781
33.1704
33.6181
24.6864
26.4992
22.4705
21.3601
26.5726
16.7965
39.2998
34.3431
20.632
27.1886
35.6843
30.1558
30.1909
24.157
18.3172
27.2342
32.5438
26.0602
30.6983
33.4501
19.2022
30.3639
16.2396
26.168
35.3088
41.9501
26.3022
25.1162
25.2059
34.2231
23.6658
34.8915
27.1204
23.5551
12.9866
33.5573
38.9975
12.3185
24.259
29.6425
41.2597
45.7098
30.0394
36.077
21.7529
35.2528
34.647
29.4677
34.1858
38.24
26.9322
33.5932
29.8625
18.5715
39.1473
30.9031
22.9112
22.4467
15.7889
29.3937
42.4639
42.0483
32.6581
35.5175
32.8229
40.2909
23.8385
32.6222
39.3414
34.6516
28.6236
36.8847
15.429
34.9377
39.1438
23.9865
38.5287
36.672
0.974946
38.8476
29.5889
21.3817
24.9632
31.756
18.3166
13.1793
34.4743
5.96846
36.2747
19.9007
32.6665
18.4889
35.6976
29.1262
25.3993
26.0853
35.9797
32.6187
28.9589
11.2834
49.3154
38.9265
30.0936
22.3324
29.883
42.1877
31.0967
38.429
39.6113
22.4546
24.0426
24.4583
33.3178
30.0171
20.9227
23.8758
45.0433
49.1249
49.1596
45.5546
32.537
42.7503
33.2138
21.7359
29.5526
39.1599
48.0376
38.5162
22.4258
27.2959
40.4754
27.6843
38.8816
35.4275
20.3262
32.6646
46.7788
12.2492
17.4994
28.3497
46.6085
26.0487
13.5221
30.6116
23.5817
28.5917
31.4916
40.7558
40.2165
31.0736
22.028
37.6447
21.7629
34.0224
24.1853
24.6151
23.6133
2.32598
25.8847
33.5375
8.33082
24.922
9.27744
41.6162
30.4159
30.8025
40.6015
19.2031
32.1316
31.6249
29.0384
10.6192
3.39118
37.4658
36.1777
35.9857
22.2639
32.5336
45.1813
40.1864
17.727
29.8704
22.1944
19.0865
39.8233
32.8673
35.6135
29.4375
19.7753
42.2823
30.082
32.4528
14.9719
36.7515
28.8181
40.73
29.0183
34.8401
27.7407
0.75393
35.88
20.6684
40.7808
27.1549
5.08127
37.237
48.528
13.3286
2.05192
31.5281
22.9841
20.4925
43.821
37.6469
38.5348
34.8417
22.4591
27.345
43.2407
38.4733
40.3175
22.7072
27.9303
8.66245
44.6092
35.0102
41.0531
31.2253
21.3039
24.0069
25.7009
13.8377
36.404
48.5805
45.1394
39.8209
23.5538
19.9624
29.8669
16.4291
25.3404
37.9771
15.6058
39.4469
21.8486
30.9315
40.8095
40.011
20.3231
29.0685
34.1495
11.4765
17.095
22.8527
24.8147
36.5655
43.4421
19.9018
39.4699
34.0509
41.2536
26.5365
17.4645
25.0648
41.4633
36.0116
31.4445
38.61
47.3309
8.73044
27.8564
27.6992
20.3262
26.9124
1.70806
46.1138
26.7964
30.0266
11.0692
32.2231
46.9186
38.4923
39.7535
29.1565
25.1568
32.9378
23.0622
19.7786
33.5295
10.5169
26.222
25.3024
48.1979
17.0279
42.5584
42.1264
27.6046
29.6411
26.5885
18.0125
35.4185
35.8369
30.4652
11.7709
34.6699
21.811
23.0297
22.1196
29.6934
25.0783
32.4745
7.55343
16.2399
26.3482
48.3116
11.0382
34.6063
16.4911
39.9123
31.6097
22.2295
23.2159
40.1929
41.9663
14.5931
37.7227
38.9096
47.6077
38.483
33.8792
18.4505
28.2414
25.021
29.6668
35.7399
40.1138
37.1359
14.1261
16.7475
4.75417
25.0388
35.4944
28.4336
21.5737
29.2976
45.2807
33.6163
39.3221
47.1621
7.3365
37.5531
41.0082
34.1275
25.9298
33.7339
31.3408
33.12
36.9028
28.364
37.0385
30.2079
35.6635
41.9116
46.1439
27.7448
36.5303
19.6035
28.833
21.1554
39.11
34.9095
45.1971
26.662
37.3392
32.1018
13.5156
11.8637
29.5586
44.8913
31.0305
39.7245
24.5799
31.0197
23.308
28.557
39.4223
34.856
41.6189
24.1421
32.5674
38.8935
7.55994
30.6903
9.41408
30.4667
19.7224
6.03658
28.4914
24.1097
35.1472
26.8552
32.5038
8.73287
34.0866
24.8137
32.0815
30.2238
38.6107
9.83959
23.307
46.7736
31.3222
27.8826
30.3312
36.6491
13.6523
24.42
25.84
7.38514
37.8701
20.9784
42.4862
29.865
39.3924
32.7512
22.7162
1.57407
35.2113
34.8395
30.376
14.9019
33.0552
15.0205
28.1654
22.8024
39.0675
30.1795
38.0804
37.2977
13.8648
26.7468
25.7906
11.9771
32.5779
2.13052
44.9684
27.0654
32.4167
37.9395
38.2069
45.9268
33.3531
48.0531
23.206
44.6808
42.2813
33.4476
35.3634
25.5155
38.2946
31.6413
20.834
29.5943
39.1105
18.7258
28.1615
11.1318
30.2681
30.756
41.0483
14.0741
40.753
39.0007
34.3968
36.8832
15.4648
49.2681
21.6612
47.8042
23.769
26.6278
35.224
20.7466
21.6764
17.865
15.968
16.7124
33.3207
23.7679
37.9811
44.3052
38.1269
45.1536
27.4663
40.7548
28.7966
47.5876
15.0466
24.5783
24.0669
34.9734
29.0785
26.7992
42.3837
20.2701
32.272
33.5719
19.9519
35.7421
7.69043
31.5588
27.5706
33.5978
30.8719
20.7134
24.4312
31.6412
29.689
19.7935
17.1757
16.2045
42.8908
6.87589
25.3364
21.9247
21.5051
34.3892
40.8323
26.4101
23.3826
36.5773
21.5974
28.2459
30.2876
42.8884
23.909
42.1139
45.5216
33.4943
25.5838
19.7517
35.3937
48.6476
36.3845
44.4231
37.6519
37.3434
26.5996
30.0613
32.683
47.6685
26.5018
29.6104
38.9186
24.9384
42.2452
28.0274
44.2337
29.6247
30.25
38.4061
36.9359
40.1586
30.5183
10.5668
33.0922
19.8361
42.7885
33.4527
39.8579
36.786
30.1807
26.5216
39.6195
44.534
36.5674
43.7209
36.3485
26.4056
26.4138
28.8821
29.9102
13.4833
43.3261
26.894
33.1025
47.7683
46.4753
35.7952
26.8582
32.5827
15.2477
12.3172
25.2951
23.082
37.5555
35.6138
9.38567
34.2574
30.3582
27.3958
28.0565
39.6195
24.3644
28.0335
28.8645
32.3128
38.0929
25.4851
40.4321
20.0957
35.2223
32.5271
7.89988
18.337
30.9401
37.0389
29.467
40.5519
25.6604
32.4237
22.5249
37.9538
26.1872
9.34036
24.1225
21.2094
45.2933
14.9355
34.8894
21.108
31.3706
13.2666
35.0381
26.7239
32.8917
35.3701
15.3659
33.6113
38.6341
21.9737
48.5927
38.3011
25.1802
20.7902
29.9407
31.503
41.5066
31.3101
31.4322
29.8414
25.9791
21.1854
45.8555
7.02022
8.86587
28.1362
26.5468
31.0676
23.834
35.4549
41.2851
37.1373
18.5189
30.0997
35.5108
44.0702
31.2801
27.6829
42.8332
26.944
32.0139
48.0091
42.7581
37.4094
35.9947
45.5778
29.9205
36.2414
33.1588
35.3252
5.31614
41.1116
16.8041
30.2911
35.7459
37.4162
34.3369
18.6324
38.4819
25.8148
38.8621
41.1298
28.324
27.8013
25.9337
11.899
34.6788
23.3485
22.5186
17.0488
26.8892
46.1939
40.2774
28.0136
20.8003
32.1012
29.7173
40.6583
37.2287
24.2044
36.3893
34.3487
35.0526
32.3472
23.4213
21.3072
28.8347
16.9318
19.7921
25.7041
30.7232
25.4506
42.4842
23.9102
24.1222
48.7687
29.5792
27.76
21.7668
27.9312
38.0201
40.6338
37.5923
30.6865
11.524
27.2741
4.04668
24.4135
30.7156
21.666
38.4337
34.9568
37.8038
19.994
11.15
11.7072
18.6465
28.5293
27.0829
24.0637
34.8994
1.58712
27.818
7.32696
23.6814
41.1368
17.8218
48.36
23.8212
36.1788
23.2374
28.9197
27.9397
30.4299
18.9321
43.674
31.0855
35.4416
38.2544
46.624
31.5652
16.9381
42.6866
29.2809
36.6542
10.8448
32.5649
3.28609
31.1455
23.3549
34.8813
39.9678
20.8137
27.9117
39.777
37.5989
10.3253
32.626
31.5193
27.051
12.1133
28.1385
22.5538
26.2293
24.709
17.785
11.0925
24.6795
6.5016
21.5525
26.1972
44.8504
19.5248
17.1504
42.017
35.612
39.1951
11.9163
22.8286
30.1697
40.5504
23.4021
12.1836
45.4324
40.8513
33.3141
48.7379
33.6493
20.6332
35.2131
48.0261
23.7516
30.3789
30.2867
25.2422
37.8105
39.2309
26.1826
42.7429
12.8797
37.2462
46.2858
15.6857
42.1908
27.623
31.9996
22.8387
26.9462
19.5279
35.1457
18.3125
29.4785
40.3682
37.5965
29.0814
37.7566
27.1851
39.7349
2.23353
36.4444
27.8706
38.8924
19.4528
11.2408
20.8771
17.34
36.6705
36.6522
44.455
34.357
23.6548
20.3802
36.4251
28.9441
31.2725
36.7585
26.3443
41.0271
40.8826
39.0505
40.511
30.5223
35.9519
20.104
30.0735
28.4793
50.3586
23.4253
45.0419
45.4748
30.0652
34.2943
31.0344
37.5271
25.0527
31.2109
30.323
11.7934
32.7096
32.68
27.6639
25.0177
20.7532
36.5177
34.8781
26.5169
38.1001
13.993
19.404
38.0105
31.8523
36.6885
34.0627
28.2617
26.2038
31.5725
26.6294
37.2195
27.9386
32.9779
44.0318
31.088
20.9667
39.1873
23.301
29.9538
24.3653
26.1187
36.6408
44.2876
40.438
6.08635
45.4937
33.27
24.4207
28.1765
30.982
30.1133
23.2241
21.265
45.2386
12.866
26.5298
23.3134
10.2604
36.3384
35.9843
30.8724
31.4017
21.5641
28.0826
35.0041
26.4141
24.837
31.4787
28.1588
24.7755
37.3591
48.7751
28.065
41.4978
32.9842
25.2861
21.013
39.8751
38.2718
19.481
23.5181
42.5263
40.2443
25.6166
33.6421
31.8304
18.8589
32.5104
27.776
18.7819
29.5804
36.457
37.5267
27.4216
25.6319
41.5616
33.6781
33.9373
37.4466
40.7017
41.4279
37.6607
35.5512
20.4251
38.166
31.5766
47.4228
39.594
29.6045
6.71287
21.3596
17.0842
29.6188
15.4207
27.7058
22.8717
40.9582
7.02228
22.4537
36.5579
19.7956
17.6611
6.07735
24.2141
30.2334
36.2176
28.8871
39.9333
23.3956
37.3386
35.6176
25.1818
16.8644
31.9312
33.6936
24.5704
33.6994
45.7313
33.182
43.0113
31.8912
30.6862
21.4379
40.9044
36.3644
33.8714
22.2943
25.5471
33.2802
29.0752
43.8833
20.1479
36.9516
33.1363
21.2742
44.7493
33.1171
46.9603
48.1362
37.8549
26.0648
32.4188
34.9547
34.029
24.1711
13.65
35.272
14.7459
33.3589
46.3277
33.6545
40.4917
15.7459
35.906
35.9479
39.4631
19.5514
34.4419
17.0517
33.8527
4.88813
33.3363
3.94691
12.7016
34.9467
31.4936
39.7463
21.0885
18.8233
42.7891
30.7848
39.7076
14.1263
34.3101
12.7181
26.3608
1.7377
37.2289
34.8852
38.5019
30.5033
1.43506
46.4214
44.348
29.1633
16.6478
27.7684
23.8486
40.859
25.5524
35.9655
34.1451
45.9601
19.5029
7.92457
35.1866
19.1734
25.7018
30.5375
35.4475
7.61654
20.5026
35.6737
25.4562
20.1234
36.9169
17.4515
28.2038
42.6291
38.5985
40.5062
35.5827
31.133
29.7604
14.4737
26.3578
39.0605
39.7725
44.1674
24.0346
30.7279
38.8816
17.0106
4.76521
36.0185
18.6726
12.4159
28.9512
44.1644
25.0404
31.6495
47.875
33.8006
40.6109
20.9773
28.1124
38.1426
6.74842
30.9234
16.7478
37.1259
29.6494
14.8298
45.6745
31.2291
37.3141
35.0608
28.0409
46.8711
5.48815
27.2344
36.0737
35.3826
33.4418
20.0246
28.5899
35.3449
36.2621
37.1382
21.7867
43.698
22.0074
29.0407
40.8979
22.5467
28.6324
45.1536
34.3493
25.6975
33.323
0.0916106
20.3644
28.0952
32.8719
12.0363
18.4596
34.8897
42.8999
21.2884
30.1292
31.9682
28.3607
28.4815
29.1035
27.0123
39.1435
25.9
33.7489
47.4007
4.78247
32.8085
32.4682
19.4444
29.1508
35.842
27.8153
38.0584
22.7969
38.135
6.648
6.58932
19.3451
40.2017
21.6287
30.4507
35.1317
22.7438
21.2218
38.4889
18.035
37.3906
40.149
17.7429
22.7318
22.599
41.3136
21.2657
33.028
31.3741
28.2635
13.1432
28.1036
21.3921
25.9724
35.706
26.0543
20.5408
13.1595
20.4134
19.438
39.4272
26.9506
35.795
46.6554
37.7094
30.5312
23.3788
16.7739
24.9292
20.2797
44.3368
33.8145
32.107
19.9793
33.3537
17.053
41.9988
39.5076
47.19
35.0252
34.6018
27.1753
33.1785
39.4215
30.7709
4.41084
39.2768
20.0833
44.6364
22.4726
23.011
20.9871
35.3136
31.7611
31.9158
22.9083
8.17737
12.4511
30.8618
43.0084
29.5304
34.2279
33.8195
25.8346
19.6809
39.5595
39.0687
38.3434
34.1304
36.2973
26.1371
39.6392
11.981
20.3216
13.0073
37.3242
32.8562
28.0138
35.1573
1.81257
38.2842
41.6498
38.0944
40.0543
27.1962
41.4918
32.2355
39.4063
35.6026
29.982
44.821
28.3109
32.9264
31.8096
27.0464
48.2508
22.8002
30.2005
28.1914
38.2545
29.8388
39.8518
33.5081
16.2871
32.4216
27.7311
35.5079
28.0103
48.2604
44.5044
16.4426
49.6704
36.6762
45.1202
26.9143
33.2553
46.6312
41.6258
31.2878
12.3975
17.7214
29.0125
34.7299
46.1738
13.7946
38.1213
34.5621
24.66
25.8209
33.3527
34.0232
46.0941
33.1221
37.1694
27.2231
32.8064
43.2317
40.732
21.5266
28.601
28.3117
11.094
22.8842
28.7464
40.1813
27.985
20.9926
35.5135
23.1458
27.3958
10.5891
29.238
39.6311
24.7384
18.9506
37.1108
30.9917
30.1076
24.5766
36.6222
34.9866
34.9922
43.8101
35.1656
19.8102
46.6327
39.533
12.1602
23.3969
34.1624
31.3886
25.5667
22.8184
12.1533
18.4612
31.6891
45.6529
14.7524
36.8728
38.3208
28.5819
45.4519
24.4823
28.9436
46.1545
26.022
33.3645
39.1438
28.2383
45.9025
42.0326
36.2484
28.2075
28.5712
31.6955
31.5991
32.6926
29.2829
29.6747
41.3291
33.7996
26.9012
26.8588
17.3043
19.1873
7.50965
25.5133
29.5447
31.8818
38.3699
25.5905
27.7326
31.8308
32.9482
29.8095
40.3096
30.3993
40.1169
29.5119
23.1832
33.1864
39.6825
29.3079
25.2704
27.0379
34.6021
34.5474
30.0703
23.9843
33.6601
10.6461
32.5982
21.6524
10.5744
33.7116
36.1963
5.12544
41.5571
39.9635
46.2986
17.9237
43.3546
29.5046
31.2912
28.2928
44.7332
22.439
37.9975
25.8459
27.9258
35.912
34.492
44.3838
21.3396
22.7616
31.0742
40.4453
22.2285
24.8492
29.615
29.7153
33.7023
32.7437
37.6601
28.3856
32.6366
23.627
22.9174
10.0134
15.1659
31.7121
25.2025
33.7564
34.056
24.5423
22.2142
44.2237
36.2339
38.4319
36.1772
23.8739
38.0578
31.3351
27.8064
21.4623
14.7756
26.8782
39.8274
29.4651
14.2522
6.89563
42.5
45.1156
21.7129
19.3328
16.1532
49.1715
10.2586
17.2735
33.6439
23.3342
44.8633
25.4169
18.3774
20.8459
22.6227
44.2508
13.4095
18.5189
5.93192
35.6295
22.7145
32.043
29.4609
36.4441
38.5209
37.792
37.752
28.3156
37.6293
26.9476
22.079
21.9633
22.7912
27.2156
29.5442
24.5244
35.0301
36.4006
44.2586
35.2137
19.8593
30.3888
24.7444
26.6529
24.3842
23.8021
24.376
33.0944
31.5822
29.5623
27.5621
34.0452
32.2991
8.69819
43.4732
38.2407
29.6392
38.1334
35.6896
43.818
22.6169
23.4665
35.9198
26.4933
36.5705
42.2083
36.0689
25.9461
35.5594
27.4055
41.8727
35.9249
34.8579
24.7949
32.2252
37.3933
29.2067
8.60271
27.8679
21.5909
24.8964
18.1738
36.9323
31.3407
27.4855
31.4668
25.0867
19.7909
27.9623
37.8901
36.7507
21.3369
34.8058
24.8863
31.8086
28.1469
41.0214
31.6107
37.7742
28.9197
38.5755
35.7917
35.5198
43.3199
41.2
35.7594
30.6556
42.6713
2.16121
35.8382
16.844
27.1746
22.3871
23.7827
39.2003
42.073
32.2255
35.8098
28.813
17.0207
27.371
14.5288
16.6719
46.4843
27.4899
20.4131
43.572
26.9764
4.17215
22.3706
16.6005
31.8204
40.2019
24.9557
39.7677
32.0549
40.3693
42.5399
45.8913
33.1801
24.7532
24.1861
8.87258
46.029
31.592
27.948
25.9075
27.7812
20.1035
31.5798
33.272
25.7247
32.0393
13.9989
35.9691
33.9583
22.4071
42.9129
25.1725
39.1903
35.6087
30.1623
24.7484
34.5576
21.2727
0.273445
31.5556
29.3552
9.08133
31.6497
40.4367
31.0553
31.3049
38.4508
38.8185
29.3557
37.0513
29.9442
32.8994
28.2897
26.633
40.7275
26.4592
14.3505
38.1561
17.2958
43.9587
34.9088
24.109
37.0943
29.7053
35.598
35.9917
34.0537
34.8769
40.4325
28.3553
25.3964
28.2076
23.0218
28.2055
23.3401
32.8064
41.2133
33.8631
27.8732
16.8273
47.9016
32.6899
30.5442
39.8648
25.04
40.2216
41.4693
23.2142
22.96
42.5268
21.4888
45.0269
32.4228
12.5215
24.4117
41.1491
23.9778
10.2649
32.5597
32.2291
29.0805
26.0995
17.9222
31.9938
18.2495
23.749
11.3788
45.0699
11.7902
22.1617
40.4804
27.9938
17.1029
26.8608
36.4709
29.6085
34.0031
36.7108
22.6663
13.1892
10.6059
27.751
19.9192
38.0706
37.9486
30.7266
35.7957
17.708
41.5925
36.1395
34.8845
30.587
43.0398
24.0142
32.2565
23.8592
39.265
41.0448
33.9665
9.9944
42.667
36.5627
28.1954
36.7481
13.0251
30.3513
19.3586
38.0201
35.1166
36.6088
30.2963
15.5176
39.9508
27.0499
19.8165
20.3724
35.5894
11.9857
34.3781
17.3653
36.7735
34.6361
46.8765
10.8216
27.1386
25.773
35.5086
33.4469
43.7251
20.9001
26.061
26.3662
30.7247
32.0283
45.6156
25.0453
29.5138
23.2075
42.7391
18.8931
34.89
35.7898
18.6356
6.28904
42.4818
26.1077
38.2559
37.0553
16.9698
25.6002
23.8603
35.3959
30.2253
24.5606
22.3872
43.3441
36.5413
22.6142
8.43067
33.6407
33.5603
31.8041
38.9607
20.8938
32.8173
4.05009
44.6491
25.6398
22.8779
37.0672
24.8964
33.6531
20.2679
29.203
28.338
29.0438
10.1627
13.3226
15.0936
39.3945
39.1597
23.3643
39.4166
41.1938
23.3717
24.3136
40.8995
23.8352
13.7178
41.7975
38.6072
46.547
22.529
36.2678
26.3951
29.7327
34.5476
33.8829
31.5124
28.2564
46.7486
33.0738
26.7547
25.5785
39.9389
28.6672
37.4133
30.9604
35.9694
26.7097
33.9452
32.0731
43.3674
36.9005
9.60052
25.7459
37.6259
43.237
37.1492
46.7229
24.0385
35.0371
32.9609
37.5459
29.0723
21.1418
42.2017
34.0738
21.4794
29.1221
35.4053
42.9111
39.68
26.1107
23.5305
21.8507
35.96
33.7897
47.3425
37.5457
29.2239
36.5158
37.227
44.0138
31.9873
35.9206
27.9527
42.383
34.1496
26.9615
21.9583
24.3683
5.92302
34.1248
41.1758
41.938
44.5454
45.9455
25.5809
34.8591
28.0696
23.6152
29.037
41.6098
29.5698
45.493
43.4979
31.11
32.4007
27.9492
29.9715
24.8463
18.4636
36.8002
33.9933
38.2575
31.0426
28.2158
16.4578
28.7179
2.50889
45.1444
12.287
28.8634
32.7816
24.583
37.075
22.0564
34.4829
49.1926
32.0588
21.8174
41.2848
30.4912
41.5856
38.5604
35.4549
17.2978
25.5897
22.5861
33.9634
16.8064
22.208
29.2494
35.8615
35.3113
23.1498
31.8742
11.4588
45.5067
29.8452
2.81214
39.8099
30.908
46.9069
39.5251
27.1356
48.2611
15.4095
26.0412
27.6513
29.1747
22.6938
31.6391
31.7413
41.8551
9.44553
32.0769
41.3721
41.5338
10.0557
27.7433
12.8975
41.2004
22.9142
23.7009
21.9825
38.2312
37.467
46.2944
16.1325
12.8028
44.2155
38.3131
39.9528
45.9547
40.219
35.4156
16.8398
27.0764
21.1797
15.4196
17.711
6.42506
38.7372
42.8237
42.301
25.3139
36.5989
33.8529
30.9814
19.5239
21.4523
27.4919
29.6148
41.8708
22.8289
33.942
19.7091
40.7943
40.2333
38.9014
25.2217
19.0186
9.48402
23.4485
30.1586
19.8457
36.8637
23.6475
42.8476
31.8254
26.9565
28.3818
32.7026
32.0696
36.6376
37.3025
34.6064
29.0336
31.8268
31.3077
35.9277
39.583
38.2433
29.8229
17.5041
8.21117
34.5042
34.3847
41.3218
38.806
19.1354
13.0926
29.7545
35.5965
48.9305
25.5237
41.35
4.12971
42.9966
13.8382
21.6079
38.0895
26.583
30.8332
36.7928
35.0454
4.90048
43.9419
19.6203
37.8846
28.2105
16.25
35.8184
16.3001
46.7711
39.7446
46.175
44.1346
48.3572
29.4629
22.5588
33.3395
25.1212
23.5366
31.8681
38.6673
33.7532
42.0568
22.2825
31.1836
4.89697
30.0769
30.9713
27.9489
31.1098
32.4614
32.8504
26.1201
22.0897
29.1558
22.5204
23.1341
16.5967
7.75023
39.9663
30.037
10.6463
35.7364
30.6025
37.5842
32.3979
19.7645
23.2379
22.4148
34.3363
43.2695
35.4297
31.5144
22.8773
31.1586
41.7127
31.2338
29.9668
43.0236
30.9925
16.4312
41.3033
22.1361
28.0871
32.2808
36.0934
30.0723
26.5585
36.4118
33.9634
7.3321
31.642
10.1922
28.4226
30.8283
35.4502
23.3106
26.9796
47.2321
40.9196
40.8167
29.9626
34.6458
48.135
44.7866
29.9688
30.3034
26.9903
36.7614
42.3752
34.8855
42.6848
30.7141
27.3569
35.4231
45.2339
41.5966
9.7205
20.2716
27.8825
40.3051
45.5573
38.718
36.7886
31.1524
23.5042
42.968
25.1195
41.058
47.1047
32.5497
24.076
45.9814
10.923
28.8201
23.0392
18.0096
25.4286
36.9638
40.2576
39.5406
26.2386
38.357
17.2809
37.6249
38.0985
34.9309
45.0974
33.2968
29.4214
23.7817
17.9669
44.6813
43.0687
36.4937
30.5453
39.0539
25.591
48.0885
21.3118
35.9933
15.486
33.0774
18.9769
26.5348
36.8579
37.5734
25.904
30.7925
40.4564
19.0885
45.3631
43.4161
22.5369
32.1638
45.8785
36.3915
43.0717
33.2982
12.6929
25.3898
11.604
11.1217
45.2692
3.77779
17.8722
30.123
33.5757
25.1993
46.2985
27.3087
40.4933
40.1592
7.4524
26.8851
30.5153
24.1576
25.9238
33.3017
45.5733
18.9919
43.4399
24.2342
29.7987
36.5824
37.2615
40.6626
24.6744
25.2955
22.7126
39.4636
34.5961
34.4999
22.1934
30.8983
9.18454
37.9087
36.8134
20.8551
24.3004
32.7497
43.5739
38.65
13.4661
38.7565
33.6859
27.8636
39.662
43.9082
8.637
3.61696
24.6163
44.9088
31.1381
4.07896
32.0798
22.1919
23.7962
42.6236
32.2857
21.3154
33.8464
24.1493
20.5288
36.5469
28.6676
17.2631
32.8894
40.8657
37.6989
28.0452
33.6214
23.0324
34.7755
37.7443
27.7225
19.096
34.5302
41.7322
12.6152
31.3087
46.0121
43.0097
25.582
42.2629
42.5105
41.0753
36.375
15.8106
24.5542
41.6199
21.6867
29.6437
30.156
28.6276
42.2889
49.6775
44.9091
25.2478
10.0084
23.3435
8.207
23.564
32.9344
40.6206
37.0999
36.6184
40.2945
29.7194
37.7114
40.0711
44.9168
36.6472
41.9098
32.5562
14.1565
36.9103
8.69692
31.2811
42.8442
32.1482
39.6572
9.54896
32.4076
26.5002
34.9536
21.4814
19.0515
32.9701
33.6245
29.3162
42.8091
20.3831
21.0922
31.0163
31.3691
47.552
34.1258
46.2924
41.2531
34.0626
33.8387
29.2993
32.2072
29.4184
28.71
29.6228
39.0072
22.3379
47.9043
17.8012
30.9941
2.70366
24.9567
36.5368
22.0735
45.6073
19.2236
25.0037
19.2183
37.4417
35.3322
14.177
2.03239
42.6764
30.9834
39.1281
40.285
34.0082
39.8034
34.3463
32.9569
37.7075
30.0132
33.8886
23.2938
33.9393
46.2876
24.2897
32.5568
25.6984
43.2025
28.9865
36.6683
38.8996
9.972
48.9901
29.0389
35.406
48.2441
25.3203
41.6559
35.63
42.2616
23.2512
27.0254
36.6617
23.7066
22.763
33.3555
24.0797
33.2031
22.429
4.5413
37.5734
47.3694
27.0251
19.8045
22.509
29.4111
39.7983
27.0301
32.2647
28.7369
35.2165
46.6078
47.4387
16.8809
4.89368
33.2887
38.2846
13.4868
45.1833
40.9346
23.915
17.2331
29.3482
29.4294
41.302
23.4132
38.1577
8.00126
41.4233
36.605
27.4455
35.4777
46.2629
19.5687
17.6959
37.7997
41.7363
48.0925
29.8773
41.5524
39.0992
26.1966
22.5864
35.9398
22.9487
21.26
41.2074
41.0362
41.1916
19.5369
28.6885
25.1946
12.9367
30.8086
28.0262
30.5565
25.8759
39.4968
16.3539
23.8397
8.66867
26.7871
37.6652
34.3965
17.2261
44.8475
46.2779
35.3019
14.618
24.8394
40.0799
7.40188
35.9182
42.3548
27.4543
26.3579
30.1103
32.2147
33.146
42.4104
6.30337
42.437
24.2693
24.7296
47.3244
19.5134
33.2495
42.485
35.9246
33.4352
36.3946
30.3563
12.139
41.6255
48.4462
34.0745
17.8826
43.9576
43.1301
32.128
20.583
28.4953
43.1713
28.2598
34.8518
20.2994
20.1365
27.4312
16.903
4.74535
35.2361
16.4722
36.6647
40.0763
30.8733
24.0541
18.6495
19.8841
32.6126
19.5678
17.6716
14.4427
36.418
10.7956
28.1258
23.6103
37.0655
31.6063
32.7481
47.2311
41.4516
31.9657
26.6936
13.4367
28.173
38.2297
40.7819
32.662
48.3531
32.0147
26.4398
40.6337
29.6861
29.9324
36.5832
16.7169
43.4384
18.3719
33.0991
18.0085
22.0497
33.6069
21.0072
29.5312
32.8183
35.1962
38.2968
46.6918
20.3922
28.8919
33.8292
35.7325
21.6447
21.2071
42.0299
46.9195
40.385
30.8566
43.5281
36.8498
34.5124
31.3919
27.5846
21.582
47.9771
27.8284
26.1452
29.9578
31.3649
25.9182
45.4585
30.5115
30.9502
44.2394
2.16114
22.7124
30.5955
36.7442
23.7809
45.6175
39.6988
12.9508
19.359
41.5128
43.2568
30.9528
30.7528
44.6548
23.5029
33.5482
39.0918
41.0209
43.3506
38.5946
25.5388
36.6507
24.554
23.4496
34.137
27.9757
16.9371
20.2963
27.977
37.5827
34.3947
17.2395
35.7658
30.6788
28.7225
7.52653
19.4521
40.6214
6.22389
6.9339
20.9589
26.4172
41.2184
43.497
46.4056
38.4676
21.7837
19.4488
46.0588
31.7653
27.6792
42.5571
34.2925
46.2822
38.4487
48.6354
29.857
45.2931
44.0903
22.9327
27.8805
9.0119
37.2695
34.0462
36.0696
36.8615
18.3173
34.1054
29.6853
19.7349
26.1342
15.5038
36.1377
33.3857
34.4498
23.671
39.6113
16.558
41.1761
32.784
23.8127
28.5909
40.4873
28.6615
23.1612
20.7172
43.5107
31.5837
34.4941
25.346
46.3651
39.0534
18.5099
32.1904
40.0042
28.6509
24.6234
27.1265
37.0793
33.5191
18.5909
27.2231
20.415
15.5455
30.4283
30.4401
12.5289
26.6507
30.0988
33.4918
47.5116
11.7995
38.8705
27.0558
29.4772
40.1972
38.8798
14.8482
22.0215
25.9714
34.1149
22.7987
22.4456
20.2801
39.7533
41.3334
26.4277
39.0457
29.389
27.9653
41.6382
33.535
42.1982
36.0384
27.9225
31.2785
36.4586
33.7637
27.806
37.4919
38.0671
31.2948
22.4869
32.1946
42.1747
27.417
31.496
29.3773
26.1782
34.7214
18.375
24.4625
32.9612
41.8142
33.4877
45.9572
13.7238
19.9795
40.4784
46.962
35.683
21.7872
29.6192
34.2734
36.2453
18.413
33.7197
46.2982
44.3167
18.4443
27.8054
34.0229
25.4826
27.5756
45.7741
28.1518
29.9704
17.8686
38.2663
32.2192
17.3456
33.0664
35.1497
47.4912
25.6517
40.8855
7.25326
30.3119
35.0542
36.2782
32.164
32.5362
18.8079
42.9925
24.7681
38.208
31.7006
38.1578
28.8421
14.2161
41.5506
39.3905
39.4145
32.1903
37.9813
39.3773
34.6428
28.7786
42.7166
34.7173
17.8533
21.2075
28.7064
20.4021
28.2937
26.0493
20.572
32.5629
32.9096
26.5409
31.674
32.2496
27.7904
25.7099
32.5585
17.961
33.0637
24.4718
39.7207
45.7743
42.4742
34.3691
37.6414
29.6311
43.3124
35.3138
22.5477
27.1124
26.7062
22.9892
35.7491
37.4886
30.7526
27.9549
43.7776
25.085
11.0626
17.8233
32.7538
42.007
11.8149
30.5009
31.3857
23.2546
33.5837
10.7036
34.9868
26.6803
30.0882
31.6084
38.8751
22.374
28.5766
48.4963
43.3498
36.7519
27.078
27.5636
32.7545
25.297
20.6657
33.7578
20.3552
28.8502
34.1155
27.5908
44.4178
25.5885
29.6203
47.7188
24.1418
29.6003
35.9685
42.3083
23.0339
38.5728
44.9965
43.1205
19.7417
37.6797
37.7888
23.4285
39.1052
34.165
36.4312
36.9978
41.427
14.9987
34.2549
37.1437
33.2801
28.42
28.7407
9.76914
28.1969
41.3374
23.7704
14.6915
34.868
29.3756
39.5954
33.0062
34.405
0.0856799
44.7039
46.4384
38.6588
32.2292
45.5686
33.0089
42.1863
31.9877
41.4725
47.8553
17.4971
31.9613
19.5215
43.4232
41.988
41.1233
37.0008
34.0482
36.1041
2.30689
43.5201
32.2467
31.9905
25.9158
32.1721
35.1969
44.7879
42.2561
37.2676
31.374
40.72
36.7609
38.6196
15.8458
44.7709
28.8607
38.5762
43.7312
28.8555
17.8563
28.995
24.4469
23.5272
27.2441
45.5062
23.0186
33.5559
28.399
18.3257
33.5579
28.6479
20.8067
45.8376
31.4037
19.8242
23.9386
21.9487
15.1541
34.2392
27.5315
35.5896
22.3688
20.3365
15.9891
35.5346
29.2897
41.267
25.1537
41.8061
44.3022
34.6002
29.6652
21.7935
34.8882
17.7271
16.7953
30.48
27.7285
36.8779
32.9707
43.3353
40.282
21.6487
31.3547
8.23122
12.2407
30.2407
38.6104
23.7794
30.9156
48.1627
36.4387
41.712
19.5191
48.0966
29.6543
23.2632
28.1867
17.3934
25.3931
28.4676
25.7298
35.8574
40.1947
37.7371
38.4408
38.4594
29.4704
23.9951
42.2815
29.3784
32.1919
12.8213
28.3712
35.5791
14.5477
33.9738
15.0985
32.0014
15.0868
47.4739
29.4029
7.09401
40.8899
37.917
25.6676
32.3857
24.5959
25.912
38.6476
23.5681
18.7853
39.5367
22.5173
35.1531
5.89897
27.3393
36.4325
32.5378
31.1463
40.8761
21.6043
31.7475
19.875
29.5903
36.8352
44.6863
32.1565
34.3192
34.2482
10.8546
30.9081
39.5908
40.0759
26.079
24.1671
33.2242
23.59
13.1057
33.5109
35.3284
26.2604
36.9317
28.7665
41.4952
33.7916
36.7717
21.235
22.84
48.2856
44.7305
44.3035
27.8281
35.0597
34.9028
23.821
28.3133
24.0488
42.7442
35.3295
40.9066
43.9104
36.0742
21.0573
34.9102
18.9238
37.2264
40.2206
27.2424
30.3741
43.1837
33.557
2.56052
40.6335
42.9402
41.7422
35.7181
47.3871
46.3077
17.5391
7.63388
13.9769
37.794
32.2215
50.3868
44.0831
41.1508
38.351
14.2506
26.744
14.3654
22.4926
34.2378
30.2843
24.0658
35.9819
34.8056
25.6367
32.7909
44.8266
34.6434
29.969
44.747
24.5231
27.3705
28.2082
39.9104
29.4971
47.7547
9.2874
2.13226
24.786
44.5686
12.1065
39.3647
20.924
28.1054
46.4803
29.3204
35.5967
33.4785
36.9506
24.9455
18.805
27.5679
29.4336
17.9147
28.5822
26.5135
37.1026
42.3662
36.6168
34.2636
30.3078
7.09746
21.2925
46.2447
26.2006
23.3998
42.9685
34.6395
18.2974
32.336
36.4445
27.9378
37.3596
32.4349
30.2511
32.4027
12.6526
33.2923
19.9855
27.7319
23.667
21.5587
40.2768
9.53248
28.2235
27.0315
14.7454
6.54014
22.9187
0.252147
37.7994
36.2572
33.4999
31.628
27.5491
24.5409
37.9508
38.3578
26.2748
21.9685
39.3299
24.1336
39.9677
44.1297
24.452
39.6111
25.6182
9.42146
43.6842
35.0904
35.0619
15.5743
42.209
33.2546
16.6257
23.6685
21.7842
38.3031
27.4484
38.4516
14.3563
7.3945
40.4809
43.759
42.401
29.7961
35.0882
25.1644
36.5284
13.9867
41.7457
29.2235
32.4695
38.7836
24.7803
16.2381
37.7062
26.1742
16.2628
28.6555
29.5633
34.7426
36.2122
28.2215
37.7436
39.268
10.8451
8.16476
30.2064
30.9398
16.155
42.2139
10.9249
38.0373
44.4424
3.08989
25.0747
22.8898
47.3771
44.6377
45.9331
31.2776
16.8354
26.6111
28.6587
27.4099
38.1376
32.593
26.8643
30.7218
45.3893
13.0104
23.4075
21.7193
23.3059
26.2214
35.0079
17.3394
34.7005
43.352
22.5537
25.0323
35.8043
10.3155
3.35348
40.7508
6.9612
39.554
42.1465
16.5933
30.7644
37.2456
18.1926
30.8035
15.6191
26.2668
24.1728
32.6064
25.9669
20.2397
37.0708
18.5941
8.94351
20.5018
23.7486
20.6104
33.8706
37.972
19.6145
28.0517
17.1885
33.0228
33.6391
34.0768
31.8548
19.0765
25.0605
32.407
19.2717
24.7105
3.54969
30.8046
29.4902
40.0864
44.8186
10.028
3.6341
33.748
34.5854
37.7734
40.7783
37.0461
28.6043
30.9268
40.4083
31.1166
31.032
15.7348
39.0569
29.1943
29.9466
33.5889
37.5524
19.687
3.73559
34.825
38.8594
46.0671
32.5958
40.8219
1.72065
8.50497
32.3841
39.8291
21.8116
31.9444
33.5121
21.1581
25.0102
27.1717
46.5571
43.6835
48.0257
28.0673
42.5524
39.3427
22.217
38.6649
36.9348
28.2665
22.0168
40.5497
14.4409
30.3675
19.8977
32.6318
25.611
33.7278
29.2402
43.832
36.9184
30.2608
40.2436
41.9962
48.3204
44.6897
35.8246
33.6124
47.4327
37.7025
32.5074
31.4247
48.6919
7.0719
20.5559
38.7999
32.354
30.5147
40.3621
27.5145
34.0556
40.7108
38.0817
31.4065
43.2979
36.333
45.3917
26.394
26.3247
35.1654
30.65
21.9754
25.077
34.3188
35.7605
35.0313
23.5215
37.2018
27.876
32.3964
45.0225
39.1517
37.4719
31.3107
40.0064
18.9396
23.0927
14.7491
26.8912
28.983
31.9725
36.6031
47.4772
32.2909
20.3293
37.1095
38.231
29.9943
32.1712
18.3658
42.04
34.2238
11.1765
6.36644
27.0817
24.1854
4.71256
23.2738
32.7183
45.7418
41.2808
35.2236
40.864
27.6217
23.6661
34.297
19.4605
29.9415
36.9003
32.9589
13.2275
30.9253
22.4031
35.7055
31.2713
35.1855
31.8512
37.8145
26.8953
25.1554
15.1465
18.7345
17.3426
43.2529
39.4123
21.8468
32.8367
33.8565
33.124
26.2172
37.1048
37.2593
32.3337
7.63235
40.664
39.3344
37.7861
19.4699
40.0152
39.4399
27.1003
31.1126
38.2275
23.3927
33.1401
32.4358
35.545
24.9826
38.5148
4.57135
37.2353
34.0515
24.9772
6.0858
5.43816
50.7221
43.975
39.415
22.0332
8.80417
41.4688
18.0709
17.3175
31.3409
15.6484
42.6176
39.3119
39.6061
24.6302
19.4068
42.9077
8.73045
34.0511
37.5419
27.5876
32.4377
14.3308
37.3547
43.1313
24.523
39.2988
38.2935
23.9099
39.7643
23.6011
47.0897
29.5857
25.094
42.0565
41.0721
44.1605
33.3612
9.95124
20.358
25.8626
13.7716
21.3471
38.7177
33.3355
20.818
25.3743
44.1663
27.1949
33.9189
39.9007
20.7055
35.4641
24.4432
47.5564
30.4812
31.0739
43.3927
18.4697
21.6403
30.6207
38.6839
32.166
39.196
19.9053
24.406
35.0249
16.6972
26.0452
39.9701
18.8834
15.4231
38.2306
20.7871
30.1135
37.847
29.2737
12.3677
18.9375
35.2832
23.5828
21.5951
25.5331
22.1888
23.9675
23.8763
23.4273
47.2844
9.71721
22.4151
15.387
46.8908
28.286
30.2141
28.7321
33.9364
22.8075
35.4051
27.9731
33.0424
42.3742
45.1144
20.0092
36.3768
37.3583
24.8639
31.3534
22.4763
32.7166
12.0571
22.4737
34.2383
15.2489
23.9817
29.3602
23.356
25.1346
25.9693
35.2284
25.5541
4.09049
32.2443
31.0538
22.0563
26.2371
33.6918
23.1615
26.1464
4.61956
30.97
30.6802
28.4673
9.68816
30.6261
21.7538
29.4198
32.2909
31.3624
8.28978
35.6526
31.153
31.2231
12.1562
40.4523
31.305
28.4728
34.2254
30.7909
34.4178
35.6634
32.515
22.2399
22.3888
24.0688
33.0179
12.1444
26.0233
36.0885
39.202
18.6286
33.7513
26.7219
30.1994
27.8722
31.1652
42.2466
41.8036
29.2567
14.8314
40.4696
36.9577
15.9817
25.5594
27.5672
43.7288
35.2113
41.4918
41.5463
32.4024
25.3448
4.48031
31.4087
39.3814
27.1741
30.7939
29.6554
28.3777
35.0921
14.7434
32.3276
24.2508
30.3479
22.0912
35.6101
26.6603
17.3818
24.3417
33.3301
13.7539
29.8539
46.4629
39.9187
40.3297
35.8158
26.5976
47.8271
8.27479
14.3607
46.6362
23.1843
31.4415
39.0015
21.245
31.0653
27.5444
36.0736
34.3141
12.8583
31.0918
43.1162
37.9758
26.9463
44.8242
35.0986
34.6077
28.2968
32.5391
7.86213
18.4129
18.319
41.5887
19.9977
31.6085
25.4381
32.6024
38.8094
35.6667
29.4177
21.2815
9.49225
45.0376
35.9062
24.5009
38.6687
21.5655
49.1921
25.9808
28.4334
35.2513
31.6489
35.5429
22.7965
34.1968
26.4934
25.9863
31.3721
34.194
35.2583
45.7333
46.3408
34.551
37.0345
46.6778
31.4173
24.986
28.5691
33.8216
22.2308
35.1085
39.4501
45.5697
41.5675
18.6169
44.4879
29.4233
46.9505
28.679
36.6142
38.0936
34.8545
41.5736
47.7536
22.5894
20.5029
44.3093
19.8035
29.1218
43.2781
9.23537
10.0584
17.3687
22.5829
35.788
10.7306
28.5861
30.4598
29.952
30.0429
25.3214
21.1488
26.3305
35.6489
44.3591
44.5085
24.4386
19.531
12.0679
33.7356
36.3054
20.3834
12.6695
47.3258
39.1848
29.1232
17.4456
24.5435
10.288
40.26
34.6867
43.412
25.8509
28.3125
31.975
24.6836
33.1429
38.8718
33.1961
40.609
37.0382
33.875
30.0917
20.1646
23.7124
41.8439
45.9058
45.3846
40.0793
33.1138
42.4892
39.999
37.7254
39.8525
20.1858
19.0415
35.7744
26.7064
40.6164
43.107
13.4804
18.2951
31.8654
39.4223
29.3922
20.4032
42.275
21.805
27.876
30.9543
33.8153
14.3105
40.0343
25.3604
24.2652
11.3922
39.9335
47.1853
34.973
38.1482
32.4773
31.073
42.567
16.2525
18.5151
31.4
47.7402
33.2381
4.09935
33.6187
47.9134
33.9462
27.853
23.3624
22.2602
37.9319
13.3642
29.1368
37.0835
29.4602
30.0906
40.8752
29.6673
20.8538
34.4992
32.2719
25.5875
35.2024
46.6558
29.9127
29.4608
18.7598
9.69928
37.6401
16.221
32.5191
24.9681
15.4256
31.9104
36.7299
29.0715
21.7998
30.2733
35.4332
35.7213
19.5189
43.6224
10.429
20.4081
31.6951
34.3962
18.6939
45.8184
30.4792
23.2839
47.869
37.4513
26.7818
38.0921
42.7542
19.2909
29.7692
20.4455
22.3568
8.56895
40.869
43.1302
26.0762
36.6341
21.6926
18.6166
23.347
29.4443
7.58342
48.315
17.749
33.3411
22.7254
41.5404
31.7702
28.4771
10.3575
17.1541
25.8797
43.5942
34.5091
28.6669
33.5321
43.5848
0.739251
31.2392
30.4202
20.2666
26.9118
28.1049
37.4403
39.0858
16.2986
49.9008
31.5807
31.7363
35.6536
32.5629
41.1243
34.1684
15.0886
17.3029
28.6035
42.9309
11.489
36.3407
35.0663
33.6892
18.8781
32.2247
24.7172
35.5584
12.4204
18.6084
32.2297
43.0066
44.7672
46.9724
38.7255
27.1572
36.8798
42.2255
29.1777
38.7315
37.7319
36.2792
17.9753
37.2269
27.3799
20.8478
25.4252
24.4312
36.2889
13.4311
15.9935
12.317
31.4809
32.3457
25.8028
32.5028
5.5692
28.6614
34.0875
36.127
31.0589
23.6446
39.9694
23.1289
32.3131
34.6249
30.3661
19.2126
40.5688
37.3044
35.6387
14.6579
37.9026
35.0818
20.6207
41.0262
36.8176
35.0418
33.0613
16.6071
43.6968
14.5267
27.9741
19.4391
32.2233
37.2433
34.0328
39.7261
35.5123
37.4298
28.9539
28.3763
42.3341
26.0143
41.9592
30.2308
23.9181
34.5558
35.4151
32.8228
39.5142
29.599
43.1624
23.5013
3.85108
29.9788
36.3022
15.6726
37.6964
13.1249
35.9672
29.1957
18.6575
34.8454
40.0784
44.3551
39.7194
31.1373
27.4566
25.2753
0.380894
31.4316
34.8651
35.2414
40.0203
26.6792
42.4823
41.65
27.2874
21.2135
28.7626
22.3769
21.2441
16.7498
2.59126
31.2261
39.8379
19.3602
31.0558
14.0157
26.7339
27.6066
40.9567
31.8749
39.6701
23.4567
3.96409
14.7007
30.7053
27.0056
30.8356
11.6881
31.8375
22.2547
42.0875
34.8341
0.0599281
25.7673
41.2829
28.3461
26.8602
31.956
14.3672
36.5797
38.1144
41.7329
42.2067
36.317
35.3676
37.2284
29.6333
36.0501
16.238
36.8839
30.1941
22.8613
32.436
41.3254
37.2257
21.4102
27.586
41.4924
21.0818
32.1753
32.4212
31.0579
48.0734
39.9412
27.0221
37.1415
29.291
22.2671
40.6807
3.81028
36.2163
36.5214
35.3566
27.3058
39.6958
37.5588
43.2396
39.3608
15.3479
38.3432
24.5368
10.6677
28.3984
38.4504
27.4731
24.8131
34.5799
17.357
31.1247
30.4989
4.31083
10.0286
21.1178
42.6322
44.4431
22.7112
28.8354
15.8082
31.3001
44.1929
36.519
33.6758
31.9298
19.7158
20.8194
34.7818
32.3999
30.5768
22.2948
42.9804
29.9029
24.2043
30.4447
34.8474
47.396
39.2914
26.191
25.5434
28.0558
12.5579
40.0601
47.6927
27.3568
38.4103
29.1459
32.3821
41.7307
19.345
26.9624
26.6237
18.9448
44.9427
25.8238
35.7849
49.1896
36.5164
30.6054
35.3671
21.6837
36.6385
18.3696
39.6376
38.5299
23.3423
18.7669
36.8141
41.4919
20.9651
36.3611
33.1533
13.9346
19.4011
1.97218
23.434
33.738
32.206
26.7632
39.4659
29.3364
16.4138
34.3564
21.8408
21.1341
24.8575
44.0575
37.7028
18.8207
0.236389
27.0177
41.544
25.2307
32.459
34.4911
35.4577
46.0184
46.7773
21.1733
25.7828
26.9342
26.5411
39.8361
42.5349
26.9041
40.3476
47.7507
16.9256
45.2929
41.2585
28.4943
26.7702
28.6043
38.384
40.9331
40.892
42.8198
33.1173
40.6894
45.7634
43.7354
31.816
27.5652
25.8402
45.6214
27.8903
21.8804
45.1794
41.454
9.43519
41.3295
23.6423
23.2448
32.4796
28.844
47.0958
28.7138
30.0483
40.5842
34.1102
44.2633
15.1187
34.8621
28.8304
15.3321
30.0478
31.2517
38.4016
38.6126
29.2052
33.8561
26.2604
37.8132
34.863
30.091
29.2643
17.7783
39.2191
37.2419
28.037
29.9383
33.5003
34.6346
20.4933
9.78252
24.8689
27.1303
29.5356
19.4102
21.0628
25.9993
37.1376
30.3137
25.8592
6.15059
32.7701
23.3112
44.0446
42.6602
7.59829
21.4136
11.8973
31.0793
18.2773
49.1325
2.62226
22.1876
18.4661
24.5477
29.6878
34.6156
4.292
41.0111
18.507
41.3813
37.5829
30.0974
43.6078
27.496
33.5987
20.4262
21.6576
15.5625
39.8695
23.1943
33.9219
24.5853
49.5702
23.1138
24.241
23.0718
44.8649
20.8133
40.866
36.5275
29.9308
29.3621
37.8908
5.45823
27.0142
25.1061
22.6464
24.0656
22.9591
30.0159
47.7854
32.8166
36.804
25.5608
38.0143
22.5318
39.8586
35.6391
24.7293
36.4883
45.5754
22.69
32.4569
33.9123
13.2919
23.5993
40.314
36.3945
45.9149
29.7371
44.9179
38.1407
18.6586
18.2172
32.4233
28.1159
44.3126
36.8581
37.8552
41.5765
28.5432
24.8572
21.939
40.5492
33.1427
29.5051
30.8787
20.353
31.5864
38.7123
33.0039
28.5295
25.6599
43.371
5.02756
32.9506
26.4808
21.5164
24.9991
23.5036
42.7252
33.6176
39.3205
34.6033
44.6587
11.9957
32.8102
17.7759
35.6308
45.0251
31.2681
28.6633
30.3441
22.323
42.5909
12.0239
17.9899
31.103
20.5211
23.7446
21.0217
3.96827
29.8537
38.3984
33.4343
26.3219
32.5055
30.1259
14.2273
38.4764
20.9103
21.0275
21.2831
21.1862
32.4566
44.8883
15.2028
26.7848
27.383
28.2149
39.3972
34.0881
8.67176
13.912
30.5906
31.898
25.7999
30.9444
21.2148
30.8408
32.4821
22.6034
27.3484
44.3167
38.8605
40.8179
29.7688
19.8304
22.7816
29.586
20.2908
23.9973
41.3409
21.9895
39.6481
5.51682
29.9155
24.9884
28.5732
9.46684
15.2467
18.2267
31.7767
37.8253
28.2823
40.964
31.1999
29.9423
34.5711
40.3325
35.272
24.6385
28.6344
26.7683
22.7707
30.751
41.6482
32.7226
43.1952
30.5295
42.7013
45.5569
19.5465
35.5264
5.16189
21.601
18.1143
24.9072
21.8441
27.407
44.893
12.4897
43.0038
46.0915
29.497
34.0204
28.3945
28.54
38.2289
22.9309
46.8378
5.79225
21.482
19.8544
35.5382
43.0558
40.0837
4.49521
16.5587
9.15271
41.8234
38.6433
32.6704
30.0103
43.2213
45.5757
39.0272
30.6785
46.3624
6.14759
30.4367
28.1386
36.0668
31.4517
26.2441
42.5456
22.4147
28.8851
16.5957
20.1412
35.1302
35.9937
27.322
28.6013
3.06217
10.1574
42.866
26.6452
47.5742
35.031
34.0157
44.7388
26.7044
36.9105
40.0136
38.0419
37.0182
29.6844
40.762
36.8224
42.8055
31.7573
31.857
36.2195
8.77082
38.3162
41.2797
14.0059
37.2596
34.1353
27.0014
35.1057
33.4892
30.2899
37.1396
30.42
26.6055
18.4824
35.0158
40.1425
26.3683
23.4579
29.0999
25.2818
19.3545
41.602
18.5059
39.6924
9.22984
24.6206
39.479
31.6267
35.5666
34.0426
26.9108
32.6283
39.0052
38.385
30.266
47.9079
43.4916
24.532
28.177
36.4631
28.5544
33.1444
11.9189
8.04019
13.3681
39.1192
33.6807
24.1302
25.9523
43.8575
33.5567
40.4845
31.7915
46.8914
24.7219
26.6067
29.1842
26.5341
31.5492
35.3215
26.9379
37.4413
6.57155
32.1476
23.4136
25.2058
29.9899
28.5993
19.2833
38.1597
19.7111
7.29413
24.6196
36.1955
38.8641
38.747
32.7669
35.0051
35.3327
4.42697
37.013
29.1532
35.1941
45.1115
13.5289
9.121
36.7174
29.9238
17.2513
26.189
41.723
23.5138
41.7652
36.8715
22.7365
22.6575
43.5293
36.8318
40.595
44.2753
29.2917
41.3105
39.1262
38.0927
41.3716
44.3613
38.1367
39.8207
14.4367
48.3403
18.7917
24.7816
34.8885
35.0669
6.62208
43.8516
32.4766
17.5115
44.3098
46.7382
37.0354
29.9871
28.3698
36.6376
12.0895
21.2194
30.1126
37.1172
46.3841
27.2036
25.3433
44.6467
35.5573
32.6038
23.9404
22.3167
32.3943
36.8586
36.193
24.4943
28.2535
28.7827
28.4177
36.7303
42.3496
24.1508
43.2384
21.4899
46.4399
20.6195
33.0837
28.6106
15.7591
25.0423
32.5309
26.1526
31.5344
31.8933
38.8449
35.5766
22.795
33.1589
32.6097
18.3106
31.3848
3.00037
14.2416
25.0707
44.2395
24.0445
21.1909
37.4636
31.4553
25.9863
27.3716
11.2974
35.4736
25.5328
21.1715
18.4688
31.6032
33.9911
39.2282
36.9129
25.8687
25.3968
39.7926
33.4755
28.9262
41.4999
25.7822
23.8836
22.2925
40.3732
30.9636
22.6487
28.2885
29.9731
15.1717
42.9874
24.7918
21.2978
39.286
12.2285
14.1839
42.2074
36.7778
27.003
11.5483
22.8235
32.5054
5.50662
24.7816
26.0886
24.7701
45.3463
8.74647
20.1123
34.352
26.7887
30.4472
25.0806
38.9901
32.9634
25.6748
27.3877
29.5311
38.6181
46.5534
16.4639
29.2112
22.1219
17.6471
26.654
20.4797
23.9438
33.6398
36.3946
20.2336
37.1849
36.9561
9.48766
38.7106
1.89268
24.9599
22.5525
42.813
33.4038
26.3934
41.7143
22.6879
18.9288
24.6756
20.3977
35.5412
38.3473
46.1685
29.4128
23.8991
20.9619
23.3782
36.4305
33.0801
29.0685
30.5494
33.2638
27.3797
32.9035
18.2735
32.5273
17.2907
28.5309
13.612
22.5177
36.8901
35.5323
27.5804
39.3037
31.8803
37.109
29.7375
30.5234
8.34652
26.5924
13.3667
34.7906
34.2345
18.5242
32.6523
27.7774
47.2693
32.8294
30.9276
21.2855
42.8126
16.4357
35.4863
47.3895
45.4267
37.3325
41.8822
32.6352
38.9551
10.7896
41.4654
35.6098
30.9964
7.17536
28.9802
14.8206
27.9667
12.6685
31.4457
11.3603
27.2215
46.9997
18.9706
36.3678
34.1308
23.9386
40.1547
24.2373
23.5101
34.344
44.2599
22.8881
31.0806
38.8731
33.8526
39.4235
39.2127
39.9206
38.0929
35.3871
27.0523
38.4141
38.5047
24.7153
37.4068
19.3971
21.3776
35.5577
42.587
28.5066
42.9618
36.7248
25.4689
44.0273
12.6483
33.8327
45.2028
15.8587
27.0718
41.6222
12.2697
36.4092
21.8312
36.7224
31.5311
1.41846
41.7884
3.74376
27.4033
31.986
28.6296
31.3524
24.1313
24.9648
24.3534
39.1167
23.1668
22.2738
21.4017
12.0434
1.61019
10.2908
24.0023
24.4466
16.5711
32.1506
30.7303
28.5485
8.17523
28.5913
31.4932
31.123
31.2737
46.4914
34.3985
17.8587
6.0436
43.9208
35.267
25.0666
38.6534
29.9778
36.7137
42.9381
33.4966
26.2333
36.9082
44.6091
33.8382
38.8313
43.4668
12.8625
23.1801
22.8134
30.7479
20.2051
27.4544
36.2246
12.1051
36.475
25.7334
27.4003
20.7947
41.9831
44.0509
35.7881
35.1708
35.2051
39.1298
23.7849
25.2032
22.3633
33.6995
33.0637
7.98225
40.5785
24.0459
30.2487
21.9081
23.4386
30.5545
34.5158
37.4052
19.0169
32.4936
21.6727
38.6759
32.8891
27.4053
39.6081
13.996
29.6118
45.4292
23.396
2.56376
36.6161
27.6879
23.3734
23.5548
4.89402
28.2184
18.6823
23.5537
13.9183
24.2081
24.2373
24.3721
35.2124
34.4225
6.48737
35.4027
33.7392
36.2175
35.413
30.5507
16.8734
29.9707
15.3949
31.5097
27.0596
22.082
24.2536
23.7172
24.6276
48.5049
29.7072
41.6024
32.3586
23.625
45.1941
29.469
24.0702
19.782
39.4503
17.2135
8.30216
45.7078
32.8152
30.4417
34.5259
44.6797
16.0656
22.9862
47.5045
44.3549
39.9261
21.7798
37.2443
32.5594
33.4757
25.2812
9.54419
30.824
24.5537
4.25531
37.0476
32.1501
31.2624
37.2553
31.1881
21.5768
19.1047
34.2516
7.75303
34.4543
40.9158
41.6549
29.3808
17.4454
32.1669
33.5757
40.2687
45.0862
11.9025
3.58697
36.2297
38.1224
32.8117
32.476
27.1914
36.0411
38.8024
43.1262
38.3926
33.0876
31.1371
37.3131
32.8907
30.0999
29.9489
29.8349
36.5152
31.8834
34.0205
29.6326
38.4744
30.6824
39.0994
27.0603
32.8361
43.3764
31.3684
26.6716
44.2486
22.0923
20.3715
28.6236
42.6124
47.5447
47.2832
21.3568
27.1321
30.826
30.0932
25.9119
34.2559
34.2491
42.1158
26.8425
29.8461
32.8924
11.1518
35.4468
27.4243
31.7404
30.5072
47.211
8.57074
34.3817
32.0456
47.3325
22.9545
19.9846
39.6339
27.1853
34.7637
31.2903
11.932
37.6046
34.1955
21.7603
44.6679
37.3646
28.7989
26.1947
29.4767
22.7476
48.9387
30.8178
24.9863
28.6748
41.9693
23.8352
32.6375
28.1514
18.5995
28.1594
14.7486
17.2442
26.0317
45.689
42.1212
33.8749
22.9462
46.4757
44.2858
41.2217
35.2016
19.671
13.2113
38.5875
36.3197
24.3381
28.6676
35.9867
23.2233
10.0392
42.4998
22.0445
22.2122
21.3627
19.6015
30.3235
41.5648
38.8856
21.0469
21.0862
21.9119
32.18
2.14892
44.8587
32.6856
39.2378
27.4136
13.9512
28.1336
14.1841
31.8487
30.9307
11.6699
27.5874
29.937
25.9592
39.0593
38.8382
29.3557
23.6636
40.8339
28.198
16.0493
38.0414
32.7215
40.1506
15.659
17.8008
27.3241
44.0359
28.4296
37.2612
4.78782
24.4613
36.5464
25.2134
36.5519
33.7412
39.9647
35.7043
25.5576
23.4522
25.4176
33.7509
32.2573
25.8263
33.762
15.3667
20.469
29.26
48.3187
30.6011
47.0985
39.893
14.9319
7.80399
30.4364
35.9493
40.1501
41.2078
19.7312
17.6883
27.9121
46.9546
23.1451
29.0637
12.6645
48.7868
26.214
31.9926
39.8767
24.4289
18.0994
25.9011
24.4612
17.7537
41.452
13.7969
25.1361
9.7515
31.7735
17.5309
27.9473
33.3657
29.0808
8.68219
20.7404
38.2091
10.6666
30.3824
13.4064
43.0942
43.6098
41.6025
31.9377
17.1187
23.8283
4.71324
38.2716
45.9558
42.0171
44.8416
25.6634
47.3056
34.5419
21.4027
4.05401
37.6124
47.3487
24.4088
17.4935
32.1853
14.1982
22.0642
22.8579
46.6364
45.4477
25.9939
25.3925
12.7778
11.5945
35.2335
26.4487
15.2357
28.9409
30.4074
22.92
29.5275
19.9301
24.3425
27.8711
30.0728
34.2714
39.3331
42.6386
40.464
34.927
27.3105
39.787
33.273
13.4847
34.0888
10.3217
37.4305
37.2178
5.94504
32.9293
32.932
27.7967
39.3298
38.0347
35.7398
48.0978
25.3381
38.0792
26.3237
19.1768
38.2426
29.983
31.3812
37.5989
34.2417
24.92
22.0722
39.3056
50.0041
28.4083
27.4371
6.53473
33.3958
34.7045
37.8894
13.1113
45.9247
26.493
42.1072
37.6595
14.5142
36.9109
21.24
36.5652
29.4017
39.1606
34.3649
36.5464
33.3172
47.4671
26.0444
34.7349
31.3458
35.3879
31.6614
33.4587
28.4603
47.7112
40.2941
34.9695
43.6273
10.9591
29.7928
22.3309
30.1615
21.4475
23.4246
37.6748
37.6993
23.4564
38.0925
22.9976
15.906
29.501
38.264
15.7725
30.785
40.3193
40.9433
36.5967
39.1548
18.4884
40.2619
29.9974
21.7817
24.3604
19.1046
7.78612
26.9564
17.4285
31.0396
17.6579
36.9367
39.3211
35.8525
36.8374
32.6635
19.8047
36.9354
21.2164
39.6499
32.6432
21.9164
18.3776
34.5385
23.0267
26.4077
38.8307
34.0091
25.87
38.3273
38.9704
23.7512
26.2188
15.3256
21.656
39.353
36.7317
45.6896
36.124
44.0424
18.4602
42.8656
40.5108
44.6787
15.098
33.3296
37.79
39.2852
34.7384
7.41618
36.7962
45.4181
27.4735
34.6092
34.6636
8.35713
31.6241
18.8181
40.8706
32.0579
37.5984
15.5019
34.3899
20.0467
34.6397
22.9528
39.4092
38.9852
38.3974
30.5278
41.0506
39.1629
29.9435
20.5502
44.0119
32.4493
36.743
23.179
15.617
46.6327
22.4613
34.5144
14.2585
13.4019
25.5234
13.7346
31.0738
41.4659
20.6986
20.3677
31.7614
34.5914
42.7603
26.8241
27.4898
23.9968
32.2224
24.6045
27.9807
26.394
39.7263
17.9374
11.623
6.84083
26.1509
26.3108
17.7922
21.6881
37.5101
34.4282
35.8803
15.2841
32.0402
32.7216
26.5081
18.1629
28.9705
40.8541
42.8748
36.3267
34.827
41.1055
33.0661
7.92367
31.3602
29.5008
38.9696
43.3991
42.4528
31.4598
23.8187
14.2117
32.523
25.5082
28.4515
34.6384
24.8632
25.1974
23.8208
42.3478
29.9155
23.7166
21.5977
38.4614
32.1161
34.6283
38.4219
27.8158
26.431
34.7879
40.9109
5.75441
44.1466
25.9879
33.719
30.2776
23.2367
32.7738
30.4521
28.3035
18.3705
44.0938
38.4734
28.127
36.5488
17.1942
42.4776
38.6474
38.5493
34.0103
17.0632
40.5648
22.9952
23.7226
9.39892
43.0006
42.3137
39.5631
36.6575
33.0861
33.7679
41.4249
36.0441
23.6594
39.9558
30.1568
9.23562
16.1994
35.7282
37.1898
30.7233
20.9164
25.0368
37.4584
23.1641
38.766
14.3472
37.0731
24.6153
18.8147
34.9762
43.5924
31.7306
44.1572
23.3624
36.8221
19.844
28.2522
13.3484
37.3576
21.0138
29.4429
28.6825
45.4384
31.4565
13.358
38.8446
33.9284
30.1587
28.6358
15.427
41.414
35.2175
35.5355
31.7833
6.05495
28.1844
21.5384
38.246
32.5586
44.4865
31.2301
37.7087
37.3906
25.2878
30.7024
31.3042
18.0005
22.7695
42.853
9.7128
28.2555
30.336
28.2952
8.89432
23.7338
29.7954
21.298
20.8861
26.5905
34.2048
35.5463
41.5996
36.8391
23.0444
36.6171
33.9919
26.4068
43.8235
20.8373
14.528
27.1645
28.7906
40.6042
34.3118
35.5811
29.7639
40.9443
41.1795
35.0862
38.8547
42.4403
19.9609
25.4168
29.1581
28.964
20.6739
38.0594
37.5652
40.0381
22.4022
40.0183
24.1956
14.7907
30.6204
34.9739
32.4035
32.7434
43.9424
47.8458
9.2146
22.2
38.9327
22.7835
24.3481
37.3292
29.9905
28.6919
43.3634
27.2738
11.3591
40.8185
33.4107
37.1666
25.2912
34.2131
45.8955
25.3284
30.9386
21.1429
16.5291
28.859
42.2114
25.7495
32.7471
25.3354
29.2095
28.5179
38.276
32.3504
32.3365
19.5502
47.752
34.6912
41.8612
34.2524
37.1199
46.8398
41.0584
17.4229
24.5487
4.4178
35.4606
32.3135
22.6117
36.043
28.0314
38.3398
16.5367
39.5179
32.3068
5.2878
38.3312
47.6471
27.7411
9.23547
24.196
32.1128
42.1339
37.1268
25.0252
22.6879
24.0251
28.9025
33.986
33.0523
17.706
29.3256
4.46334
30.6123
33.4195
36.3776
26.6619
27.2569
36.7917
30.9527
19.8444
19.1384
38.3097
37.5976
34.8646
24.7861
33.5452
1.00023
20.0269
21.8217
19.1592
43.8056
25.2991
24.3073
45.3845
42.7935
38.3716
23.1058
26.3324
4.34923
38.5595
28.9731
36.7439
37.3942
35.481
46.8754
31.8155
23.2152
14.2236
14.9111
25.555
8.12
21.6327
39.8647
39.1927
38.8298
35.7021
43.5083
4.40581
23.1871
33.4519
42.6488
21.4734
30.7861
38.4896
35.9843
35.6973
34.6195
35.762
42.076
24.606
40.9773
17.4625
31.5118
20.7046
22.9186
21.4059
23.2345
15.6056
18.7863
45.3835
27.6699
39.8796
42.6012
30.7752
38.2749
33.34
29.2103
38.3054
19.707
24.1979
18.5099
26.531
33.4803
38.3028
32.4859
34.2944
24.3437
36.8931
41.733
43.3531
41.2522
4.17863
29.3088
33.3648
17.3654
32.8375
37.8058
31.5352
30.3422
33.9485
13.1418
20.6049
25.7182
24.0504
31.2901
46.61
31.9545
23.1846
37.8958
44.7851
8.12174
42.9897
41.5332
33.1013
40.4757
37.3408
5.99119
35.9748
25.9907
32.0307
30.6662
38.9319
39.7901
30.4919
30.1109
33.362
34.2387
41.8702
42.9083
26.1218
29.8573
26.5176
26.7165
36.7954
11.3338
31.9886
40.2854
41.255
42.338
43.4003
40.564
32.2974
20.5635
44.5688
17.6955
22.8834
43.6142
26.2283
19.7474
26.4451
25.0464
33.0225
34.5039
31.7396
27.8572
36.3759
19.1907
34.4166
21.556
41.2002
28.4492
24.8684
2.20847
27.8261
33.0128
36.7382
6.67388
28.9755
31.6131
25.9076
41.8162
23.9244
9.75258
15.4015
24.2903
18.8824
16.8706
43.883
35.5199
39.7216
37.5932
20.5944
46.9594
44.4262
26.2473
40.9583
25.4976
47.8597
32.1356
45.0955
19.0573
33.3173
38.1923
30.3578
29.3923
41.072
33.6277
29.1464
36.8477
34.2584
20.5869
45.7055
35.4179
25.7832
22.6353
25.1212
46.4494
32.1364
17.7578
38.4951
39.4308
42.0529
29.678
25.5197
42.549
37.8349
25.4713
47.2949
31.0107
45.278
11.3939
33.5017
28.8869
43.1334
29.9993
43.1084
42.1736
12.4455
12.4794
34.5292
13.0928
29.5014
27.1418
46.6346
29.6077
34.6431
42.7755
43.3487
13.7435
9.50131
21.0766
20.7161
23.3466
25.4735
31.2675
35.2827
23.0651
31.9587
21.1182
42.4696
21.4281
26.2582
40.4144
24.7588
22.7795
24.0743
39.5774
6.73772
11.0514
29.0851
40.6027
27.9028
3.08564
36.4076
31.6379
33.7367
38.1596
42.3423
19.3769
22.6877
36.2319
10.6263
35.4752
32.6784
33.7165
34.9973
21.681
35.5614
43.8373
46.1146
22.5561
27.4345
35.5624
47.6926
36.2784
10.5398
33.0335
30.7996
39.8555
26.5965
22.3738
7.53216
42.8827
36.1642
37.0014
1.25171
30.6339
20.5298
35.4708
28.439
43.6658
31.2126
37.5862
32.2472
29.5065
27.3456
26.2185
36.168
35.6218
28.9405
40.3482
35.8368
32.4822
17.4335
32.0782
28.7855
47.2393
35.2475
36.5777
22.9537
3.13048
29.9113
35.6447
31.3675
46.9917
21.8826
40.9152
35.5148
30.6518
29.562
29.4812
48.0067
23.6103
6.32544
24.7005
44.6169
36.2346
18.777
18.5071
14.2114
21.5111
45.2384
19.4573
22.3575
19.0225
40.8964
31.6242
15.0403
36.1198
34.2572
46.452
3.26274
22.1469
30.1089
43.249
13.9393
28.2336
26.7693
34.3267
24.751
36.5956
25.8316
17.657
27.9891
30.3249
40.7868
25.9672
39.8911
38.4436
35.558
44.4904
26.4268
36.8302
35.4677
43.3521
30.7941
41.8715
28.1219
48.1198
43.0613
4.09589
34.0864
30.3717
27.6255
19.3516
26.1803
34.3237
44.7701
30.8287
32.6445
12.9616
12.5715
24.5569
46.066
35.1459
42.0506
27.1442
38.8747
45.2211
36.9701
16.2309
26.9554
40.2396
25.2754
11.434
18.3323
18.3391
21.1915
27.5909
33.9902
25.7467
31.7653
36.6487
23.3173
11.1074
34.4739
23.6799
23.8217
21.8064
30.7379
32.1952
33.2286
46.1906
30.8968
27.3089
40.0049
30.9267
35.77
13.7264
23.2739
24.3261
18.475
15.9238
34.2689
32.3549
33.5231
40.3146
21.1442
21.0624
25.6866
36.6595
38.0328
20.8154
23.3419
41.5604
43.9764
27.3865
41.9387
25.5783
27.8543
34.5172
16.0617
37.2793
43.2838
44.7281
20.3985
33.6496
40.2598
22.5172
38.8758
35.1436
48.0161
0.620339
23.4197
45.4543
34.5024
39.4525
21.5939
36.7453
24.4437
20.4428
32.7372
39.3449
27.5553
31.3469
39.5116
23.0642
45.2955
25.2905
30.4866
12.4075
28.7512
34.9695
32.8492
42.8025
40.2169
34.1439
37.5453
34.2403
37.6704
34.5491
35.7972
36.4385
36.674
27.4211
42.0274
33.0556
44.0993
18.6967
30.3691
35.9558
35.1796
42.6454
42.4156
44.0933
28.8388
33.9981
48.5643
26.1146
20.9827
21.7585
26.9049
24.6391
40.2014
25.6534
31.9062
41.9451
32.1321
26.0839
36.3546
32.9055
34.4635
39.4513
30.5311
41.881
15.6635
32.7106
26.311
31.685
34.5529
17.2967
21.9574
36.5088
41.8024
17.9478
15.6535
39.4817
42.2111
28.0703
45.4661
3.70919
24.057
18.4238
12.382
21.9623
38.8289
31.9718
38.2963
30.5655
33.5992
46.4252
19.6119
7.76289
28.9438
28.2219
42.6418
28.4204
29.101
39.3329
27.4886
33.0874
43.4996
40.7021
35.1961
14.3969
30.4578
26.1728
21.9582
41.7071
42.8977
11.356
38.7525
31.9763
14.8899
37.7692
25.3257
22.6696
40.6814
34.7
29.0338
21.25
32.6259
38.918
23.7356
31.8805
41.7976
43.7105
32.9704
14.6093
41.1015
32.1413
30.0525
35.8511
27.2866
26.4463
12.3483
12.9544
21.2733
39.4929
29.8744
29.6932
34.7597
22.5677
30.6874
31.2908
25.1225
19.0547
37.3734
31.58
29.3316
29.8066
39.8173
27.7607
38.0845
40.0559
35.7858
34.1964
27.5881
23.9332
36.0685
26.4676
27.901
35.5011
22.9971
41.2904
35.1634
20.6146
36.8945
28.613
21.145
27.5599
36.9943
33.5595
35.1193
20.5125
38.3455
41.6265
12.8967
32.9597
30.7954
34.5903
13.0399
20.8205
35.5188
41.7049
37.5417
33.384
42.142
19.7938
5.59587
42.7738
25.8714
24.6651
23.5421
32.6751
37.3047
30.3399
25.9213
35.5822
25.435
19.9838
11.869
24.9471
40.7372
16.6709
37.194
27.0173
41.8104
42.3715
33.9788
27.3219
32.5611
14.4137
38.8184
35.2559
26.3822
34.3511
21.2814
29.8457
37.9448
23.6221
36.1953
38.484
24.8565
27.3363
44.9921
47.069
33.6379
9.51848
19.7638
46.4854
34.2527
25.5681
36.7197
31.7242
25.2345
35.6317
41.9488
20.6066
36.8454
49.596
42.868
38.7676
33.5064
4.49588
41.7275
32.7108
41.0644
36.9944
38.853
11.7199
45.6185
10.7845
44.0325
16.7088
35.546
38.0903
13.9114
43.5035
23.5768
19.6792
33.9277
14.8858
47.7567
36.3467
35.9132
46.0578
18.6895
26.9484
39.2578
22.303
21.7125
17.1591
37.2105
32.2245
27.2814
38.4482
21.4937
16.8604
13.7241
29.4872
40.3608
37.1701
31.9431
34.1671
15.17
17.0011
36.7803
39.5644
15.1451
29.1097
38.8318
14.3109
33.7524
39.7648
28.5115
40.8483
26.0095
31.7616
33.1326
35.4759
37.1172
18.6739
13.819
20.8965
18.7848
9.76974
10.3015
16.4368
18.1201
23.2172
46.7667
21.7839
34.6115
25.402
32.3822
36.2925
37.4182
32.8067
32.0743
39.4855
47.0193
24.2866
39.3664
26.2773
34.4465
7.10607
39.3818
38.8147
35.9839
41.7043
40.4007
47.9609
35.9952
40.1129
31.043
17.7619
38.7917
38.3462
4.8717
5.60204
34.5299
32.6481
41.896
18.1168
1.00584
30.107
28.8288
46.5913
42.7894
37.9752
24.0192
38.6369
27.8754
15.0478
25.0723
37.6811
23.0351
32.3469
29.8579
33.1098
15.1289
38.5167
34.4708
35.4153
24.5324
31.0844
32.69
29.6329
19.836
30.9349
41.1206
12.5489
36.3436
14.761
27.7033
11.9492
15.0932
44.7832
31.5527
42.5732
39.8311
35.5685
27.9636
36.1541
31.2868
47.3627
10.0897
33.7743
45.1034
31.2027
29.891
36.8274
47.838
15.2338
17.0582
36.3552
20.2211
22.8185
16.9929
36.4379
13.4501
25.7574
24.5472
18.0133
39.1987
43.1987
26.4175
45.8193
27.286
38.0134
33.5219
30.0854
22.7064
39.5508
22.7778
36.092
24.4194
28.3631
35.9043
39.1356
32.7186
37.63
11.2324
34.8906
26.0795
31.2272
28.0312
45.0745
31.1305
38.517
34.8742
25.991
28.0079
38.4716
40.1824
24.4783
43.082
5.56908
37.3743
38.8527
50.1442
25.8647
39.856
36.197
40.4128
25.6948
47.8864
32.8842
26.9494
31.044
40.5595
35.0664
42.882
24.6339
28.6995
38.3704
32.834
25.115
41.2879
34.64
39.1949
26.0002
47.4166
49.6507
29.8727
28.9916
35.5947
23.0617
21.6504
34.1557
37.4359
41.5968
38.183
32.5994
36.5597
45.2694
46.8613
47.9917
43.7302
29.1694
28.872
20.9638
15.2221
13.3029
11.3925
24.0572
24.3059
30.6839
6.08622
21.3765
4.38449
33.6971
34.6493
31.1076
36.3445
15.9755
26.0395
42.8558
21.4147
34.7271
37.5492
18.9852
20.2911
36.4875
34.8672
29.9882
45.8675
37.7365
16.797
14.7087
33.3504
31.9174
24.4442
49.254
29.9003
41.7588
47.0033
35.2308
11.6815
13.3962
33.1244
34.0981
39.4368
45.7909
32.5359
25.9759
26.6436
26.9664
22.5234
27.5008
20.0938
27.8945
34.1246
33.9015
12.2383
28.2365
38.5344
36.8811
21.8588
17.1124
33.8817
44.1726
14.3455
22.4955
31.9326
13.3711
32.892
42.0726
26.7635
37.0284
24.661
0.944861
37.5328
30.9959
44.5331
21.1425
24.6797
25.8237
31.127
25.5429
29.1038
20.2403
39.3723
33.0122
34.8849
30.5502
31.0358
30.3744
28.8617
36.5932
36.296
11.6926
28.8338
39.4422
27.5315
36.4763
3.51079
38.1001
25.747
45.4954
19.7362
33.5371
38.9884
32.1381
29.3764
23.7031
46.5801
31.5144
24.6049
35.5059
28.4695
43.6628
32.6049
28.3275
31.9982
46.5601
28.5876
39.2465
29.642
27.9855
19.458
40.6472
25.2068
35.1193
32.3264
38.64
41.2636
27.6994
25.676
20.6971
7.63243
40.7138
37.1221
42.3145
19.2522
26.517
3.72201
42.4273
6.60797
33.5992
32.3855
10.2511
31.3162
22.7249
24.3308
34.0684
25.7125
38.1355
30.1865
17.5356
19.9252
4.60286
29.5486
27.6743
27.1634
41.2753
39.34
37.3686
16.8645
30.2686
31.1362
4.4916
21.2731
42.4215
30.1355
40.1833
32.8741
32.2561
20.2753
27.6573
38.692
8.69461
15.3628
30.2349
16.492
9.5584
32.685
40.1958
31.4654
4.96288
33.3083
33.8084
34.8944
27.6062
33.1831
19.1676
35.1479
31.1136
28.2891
10.8155
28.7167
29.2107
28.2958
28.8342
31.7747
29.9829
30.2428
21.6141
27.6632
24.7103
16.7372
18.2865
19.905
42.0574
32.6426
41.2077
9.84037
23.1536
32.1895
28.5665
45.0442
29.3215
41.5422
21.985
36.4646
25.5391
41.3522
38.6715
27.3024
11.8565
28.5356
40.1513
26.3006
3.80033
11.6895
3.94113
40.1195
44.186
30.0485
45.8205
36.3554
30.2067
39.0628
45.6722
42.5268
24.3889
38.974
27.9111
10.8146
30.5671
33.6604
26.3517
41.7582
27.1421
31.6282
20.6019
36.0359
23.8193
29.4448
37.9715
28.382
9.4651
45.7948
21.1571
24.3319
27.5016
36.3054
42.1283
36.5254
38.2126
30.9378
22.131
24.3504
31.403
45.5267
33.9772
35.0975
33.3884
12.7711
26.642
41.7105
21.0018
34.4948
36.1999
23.8746
23.4658
37.6352
32.7075
23.209
31.8887
35.5674
24.2656
2.66501
37.3916
30.5877
39.6523
36.8525
28.7125
37.598
34.189
28.7301
29.5762
21.8723
4.8601
11.4704
21.7129
39.8945
27.1548
43.0728
11.1756
24.9717
34.6703
17.2086
31.1036
22.4851
31.6013
23.5262
32.8621
26.6537
2.58614
17.7024
36.7927
35.2151
35.0064
25.7535
42.6608
27.7991
43.0535
41.7524
36.5791
17.2421
34.0293
24.59
30.4809
9.02622
24.3216
38.5694
46.4453
35.7627
44.4684
28.3108
32.8418
17.922
21.7238
35.307
37.7588
24.0209
13.61
29.8112
36.7403
30.9798
20.7687
17.6107
35.2898
45.6231
47.7618
34.1725
35.9254
29.3866
39.8525
35.4228
33.7001
24.3483
40.3948
26.7879
33.1564
7.07811
34.2316
6.62518
31.7769
29.8656
24.6649
34.4505
31.5119
34.5699
16.9316
36.7004
6.68555
46.6807
48.7915
38.5153
8.92881
24.6917
30.4654
29.823
35.2939
35.5076
16.3085
37.7149
29.2675
13.098
35.4534
34.8868
44.6352
25.8724
23.8358
29.6866
19.0072
43.83
35.247
27.7844
16.8759
37.7252
26.7242
36.7104
35.8551
16.2848
35.6723
19.7927
40.3324
27.0136
26.6527
13.6959
30.7928
42.3493
34.6741
22.6705
19.7074
27.8934
35.717
22.8121
36.2032
38.8428
44.04
8.35748
24.0479
36.4621
37.8276
18.981
11.2864
41.2294
21.7112
35.9631
38.1296
24.5615
41.3165
17.8317
31.2622
29.0511
32.9003
27.4417
24.8104
13.3825
42.8563
43.3921
2.93633
33.694
25.2134
34.9155
41.6435
35.0538
31.9542
39.0284
22.4242
12.3358
22.1043
29.7817
36.6629
5.49365
41.8399
38.5018
37.7285
6.5061
30.8708
16.6524
44.5965
37.4268
41.3956
23.2954
37.7949
19.444
15.4448
31.3046
26.0477
22.359
21.0781
33.1218
43.2348
47.2977
34.9733
45.5164
26.3124
33.534
39.8498
41.6162
37.2885
29.9789
40.7304
35.2935
40.4297
36.1508
17.0868
34.884
26.2449
19.8903
35.4078
23.6288
20.0163
33.6703
27.4941
9.43275
39.4565
48.3553
21.7962
18.0726
36.9592
37.0857
25.0958
32.5143
41.1319
28.7792
19.0045
27.5095
34.4369
17.539
34.2348
31.855
26.7671
28.6816
38.4987
8.62679
39.6673
33.7698
34.0187
35.8559
32.3252
34.1642
36.3722
29.3632
33.1795
36.3988
15.7425
43.9695
40.1262
33.4506
29.5858
29.13
44.4497
37.6142
20.3078
28.9937
16.9655
37.4821
21.7533
41.4074
31.4872
38.3652
29.2258
26.5671
32.8763
34.8357
44.5169
19.0743
8.63902
39.6764
29.1005
22.1224
18.7372
32.3805
33.1958
17.6551
45.489
42.9039
45.4615
36.7257
28.4863
48.6184
11.9774
24.0391
40.2782
31.5367
7.46978
41.0432
22.4046
22.4235
30.489
19.9311
16.0161
25.3683
38.7154
29.3647
21.4926
48.4698
15.2974
16.9451
47.0934
31.6663
42.6532
26.7259
24.8233
27.2645
41.186
50.2073
42.0258
35.4124
36.4001
38.5882
26.1211
37.7492
29.5316
30.334
19.8517
35.5769
37.4305
12.4152
30.4234
31.1069
36.7561
43.3679
34.7382
24.4157
3.11168
27.7559
15.3615
32.1514
36.0515
39.4381
47.1242
32.8275
39.6791
25.1844
41.6
44.5712
30.2555
34.7806
35.3382
25.8989
24.1824
39.347
15.388
38.2661
12.0169
22.2539
11.8917
45.0633
26.4872
21.7657
26.644
33.21
24.9638
25.6676
6.87898
26.6722
5.81285
33.1112
23.5889
42.0389
31.6044
16.1264
43.2983
31.5651
32.1442
36.2663
32.246
25.129
35.041
40.0791
41.4781
28.0765
44.5913
34.5445
29.9452
24.7346
36.3639
9.39951
31.851
29.8832
35.7887
27.2147
33.976
32.3612
2.10784
27.2713
32.197
24.6165
21.2177
27.8382
35.6718
0.629798
24.603
46.3491
28.1952
34.819
40.8395
41.3735
33.6845
33.2685
26.0655
35.4691
23.3016
4.31944
13.7747
23.0504
39.6225
18.77
29.7295
39.1907
25.6923
29.3814
26.9933
41.0599
46.6935
17.8948
30.6181
46.8681
14.0625
37.7675
38.9608
16.4595
37.0341
33.2922
42.3039
27.917
25.1553
26.2971
33.2164
11.0198
38.6933
40.4089
36.0636
27.951
39.6304
35.4173
40.1439
45.5797
40.6166
30.894
15.7005
25.7444
44.9258
29.3442
30.3381
22.0995
14.8148
26.9858
17.9362
14.9628
22.1146
17.2531
46.4495
39.0109
40.217
19.4747
39.2842
22.0778
22.3199
26.9097
39.8616
28.2534
30.5334
38.0213
8.41894
31.7597
37.2792
8.678
34.3542
32.1131
34.5767
33.1589
41.9852
25.4835
28.7311
32.5086
39.328
39.9129
18.6294
37.5997
31.2899
14.082
8.10881
40.2093
3.73796
27.4653
43.6348
22.2188
32.1371
34.6686
36.8122
22.8055
7.4215
8.06426
38.013
27.0038
34.0852
23.3173
30.9456
37.8556
29.4928
23.3552
24.8648
36.6096
46.4918
16.2487
13.9334
28.7243
26.1862
12.9662
26.0796
38.4376
26.8338
34.9402
45.3202
41.653
5.45827
36.6607
26.5072
26.1484
20.1739
41.9257
16.948
32.7271
32.6782
22.6241
21.0491
12.555
14.6909
37.7424
30.3393
32.2642
22.1374
44.2518
40.8336
24.2928
41.518
7.34456
21.3917
24.298
43.8498
34.2878
35.2008
19.1088
23.7797
38.1313
31.5205
28.8529
34.9769
31.472
39.4188
40.2176
34.7596
27.1896
21.4549
28.7456
33.1162
36.2511
29.0003
41.6425
47.8818
29.5951
35.9821
35.4684
40.8577
39.435
40.9432
37.8071
25.5549
18.938
42.7174
36.1183
15.1525
40.1107
37.4406
33.7826
31.1423
8.66667
40.8348
25.3867
12.662
34.2977
39.9339
32.9454
25.8983
29.285
30.6561
39.4634
38.8271
41.2159
30.7391
35.4172
46.2021
21.4627
21.191
33.3818
18.1829
36.788
38.4987
30.9675
44.0935
42.6988
32.7057
32.6622
26.9047
12.4573
45.6294
30.0413
20.2789
40.891
17.8239
39.2038
31.1245
21.7349
40.0337
17.9617
25.2288
19.4056
27.8767
29.8495
43.8289
28.4333
25.9509
42.1906
35.6307
12.4399
3.1771
25.8343
7.71811
29.4557
26.0857
9.36243
34.5755
42.3606
23.4225
23.9657
31.717
41.6852
15.2146
38.7143
32.443
27.8612
7.65515
41.298
39.4298
1.7206
39.7797
5.02692
16.4811
49.3041
35.5196
35.1388
25.8065
28.131
27.7827
34.1966
24.9467
30.0204
36.4631
33.0482
18.7541
45.7519
22.2296
25.0397
49.2122
29.3879
37.9142
32.2224
38.499
25.8113
29.9935
35.0834
11.2668
7.96484
30.7361
13.78
36.1525
38.645
14.823
33.4604
23.2149
16.3815
36.7839
31.1621
30.4168
29.3626
48.449
40.8905
23.8327
35.7136
28.4869
22.7694
48.143
38.0637
13.7176
22.2902
38.9105
42.4599
37.374
26.325
28.1919
43.4201
34.1745
15.8595
24.0191
48.8717
24.038
30.7079
32.0278
43.0645
7.80346
34.4444
27.7974
2.91794
28.4689
39.5566
35.5644
23.4566
22.8524
4.69548
13.0329
30.1707
13.4641
39.7401
28.8603
19.1228
16.8482
27.1026
32.1647
42.9562
32.7806
37.5457
26.4506
31.8618
26.8894
39.8011
33.8741
21.6197
18.9409
40.6601
32.6894
45.3341
26.0179
7.98191
47.4622
35.2271
42.51
28.3588
25.0338
21.929
37.227
34.6201
31.8972
38.4172
37.009
33.7683
29.25
46.9134
19.7342
45.3527
32.5819
25.0679
3.88875
35.3457
32.455
27.8198
22.4372
35.0338
11.8208
34.4945
37.7886
41.53
37.1323
24.0128
35.9248
31.4875
5.64596
39.6849
21.4711
45.5776
34.8815
23.3951
31.3573
31.1401
18.7169
14.8047
27.5091
25.972
45.6331
30.7365
29.1436
19.4268
30.739
36.7371
28.3474
36.3327
17.9448
46.8833
23.4544
6.45152
34.3367
33.1323
26.1709
38.9354
27.4202
39.9936
34.7364
18.5567
22.9006
36.6293
27.5474
30.4097
33.8329
39.564
32.1254
24.0434
28.4418
39.5034
26.751
16.7817
32.2345
30.5654
16.3115
44.0517
38.2414
5.14467
15.9795
34.9515
26.7425
40.036
7.61538
13.8406
18.3934
29.8337
43.6386
14.3204
39.3254
37.707
38.7384
15.073
30.7528
13.8614
35.8809
36.4919
44.1878
45.7062
4.69618
10.0037
41.2406
35.0385
18.0235
35.0548
32.38
32.2646
24.697
29.9112
23.3734
24.1296
38.9153
20.7036
14.94
36.3114
30.5491
27.4152
44.1361
35.2091
33.7042
29.6963
31.2025
26.528
25.9626
35.9435
48.9252
33.8881
26.327
47.3577
32.5838
43.1484
35.6938
20.8357
41.9722
28.6279
21.1278
23.4595
25.3841
23.0022
44.1563
37.1665
19.8291
19.5454
27.8225
22.7439
24.8982
39.1832
3.86655
26.3301
35.494
29.1173
32.3232
19.145
34.7367
32.2633
47.3213
48.6316
20.3698
36.3023
33.0701
43.882
23.4547
27.1495
19.2215
33.2074
22.2252
30.726
17.8878
34.4359
33.062
29.8174
42.6388
24.6648
39.2182
24.9093
28.216
15.5949
38.5873
34.3044
20.3308
24.5997
19.165
46.5435
39.6672
43.8422
28.3097
34.5343
45.5271
31.9962
18.7185
18.7009
23.9261
17.7598
25.7521
31.4806
29.6265
18.1386
27.8125
42.532
29.5644
35.1433
7.08817
29.4046
21.8715
47.7558
22.5986
35.8502
33.367
20.4886
28.9205
23.754
44.3651
2.39047
39.3775
46.4736
26.0818
37.9345
23.3343
34.2173
35.4464
42.8171
45.0836
35.3901
45.0489
40.5333
39.925
32.2759
24.8367
42.4629
17.1441
41.3183
25.043
40.9339
32.5008
24.4441
36.2121
41.6543
25.0465
37.1362
28.5493
41.8638
18.4324
25.6495
21.4637
14.8783
19.6512
5.72407
32.8288
18.3974
32.6002
31.7927
32.461
38.7311
30.2238
10.7207
6.72667
27.2644
37.2098
17.2283
30.5848
42.7374
32.3436
37.8125
35.058
41.4712
44.9753
15.7782
28.0275
21.0904
26.7857
34.2255
27.1483
16.7294
31.161
31.8725
25.3136
17.862
45.4375
24.9777
34.2854
13.2045
13.2678
19.4899
35.8055
27.8201
20.8815
38.9542
5.19345
26.3172
28.6929
34.9708
26.6899
38.6002
10.6481
32.1844
29.5257
40.5206
27.9786
18.5922
41.0557
12.9831
19.2017
34.2795
8.82337
25.6697
49.1284
27.0701
28.0666
42.0769
30.6326
30.6205
43.1574
13.829
24.3818
35.5456
18.8544
38.0263
39.4447
32.1249
43.7571
10.0606
24.642
32.2384
30.698
27.6199
24.6012
7.98813
20.3107
22.0638
32.9293
27.0377
27.3778
34.1799
31.711
31.1666
26.7655
29.7702
41.2438
28.515
13.0031
17.6304
18.9893
41.5141
44.8676
32.8097
40.1716
38.5054
17.3887
34.6254
33.6432
27.0845
41.9799
21.385
42.4039
33.2984
11.2268
25.4692
43.0327
41.9411
42.3991
29.841
17.6526
31.2855
44.9266
41.9242
39.0876
26.8956
33.89
19.9192
6.52709
22.9865
37.848
27.1774
35.8716
13.7104
21.249
47.9186
33.9358
37.0872
29.7383
43.305
35.3829
17.9637
21.6342
42.5168
41.303
3.5321
41.9845
13.829
33.5418
38.2421
29.0542
34.3089
38.9033
36.4508
34.7496
34.9782
46.1088
20.7666
22.0187
43.4207
31.6504
36.8765
28.0486
21.8722
29.4129
32.5496
30.5945
38.2802
43.6191
16.4097
42.7745
33.0492
27.0191
32.2085
23.5794
14.6133
43.5949
0.794327
43.4332
12.0282
33.212
25.8668
46.3522
40.6344
25.026
38.0406
34.8067
32.1149
16.2971
30.8161
30.6165
31.3339
38.4877
37.3022
36.5077
20.438
25.9806
36.7286
29.3764
11.001
34.7645
24.8186
22.1995
24.8323
23.4684
35.8072
17.2824
21.8167
40.5439
38.7668
21.7375
47.8
37.7472
22.7451
38.4826
31.2181
33.6299
24.1985
28.4752
34.27
24.017
47.7703
42.2969
46.1803
24.2299
37.0135
19.8424
30.6826
41.0059
27.1627
26.3757
47.0236
32.606
27.3617
45.7916
22.3587
28.201
8.89086
33.3497
34.8498
23.4782
32.4734
19.3905
25.6482
46.6082
22.9131
14.9185
33.891
39.6114
24.6868
34.1813
22.518
48.6678
25.3253
25.6147
13.1578
32.6463
28.3918
31.4004
48.9318
23.6404
46.4195
33.8596
4.18538
17.0243
40.1085
41.4125
25.0474
39.2956
18.1496
42.4997
27.7413
27.9219
28.5491
28.1596
20.5114
42.0955
34.5957
33.1442
49.358
16.9614
12.7721
41.5515
6.5642
47.5026
40.5193
41.6877
17.8352
39.8203
7.04128
43.8861
33.2356
33.0092
17.5325
29.1504
12.1979
26.6307
29.0567
28.4164
21.672
34.7086
34.7395
19.3034
30.1252
27.3214
40.6626
28.6727
31.3674
38.1806
34.8718
40.3384
19.2147
33.7851
13.4495
42.4047
21.9231
36.6458
12.7583
40.8004
31.4067
31.5873
43.1027
20.7327
34.233
26.9922
30.7531
15.1187
33.3435
26.5915
4.75598
31.6312
22.572
42.8586
5.13802
25.3672
36.7234
9.81997
39.0271
27.0482
15.5685
20.536
32.7427
35.1271
41.4252
40.1906
7.14879
34.8563
20.8714
14.0933
33.2382
36.1569
48.1211
44.7876
43.8654
28.0265
44.3897
35.2131
33.5221
39.5756
26.15
36.498
27.5723
20.0251
36.4883
44.576
37.2994
12.9258
34.2216
24.1192
32.3615
32.8118
35.6751
32.7652
36.3611
28.6754
5.51547
38.8553
39.7966
39.7845
29.1231
25.8194
30.0833
40.9105
29.2207
42.7592
16.7606
39.2571
25.5939
19.4523
30.115
23.2606
42.3995
44.5214
43.1027
44.4349
33.9796
9.53365
37.2001
25.233
12.7982
38.0546
34.2928
23.7071
18.3785
34.7971
23.2956
27.8511
25.4989
32.9122
45.0679
29.1288
27.2681
40.7891
47.4209
18.2245
20.3472
31.5313
24.9474
43.9064
29.268
33.4448
30.3538
41.8692
22.3437
31.9109
44.892
29.943
41.9155
43.5196
41.9725
46.9655
4.53957
38.4681
46.2839
27.1106
35.8199
20.3695
17.2382
42.9384
12.5995
2.85699
33.2286
25.1678
42.6674
38.682
36.8343
33.0551
36.4015
33.2546
34.0272
16.5268
44.561
46.2333
27.5421
32.0136
41.6638
20.7858
26.0136
38.5024
24.1831
27.2332
23.7958
39.7919
31.0943
41.6237
36.938
26.9625
29.133
4.67766
25.8077
25.2762
26.7545
46.545
38.2452
23.5852
19.6601
30.5981
26.0253
34.8737
12.2575
33.3933
28.347
26.9749
32.5527
33.0357
39.668
43.0129
41.0975
22.1505
16.579
31.4355
37.2215
40.2299
30.8287
18.9893
40.6506
25.5037
30.775
38.7719
25.5185
17.2562
32.5418
27.416
3.53138
36.8968
24.4689
39.1346
40.8994
35.3376
39.3191
34.2065
25.7323
37.0515
30.4839
32.0288
30.5609
26.5339
13.6138
28.3789
35.535
46.8754
29.8417
3.33138
33.14
31.6079
38.3087
19.389
17.4269
35.1155
26.7451
30.5285
34.1704
31.9949
8.60494
23.9272
39.1222
23.7224
44.1633
33.5138
15.5961
31.7601
25.9756
1.46037
38.1957
26.9846
41.6319
18.4447
26.5366
32.3937
38.6977
36.2335
17.9271
31.7065
40.8037
26.9945
45.147
37.2245
25.5498
27.6618
3.35368
42.6943
33.2699
34.7427
4.83491
29.8571
27.6295
22.1632
11.6736
40.3758
38.0284
24.6144
7.77046
38.9579
33.7714
49.3092
32.4166
16.9407
25.9218
22.5155
38.8513
44.9646
43.7322
28.331
8.22439
36.564
22.8438
28.0697
35.6487
32.0952
45.9672
17.9609
35.6951
34.4449
20.6957
48.7709
43.9961
22.5176
29.956
30.5738
32.6811
32.3452
25.6983
39.2446
40.8106
8.10244
36.0694
37.0505
38.6579
12.7044
20.3105
30.389
20.1215
41.1266
29.8809
44.34
8.59269
48.9112
30.3337
29.6922
33.6373
2.25003
39.0378
37.1075
21.7501
35.0391
38.7098
38.7768
18.5418
28.8108
39.7303
34.8957
22.0824
31.7675
41.1868
23.1238
35.4277
9.92859
36.0474
35.2114
35.764
31.0061
32.5921
40.3674
33.5957
36.1567
36.1786
15.9189
40.1537
24.901
29.782
46.8261
24.3389
42.5611
34.2323
20.3979
34.8993
31.4405
43.9976
34.9626
36.3801
27.6012
21.3641
7.22281
25.7012
22.6348
34.2425
39.4953
39.5917
32.0662
28.8
19.5166
18.5843
30.3443
38.0199
21.0243
44.0261
26.3488
36.7495
3.47337
34.6975
40.412
31.6597
33.5312
33.8984
43.3601
34.8511
19.1344
3.45613
4.37618
45.5315
13.9011
46.5173
44.5466
18.3647
12.9179
34.7594
12.5619
26.0711
16.8853
32.1975
32.7424
30.6574
17.3799
30.497
40.3912
45.0795
35.8041
39.2651
28.8333
38.0219
25.2143
10.1203
40.5917
41.1432
