0
0
0
0
0
0
0
0
0
0
0
0
5.42505
0
0
0
0
0
0
0
0
0
0
0
0
0
5.89924
0
0
0
0
0
0
0
0
0
0
0
0
6.50177
0
0
0
0
0
0
0
0
0
0
0
0
0
0
6.11382
0
0
0
6.79855
0
0
0
0
0
0
0
0
0
0
0
0
0
0
0
0
0
0
0
0
0
0
0
0
0
0
0
0
0
0
0
0
0
0
0
6.23074
5.26473
0
0
0
0
0
0
0
0
0
0
0
0
0
0
0
0
0
0
6.36452
0
0
0
0
0
0
0
0
0
0
0
0
0
0
0
0
0
0
0
0
0
0
0
0
0
0
0
0
0
0
0
0
0
0
0
0
0
0
0
0
0
0
0
0
0
0
5.15994
0
0
0
5.42141
0
0
0
5.07018
0
0
0
0
0
0
0
0
0
0
0
0
0
0
0
0
0
0
0
0
0
0
0
0
0
0
0
0
0
0
0
7.54891
0
0
0
0
0
0
0
0
0
0
0
0
0
0
0
0
0
0
0
0
0
0
0
0
5.74149
0
0
0
0
0
0
0
0
0
6.39706
0
0
0
0
0
0
0
0
0
0
0
0
0
0
0
0
0
0
0
0
0
0
0
0
0
0
0
0
0
0
0
0
0
0
0
0
0
0
0
0
0
0
0
0
0
0
0
0
0
0
0
0
0
0
0
0
0
0
0
0
0
0
0
8.37494
0
0
0
0
0
0
0
0
0
0
0
0
0
0
0
0
0
0
0
0
0
0
0
0
0
0
0
0
0
0
0
0
0
0
5.79741
0
0
0
0
0
0
0
0
0
0
0
0
0
0
0
0
0
0
0
0
5.39197
0
0
0
0
0
0
0
0
0
0
0
0
0
0
0
0
0
0
0
0
0
0
0
0
0
0
0
0
0
0
0
0
0
0
7.00305
0
0
0
0
0
0
0
0
0
0
0
0
0
0
0
0
0
0
0
0
0
0
0
0
0
0
0
0
0
0
0
0
0
0
0
0
0
0
0
0
0
0
0
0
0
0
0
0
0
0
0
0
0
0
0
0
0
9.2307
0
0
0
0
0
0
0
0
0
0
4.92984
0
0
0
0
0
0
0
0
0
0
0
0
0
0
0
0
5.39942
0
0
0
0
0
0
0
0
0
0
0
0
0
0
0
0
0
0
0
0
0
0
0
0
0
0
0
0
0
5.7671
0
0
0
0
0
0
0
0
6.00508
0
0
0
0
0
0
0
0
0
0
0
0
0
0
0
0
0
0
0
0
0
0
0
0
0
0
0
0
0
0
0
0
0
0
5.13839
0
0
0
0
0
5.1476
5.21357
0
0
0
0
0
0
0
0
0
8.10236
0
0
5.31984
0
0
0
0
0
0
0
0
0
0
0
0
0
0
0
0
0
0
0
0
0
0
0
0
0
0
0
0
0
0
0
0
0
0
0
0
0
0
0
0
0
0
0
0
0
0
0
0
0
6.33294
0
0
0
5.1223
5.28299
0
0
0
0
5.36181
0
0
5.12698
0
0
0
0
0
0
0
0
0
0
0
0
0
0
0
0
0
0
0
0
0
0
6.78018
0
0
0
0
0
0
0
0
0
0
0
0
0
0
0
0
0
0
0
0
0
0
0
0
0
5.22588
0
0
0
0
0
0
0
0
0
0
0
0
6.74808
0
8.14973
0
0
0
0
5.06167
0
0
0
0
0
0
0
0
0
0
0
0
0
0
0
0
0
0
0
0
7.16497
0
0
0
0
0
0
0
0
0
0
0
0
0
0
0
0
0
0
0
0
0
0
0
0
0
0
0
0
0
0
0
0
0
0
0
0
0
0
0
5.43317
0
0
0
0
0
0
0
0
0
0
0
0
0
0
0
0
0
0
0
0
0
0
0
0
0
0
0
0
8.92806
0
0
0
5.23174
0
0
0
0
0
0
0
0
0
0
0
0
0
0
0
0
5.49628
0
0
0
6.7966
0
0
0
0
0
0
0
0
0
0
0
0
0
0
0
0
0
0
0
6.86412
0
0
0
0
0
0
0
0
0
0
0
0
0
0
0
0
0
0
0
0
0
0
0
0
0
0
0
5.07838
0
0
0
0
0
0
0
0
0
0
0
0
0
0
0
0
0
0
0
0
0
0
0
6.00556
0
0
0
0
0
0
0
0
0
0
0
0
0
0
0
0
0
0
0
0
5.06979
5.15112
0
0
0
0
0
0
0
0
0
0
0
0
0
0
0
0
0
0
0
0
0
0
0
0
0
0
0
5.17415
0
5.49115
0
0
0
9.36267
0
5.43099
0
0
5.6104
0
0
0
0
0
0
0
0
0
0
0
0
0
0
0
0
0
0
0
0
0
0
0
0
0
0
0
0
0
0
0
0
0
0
0
6.13048
0
0
0
0
0
0
0
0
0
0
0
0
0
0
0
0
0
0
5.53121
0
0
0
0
0
0
0
0
0
0
0
0
0
0
0
0
0
0
0
0
0
0
0
0
0
0
0
0
0
0
0
0
5.28994
0
0
0
0
0
0
0
0
0
0
0
0
0
0
0
0
0
0
0
0
0
0
0
0
0
0
0
6.02794
0
0
0
0
0
0
0
0
0
0
0
0
0
0
0
0
0
0
0
0
0
0
0
0
0
0
0
0
0
0
0
0
0
0
0
0
0
0
0
0
0
0
0
0
0
0
0
0
0
0
0
0
5.92884
0
0
0
0
0
0
0
0
0
0
0
0
0
0
0
0
0
0
0
0
0
0
0
0
0
0
0
0
0
0
11.4807
0
0
0
0
0
0
0
0
0
0
0
0
0
0
0
0
0
0
0
0
0
0
0
0
0
0
0
5.6983
0
5.94011
0
0
0
5.41736
0
0
0
0
0
0
0
0
0
0
0
0
0
0
0
0
0
0
0
0
0
0
0
0
0
0
0
0
0
0
0
0
0
0
0
0
0
0
0
5.3978
0
0
0
0
5.16641
0
0
0
0
0
0
6.69386
0
0
0
0
0
0
0
0
0
5.27903
0
0
0
0
0
0
0
0
0
0
0
0
0
0
5.17956
0
0
0
0
0
0
0
0
0
0
0
0
7.31948
0
0
0
0
0
0
0
0
0
0
0
0
0
0
0
0
0
0
0
0
0
0
0
0
0
0
0
0
0
0
0
0
0
0
0
0
0
0
0
0
0
0
0
0
0
0
0
0
0
0
0
0
0
0
0
0
0
0
0
0
0
0
0
0
0
0
0
0
0
0
0
0
0
0
0
0
0
0
0
0
0
0
0
0
0
0
0
0
0
0
0
0
0
0
0
0
0
0
0
0
0
0
0
0
0
0
5.54294
0
0
0
0
0
0
0
0
0
0
0
0
0
0
0
0
0
0
0
0
0
0
0
0
0
6.79333
0
0
0
0
0
0
0
0
0
0
0
0
0
0
0
0
5.20088
0
0
0
0
0
0
0
0
0
0
0
0
0
0
0
0
0
0
0
0
0
0
0
0
0
0
0
0
0
0
0
0
0
0
0
0
0
0
0
0
0
0
0
0
0
0
0
0
0
0
0
0
0
0
0
0
0
0
0
0
0
0
0
0
0
0
0
0
0
7.85381
0
0
0
0
0
0
0
0
0
0
0
0
0
0
0
0
0
0
0
0
0
0
0
0
0
0
0
0
0
6.6833
0
0
0
0
0
0
0
0
0
0
0
17.1493
0
0
0
0
0
0
0
0
0
0
0
0
0
0
0
0
0
0
5.12957
0
0
0
0
0
0
0
0
0
0
0
0
0
0
0
0
0
0
0
0
0
0
0
0
0
0
0
0
0
0
0
0
5.91017
0
0
0
0
0
0
0
0
0
0
0
0
0
0
0
0
0
0
0
0
0
0
0
0
0
0
0
0
0
0
0
0
0
0
0
0
0
0
5.39642
0
0
0
0
0
0
0
0
0
0
0
0
0
0
0
0
0
0
0
0
6.48534
0
0
0
0
0
0
0
5.06291
0
5.37392
0
0
0
0
0
0
0
0
0
0
0
6.30307
0
5.87485
0
0
0
5.22429
0
0
0
0
0
0
0
0
0
0
0
0
0
0
0
0
0
0
0
0
0
0
0
0
0
0
0
0
0
0
0
0
0
0
0
0
0
0
0
0
0
0
0
0
0
0
0
0
0
0
0
0
0
0
0
6.2503
0
0
0
0
0
0
0
0
5.47765
0
0
0
0
0
0
0
5.51011
0
0
0
0
0
0
0
0
0
0
0
5.56165
0
0
0
0
0
0
0
0
6.22229
0
0
0
0
0
0
0
0
0
0
0
0
0
0
0
0
0
0
5.47709
0
0
0
0
0
0
0
0
0
0
0
0
0
0
0
0
0
6.73531
0
0
0
0
0
0
0
0
0
0
8.13563
0
0
0
0
0
0
0
0
0
0
0
0
0
0
0
0
0
0
0
0
0
0
0
0
0
0
0
0
0
0
0
0
0
0
0
0
0
0
0
0
0
0
0
0
0
0
0
0
0
0
0
0
0
0
0
0
0
0
0
0
0
0
0
0
7.96964
0
0
0
0
0
0
0
0
0
0
0
0
0
0
0
0
0
0
5.36843
5.90351
0
0
0
0
0
0
5.92106
0
0
0
0
0
0
0
0
0
0
0
0
0
0
0
0
0
0
0
0
0
0
0
5.0403
0
0
0
0
0
0
0
0
0
0
0
0
0
0
0
0
0
0
0
0
0
0
7.22829
0
7.65059
0
0
0
0
0
0
5.57588
0
0
0
0
0
0
0
0
0
0
0
0
0
0
0
0
0
0
0
0
0
0
0
0
0
0
0
0
0
0
0
6.78437
0
0
0
0
0
0
0
0
0
0
0
5.15454
0
0
0
0
0
0
0
0
0
0
0
0
7.66285
0
0
0
5.38567
0
0
0
0
0
0
5.8936
0
0
0
0
0
0
0
0
0
0
0
0
0
0
6.97268
0
0
0
0
0
0
0
0
0
0
0
0
0
0
0
0
0
0
0
0
0
0
0
0
0
0
0
0
0
0
0
0
0
0
0
0
0
0
0
0
0
0
0
0
0
0
0
0
0
0
0
0
0
0
6.65251
0
0
0
0
0
0
0
0
0
0
0
0
0
0
0
0
0
0
0
0
0
0
0
0
0
0
0
0
0
0
0
0
0
0
0
0
0
0
0
0
0
0
0
0
0
0
0
0
0
0
0
0
0
0
0
0
0
0
0
0
0
0
0
5.50126
0
0
0
0
0
0
0
0
0
0
0
0
0
0
0
0
0
0
0
0
8.56646
0
0
0
0
0
0
0
0
0
0
0
0
0
6.17205
5.66734
0
0
0
0
0
0
6.90363
0
0
0
0
0
0
0
0
0
0
0
0
0
0
0
0
0
0
0
0
0
0
0
0
0
0
0
0
0
0
0
0
0
0
0
0
0
0
0
0
0
0
5.76819
8.55272
0
0
0
0
0
0
0
0
0
0
0
0
0
0
0
0
0
9.41708
8.0095
0
0
0
0
0
0
0
0
0
0
0
0
0
0
0
0
0
0
0
0
0
0
0
0
0
0
0
0
0
0
0
5.35933
0
0
0
0
0
0
0
0
0
0
10.4905
0
0
0
0
0
0
0
0
0
0
0
0
0
0
0
0
5.0922
0
0
0
7.49813
0
6.98829
0
0
0
0
0
0
0
0
0
0
0
0
6.09028
0
0
0
0
0
0
0
6.84831
0
0
0
0
0
0
0
0
0
0
0
0
0
0
0
0
0
0
0
0
0
0
0
0
0
0
0
0
0
0
0
0
0
0
0
0
0
0
0
0
0
0
0
0
0
0
0
0
0
0
0
0
0
10.4736
0
0
0
0
0
0
0
0
0
0
0
0
0
0
0
5.42584
0
0
0
0
0
0
0
0
0
0
0
0
0
0
0
0
0
8.86092
0
0
0
0
0
0
0
5.70091
0
0
0
0
0
0
0
0
0
0
0
0
0
0
0
0
0
0
0
0
0
0
0
0
0
0
0
5.45314
0
0
0
0
0
0
0
0
0
0
0
0
0
0
0
0
0
0
0
0
0
0
0
0
0
0
0
0
0
0
6.85538
0
0
0
0
0
0
0
0
0
0
0
0
0
0
0
0
0
0
0
0
0
0
0
0
0
0
0
0
0
0
0
0
0
0
0
0
0
0
0
0
0
0
0
0
5.04746
0
5.27172
0
0
0
0
0
0
0
0
0
0
0
0
0
4.98827
0
0
0
0
0
0
0
0
0
0
0
0
0
0
0
0
5.28378
0
0
0
0
7.56073
0
0
5.3211
8.11323
0
0
0
0
0
0
0
0
0
0
0
0
0
0
0
0
0
0
0
0
0
5.45172
0
0
0
0
0
0
0
0
0
0
0
0
0
0
0
0
0
0
0
0
0
0
0
0
0
0
6.05268
0
0
0
0
0
0
0
0
0
0
0
0
0
0
0
0
0
0
0
0
0
6.73321
6.16925
0
0
0
7.18445
0
0
0
0
0
0
0
0
0
0
0
5.25447
5.15301
0
0
0
0
0
5.08243
0
0
0
0
6.07301
0
0
0
0
0
0
0
0
0
0
0
0
0
5.67161
0
0
0
0
0
0
0
0
0
0
0
0
0
0
0
5.31413
0
0
0
0
0
0
0
0
0
0
0
0
0
0
0
0
5.40899
0
0
0
0
5.52841
0
0
0
0
0
0
0
0
0
5.35853
0
0
0
0
0
0
0
0
0
0
0
0
0
0
0
0
0
0
0
0
0
0
0
0
0
0
0
0
6.91217
0
0
0
0
0
0
0
0
0
0
0
0
0
0
0
0
0
0
0
0
0
0
0
0
0
0
0
0
0
0
0
0
0
0
0
0
0
0
0
0
5.48574
0
0
0
0
0
0
0
0
0
0
0
5.36262
0
0
0
0
0
0
8.60686
0
0
0
0
0
0
0
5.2769
0
0
0
0
0
0
0
0
0
0
0
0
5.78278
0
0
0
0
0
0
0
0
0
0
0
0
0
0
0
0
0
0
5.4137
0
0
0
0
8.85689
0
0
0
0
0
0
0
0
0
0
0
0
0
0
0
0
0
0
0
0
0
0
0
0
0
0
0
0
0
0
0
0
0
0
0
0
0
0
0
0
0
0
0
0
0
0
0
7.17805
5.14127
0
0
0
0
0
0
0
0
0
0
0
0
0
0
0
0
0
0
0
0
0
0
0
0
0
0
0
0
0
5.18627
0
0
0
0
0
0
0
0
0
0
0
0
0
0
0
0
0
0
0
5.75381
0
6.68472
0
0
0
0
0
0
0
0
0
0
0
5.78571
0
0
0
0
0
0
0
0
0
0
0
0
0
0
0
0
0
0
0
0
0
0
0
0
5.29982
0
0
0
0
0
0
0
0
0
0
0
0
0
0
0
0
0
0
0
0
0
0
0
0
0
0
0
0
0
0
0
0
0
0
0
0
0
0
0
0
0
0
0
0
0
5.65647
0
0
0
0
0
0
0
0
0
0
0
0
0
0
0
5.72291
0
0
0
0
0
0
0
0
0
0
0
0
0
0
0
0
0
0
0
0
0
0
0
0
0
0
0
0
0
0
0
0
0
0
0
0
0
0
0
0
0
0
0
0
0
0
0
0
0
6.96206
0
0
0
0
0
0
0
0
10.38
0
9.21214
0
10.5963
0
0
0
0
0
0
0
0
0
0
0
0
0
0
0
0
0
0
0
0
0
0
0
0
0
5.30332
0
0
0
5.46883
0
0
0
0
0
0
0
0
0
0
0
0
0
0
0
0
0
0
0
0
0
0
0
0
0
0
0
0
0
0
0
0
0
0
0
0
0
0
0
0
0
0
0
5.06994
0
0
0
0
0
0
0
0
4.9758
5.0533
0
0
0
0
0
0
0
5.83964
0
0
0
0
0
0
0
0
0
0
0
0
0
0
0
0
0
0
9.26747
0
0
0
0
0
0
0
0
0
0
0
5.1596
0
5.61851
0
0
0
0
0
0
0
0
0
0
0
0
0
0
0
0
0
6.77506
0
0
0
0
5.1755
0
0
0
5.16363
0
0
0
0
0
0
0
0
0
0
0
0
0
0
0
0
0
0
0
0
0
0
5.04681
0
0
0
0
0
0
0
0
0
0
0
0
0
0
0
0
0
0
0
0
7.22329
0
0
0
0
0
0
7.03328
0
0
0
0
0
0
0
0
0
0
0
0
0
0
0
0
0
0
0
0
0
0
0
0
0
0
0
0
0
0
7.61346
0
5.08688
5.16695
0
0
0
0
0
0
0
0
0
0
0
0
0
0
0
0
0
0
0
0
0
0
0
0
0
0
0
0
0
0
0
0
0
0
0
0
0
0
0
0
0
0
0
5.20185
0
0
0
0
0
0
0
0
0
0
0
0
0
0
0
0
0
0
0
0
0
0
0
0
0
0
0
0
0
0
0
0
0
0
0
0
0
0
0
0
0
0
0
0
5.39444
0
0
0
0
0
0
0
0
0
0
0
0
0
0
0
0
0
0
0
0
0
0
0
0
0
0
0
0
0
0
7.96604
0
6.04853
0
0
0
0
0
0
0
0
0
0
0
0
0
0
0
5.45083
0
0
0
0
0
0
0
0
0
0
0
0
0
0
0
0
0
0
0
0
0
0
0
0
0
0
0
0
0
0
0
0
0
0
0
0
0
0
0
0
0
0
0
0
0
0
0
0
0
0
0
0
0
0
0
0
0
0
0
0
0
0
0
0
0
0
0
0
5.91661
0
0
0
0
0
0
0
0
0
0
0
0
0
0
0
0
0
0
0
0
0
0
0
0
5.21035
0
0
0
0
6.92175
0
0
0
0
0
0
0
0
0
0
0
0
0
0
0
0
0
0
0
5.08617
0
0
0
0
0
0
0
0
0
0
0
0
0
0
0
0
0
0
0
0
0
0
0
0
0
0
0
0
0
0
0
0
0
0
0
0
0
0
0
0
0
0
7.8869
0
6.66845
0
0
0
0
0
0
0
0
0
0
0
0
0
0
0
0
0
0
0
0
0
0
0
0
0
0
0
0
0
0
0
6.42447
0
0
0
0
0
0
0
0
0
0
0
0
0
0
6.83009
0
0
0
0
0
0
0
0
0
0
0
10.3444
0
0
0
0
7.16639
6.85745
0
0
0
0
0
0
0
0
0
0
0
0
0
0
0
0
0
0
0
0
0
0
0
0
0
0
0
0
0
0
0
0
0
0
0
0
0
0
0
0
0
0
0
0
0
0
0
0
0
0
0
0
0
0
0
0
0
0
0
0
0
0
0
0
0
0
0
0
0
0
0
0
0
0
0
0
0
0
0
0
0
0
0
0
0
0
0
0
0
0
0
0
0
0
0
0
0
0
0
0
0
5.28747
0
0
0
0
0
0
0
0
0
5.71096
0
0
5.33941
6.78805
0
0
0
0
0
0
0
0
0
0
0
0
0
0
0
0
0
0
0
0
0
0
0
0
0
0
0
0
0
0
0
0
0
0
0
0
0
0
0
0
0
0
0
0
0
0
0
0
0
0
0
0
0
0
0
0
0
0
0
0
0
0
0
0
8.05062
0
0
0
0
0
0
5.58393
5.99519
0
0
0
0
0
0
0
0
0
0
0
0
0
0
0
0
0
0
0
0
0
0
0
0
0
0
0
0
0
0
0
0
0
0
0
5.34913
6.74362
0
0
0
0
0
0
0
0
0
0
0
0
0
5.18644
0
0
0
0
0
0
0
0
0
0
0
0
0
0
0
0
0
0
0
0
0
0
0
0
5.11729
0
0
0
0
0
0
0
8.02924
0
0
0
0
0
0
0
0
0
5.20836
0
0
0
0
0
0
0
0
0
0
6.08547
0
0
0
0
0
0
0
0
0
0
0
0
0
6.84962
0
0
5.19875
5.5202
0
0
0
5.46733
0
0
0
0
6.17835
0
0
0
0
0
0
0
0
0
0
0
0
0
0
0
0
5.47928
0
0
0
0
0
0
0
0
0
0
0
0
0
0
0
0
0
0
0
0
0
0
0
0
0
0
0
0
0
0
0
0
0
0
0
0
0
0
0
0
5.74787
0
0
0
0
0
0
0
0
0
11.3954
0
0
0
0
0
0
0
0
0
0
0
0
0
0
0
0
0
0
0
0
0
0
0
0
0
0
0
0
0
0
0
0
0
0
0
0
0
0
0
0
0
0
0
0
0
0
0
0
0
0
0
0
0
0
0
0
0
0
0
0
0
0
0
0
0
0
0
0
0
0
5.24038
0
0
0
0
0
5.87591
10.0854
0
0
0
0
0
0
0
0
0
0
0
0
0
5.9214
0
0
0
0
0
0
0
0
0
0
0
0
0
0
0
0
0
0
0
0
0
0
0
0
0
0
0
0
0
0
0
0
0
7.80402
0
0
0
0
5.16213
0
0
0
0
0
0
0
0
0
0
0
0
0
0
0
0
0
0
0
0
0
0
0
0
0
6.99465
0
0
0
0
0
0
0
0
0
0
0
0
0
0
0
0
0
0
0
0
0
5.08942
0
0
0
0
0
0
0
0
0
0
5.25011
0
0
0
0
0
0
0
0
0
0
5.49919
0
0
0
0
0
0
0
0
0
0
0
0
0
0
0
0
0
0
0
0
0
0
0
0
0
0
0
0
0
5.89222
0
0
0
0
0
0
0
0
0
0
0
0
0
0
0
6.05145
5.08822
0
0
0
0
0
0
0
0
0
0
0
0
0
0
0
0
0
0
0
0
0
0
0
0
0
0
0
0
0
0
0
0
0
0
0
0
0
0
0
0
0
0
0
0
0
0
0
0
0
0
0
0
0
0
0
0
0
0
0
0
0
0
0
0
0
0
0
0
0
0
0
0
0
0
0
0
0
0
0
0
0
0
0
0
0
0
0
0
0
6.03293
0
0
0
0
0
0
0
0
0
0
0
0
0
0
5.77631
0
0
0
0
0
0
0
0
0
0
0
0
0
0
0
0
0
0
0
0
0
0
0
0
0
0
0
0
0
0
0
0
0
0
0
0
0
0
0
0
0
0
5.67832
0
0
0
0
5.98297
0
0
0
0
0
0
0
0
0
0
0
0
5.09114
0
0
0
0
0
0
0
0
0
0
7.91455
0
0
0
0
0
0
0
0
0
0
5.16155
0
0
0
0
0
5.74634
0
0
0
0
0
0
0
0
0
0
0
0
0
0
0
0
0
5.1653
0
0
0
0
0
0
0
0
0
0
0
0
0
0
0
5.25152
0
0
0
0
0
0
0
0
0
0
0
0
0
0
0
0
0
0
0
0
0
0
0
0
0
0
0
0
0
0
0
0
6.07933
0
0
0
0
0
0
0
0
0
0
0
0
0
0
0
0
0
0
0
0
7.06507
0
0
0
0
0
0
0
0
0
0
0
0
0
0
0
0
0
0
0
0
0
0
0
0
0
0
5.27248
0
0
0
0
0
0
6.98471
0
0
0
0
0
0
0
0
0
5.86348
0
0
0
0
0
0
0
0
5.71706
0
0
0
0
0
0
0
0
0
0
0
0
0
0
0
0
0
0
0
0
5.0995
0
0
0
0
0
0
0
0
0
0
0
0
0
0
0
0
0
0
0
8.86577
0
0
0
0
6.84164
0
0
0
0
0
0
0
0
0
0
0
0
0
6.89838
0
0
0
0
0
0
6.74475
0
0
0
5.9198
0
0
0
0
0
0
0
6.49472
0
0
0
0
0
0
0
0
0
6.65937
0
0
0
0
0
0
0
0
0
0
0
0
5.58491
0
0
0
0
0
0
0
0
0
0
0
0
0
0
0
0
0
0
0
0
0
0
0
0
0
0
0
0
0
0
0
0
0
0
0
0
0
0
0
0
0
0
0
0
0
0
0
0
0
0
0
0
0
0
5.23431
0
0
0
0
0
0
0
5.28962
0
0
0
0
0
0
0
0
0
0
0
0
0
0
0
0
0
0
0
0
0
0
0
0
0
0
0
0
0
0
0
0
0
0
0
0
0
0
0
0
0
0
0
5.25799
0
0
0
0
0
0
0
0
0
0
0
0
0
0
0
0
0
0
0
0
0
0
0
0
0
0
0
0
0
5.76509
0
0
8.9008
0
0
0
0
0
0
0
0
0
0
0
0
0
0
0
0
0
0
0
0
0
0
0
0
0
0
0
0
0
0
0
0
0
0
0
0
0
0
0
5.25919
0
0
0
0
5.07359
0
0
0
0
0
0
0
0
8.314
0
0
0
0
0
0
0
5.49254
0
0
0
0
0
0
0
0
0
0
0
0
0
0
10.3371
0
0
6.37187
0
0
0
0
0
0
0
0
0
0
0
0
0
0
5.10813
0
0
0
0
0
0
0
0
0
0
0
0
0
0
0
6.8596
0
0
0
0
0
0
0
0
0
0
0
0
0
0
0
0
0
0
0
0
0
0
0
0
0
0
0
0
0
0
0
0
0
0
0
0
0
0
0
0
0
0
0
0
0
0
0
0
0
0
0
0
0
0
0
0
0
0
0
0
0
5.02954
0
7.01584
0
0
0
0
5.27164
0
0
5.34306
0
0
0
0
0
0
0
9.19713
0
0
0
10.5522
0
0
0
0
0
0
0
0
0
0
0
0
0
0
0
0
0
0
0
0
0
0
0
0
0
0
0
0
0
0
0
0
0
0
0
0
0
0
0
0
0
0
0
0
0
0
0
0
0
0
0
7.24633
0
0
0
0
0
0
0
0
0
0
0
0
0
0
0
0
0
0
0
0
0
0
0
0
0
0
0
0
0
0
0
0
0
5.38347
0
0
5.343
0
0
0
0
0
0
0
0
0
0
0
0
0
0
0
0
0
0
0
0
0
0
0
0
0
0
0
0
0
0
0
0
0
0
0
0
0
0
0
0
0
0
0
0
0
0
0
0
0
0
0
0
0
0
0
0
0
0
0
0
0
0
0
0
0
0
0
0
0
0
0
0
0
0
0
0
0
0
0
0
0
6.88784
0
0
0
0
0
0
0
0
0
0
0
0
0
0
0
0
0
0
0
0
0
0
0
0
0
0
0
0
0
0
0
0
0
0
0
0
0
0
0
0
0
0
0
5.02167
0
0
0
0
0
0
0
0
0
0
0
0
0
0
0
0
0
0
0
0
0
0
0
0
0
0
0
0
0
0
0
0
0
0
0
0
5.25634
0
0
0
0
0
0
6.74397
0
0
0
0
0
0
0
0
0
0
0
0
0
0
0
0
0
0
0
0
0
0
0
0
0
0
0
0
0
0
0
0
0
0
0
0
0
0
0
0
0
0
0
0
0
0
0
0
0
0
0
0
0
0
0
0
0
0
0
0
0
0
0
0
0
0
6.75129
0
0
10.8203
0
0
0
0
0
0
0
0
0
0
0
0
0
0
0
0
0
0
0
0
0
0
0
0
0
0
0
0
0
0
0
0
0
0
0
0
0
0
0
0
0
0
0
0
0
0
0
0
0
0
0
0
0
0
0
0
0
0
0
0
0
0
0
0
0
0
0
0
0
0
0
0
0
0
0
0
0
0
0
0
0
0
0
0
0
0
0
0
0
0
0
0
0
0
0
0
0
0
0
0
0
0
0
0
0
0
0
0
0
0
0
0
0
0
0
0
0
0
0
0
0
0
0
0
0
0
0
0
0
0
0
0
0
0
0
0
0
0
0
0
0
0
4.98268
0
0
0
0
0
0
0
0
0
0
0
0
0
0
0
0
0
0
0
0
0
0
0
0
0
0
0
0
0
0
0
0
8.46259
0
0
0
0
0
0
0
0
0
0
0
0
0
0
0
0
0
0
0
0
0
0
0
0
0
0
0
0
0
0
5.35686
0
0
0
0
0
0
0
0
0
0
0
0
0
0
0
0
0
0
0
0
0
0
0
0
0
0
0
0
0
0
0
0
0
0
0
0
0
0
0
7.46548
0
0
0
0
0
0
0
0
0
0
0
0
0
0
0
0
0
0
0
0
0
0
0
0
0
0
0
0
0
0
0
0
0
0
0
0
0
0
0
0
0
0
0
0
0
0
0
0
0
0
0
0
0
0
0
0
0
0
0
0
0
0
0
0
0
0
0
0
0
0
0
0
0
0
0
0
0
0
0
0
0
0
0
0
0
0
0
0
0
0
0
0
0
0
0
0
0
0
0
0
0
0
0
0
0
0
0
0
0
0
0
5.94387
0
0
0
0
0
0
0
0
0
7.0507
0
0
0
0
0
0
0
0
0
0
0
0
0
0
0
0
0
0
0
0
0
0
0
0
0
0
0
0
0
7.11853
0
0
5.15154
0
0
0
0
0
0
0
0
0
0
0
5.01226
0
0
0
0
0
0
0
0
0
0
0
0
0
0
0
0
0
0
0
0
0
0
0
0
0
0
6.01917
0
0
0
0
0
0
0
0
0
0
0
0
0
0
0
0
0
0
5.14633
0
0
0
0
0
0
0
0
0
0
0
0
0
0
0
0
0
0
0
0
0
0
0
0
0
0
0
0
0
0
0
0
0
0
0
0
0
0
0
0
0
0
0
0
0
0
0
0
0
0
0
0
0
0
0
0
0
0
0
0
0
0
0
0
0
0
0
0
0
0
0
0
0
0
0
0
0
0
0
6.70736
0
0
5.25612
0
0
0
0
0
0
0
0
0
0
0
8.57453
0
0
0
0
0
0
0
0
0
0
0
0
0
0
0
0
9.58166
0
0
0
0
0
0
0
0
0
0
0
0
0
0
0
0
0
0
0
0
0
0
0
0
0
5.58708
6.71043
0
0
0
0
0
0
0
0
0
0
0
0
0
0
0
0
0
0
0
0
0
0
0
0
0
0
0
0
0
0
0
4.92553
0
0
0
5.27666
0
0
0
0
0
0
0
0
0
0
0
0
0
0
0
0
0
0
0
0
0
0
0
0
0
5.7202
5.41187
0
0
0
0
0
0
0
0
0
0
0
0
0
0
0
0
0
0
0
0
0
0
0
0
0
0
0
0
0
0
0
0
0
0
0
0
0
0
0
0
0
0
0
0
0
0
0
0
0
0
0
0
0
0
0
0
0
0
0
0
0
0
5.53605
0
0
0
0
0
0
0
0
0
0
0
0
0
0
0
0
0
0
0
0
0
0
0
0
0
0
0
0
0
0
0
0
0
0
0
5.06461
0
0
5.19186
0
0
0
0
0
0
0
0
0
0
0
0
0
5.71569
5.58537
0
0
0
0
0
0
0
0
0
0
0
0
0
0
0
0
5.41949
8.61798
0
0
0
0
0
0
0
0
0
0
0
0
0
0
0
0
0
0
0
0
0
6.70026
0
0
0
0
0
0
0
0
0
0
0
0
0
0
0
0
0
0
0
0
0
0
0
0
0
0
0
0
0
0
0
0
0
0
0
0
0
0
0
5.1554
0
0
0
0
0
0
0
0
0
0
0
0
0
0
0
0
0
0
0
0
0
0
7.92341
0
0
0
0
0
0
0
0
0
0
0
0
0
0
0
0
0
7.0675
0
0
0
0
0
0
0
0
0
0
0
6.10462
0
0
0
0
0
0
0
0
0
0
0
0
0
0
0
0
0
0
0
0
0
0
0
0
0
0
0
0
0
0
0
0
0
0
0
0
0
0
0
0
0
0
0
0
0
0
0
0
0
0
0
0
0
0
0
0
0
0
8.23292
0
0
0
0
0
0
0
0
0
0
0
0
0
0
0
0
0
0
0
0
0
5.92498
0
0
0
0
0
0
0
0
0
0
0
0
0
0
5.49241
0
0
0
0
0
0
0
0
0
0
0
0
0
0
0
0
0
0
0
6.22871
0
0
0
0
0
0
0
12.5345
0
0
0
0
0
5.17238
0
0
0
0
0
0
0
0
0
0
0
0
0
0
0
0
0
0
0
0
0
5.36397
0
0
0
0
0
0
0
0
0
0
0
0
0
0
0
0
0
0
0
0
0
0
0
0
0
0
0
0
0
5.21482
0
0
0
0
0
0
0
0
0
0
0
0
0
0
0
0
0
0
0
0
0
0
0
0
0
0
0
0
0
8.6241
0
0
0
0
0
0
0
0
0
0
0
5.03404
0
0
0
0
0
0
0
0
0
0
0
0
0
0
0
0
0
0
0
0
0
0
0
0
0
0
0
0
0
0
0
0
0
0
0
0
0
0
0
0
0
0
0
0
5.86841
0
0
0
0
0
0
0
0
5.46958
0
0
0
0
0
0
0
0
0
0
0
0
0
0
0
0
0
0
0
0
5.14269
0
0
0
0
0
0
0
0
0
0
0
0
0
0
0
0
0
0
0
0
0
0
0
0
0
0
0
0
0
0
0
0
0
0
0
0
10.7367
0
0
0
0
0
0
0
0
0
0
0
0
0
0
0
0
6.55578
0
0
0
0
0
0
0
6.75625
0
0
0
0
0
0
0
0
0
0
0
0
0
0
0
0
0
0
0
0
0
0
0
0
0
0
0
0
0
0
0
0
0
0
0
0
0
0
0
5.07036
0
0
0
0
0
0
0
0
0
0
0
0
0
0
0
0
0
0
0
0
0
0
0
0
0
0
0
0
0
0
0
0
0
0
0
0
0
0
0
6.6782
0
0
0
0
0
0
0
0
0
0
0
0
0
6.88288
0
0
0
0
0
0
0
0
5.48646
0
0
0
0
0
0
0
0
0
0
0
0
0
0
0
0
0
0
0
0
0
0
0
0
5.35303
0
0
0
0
0
0
0
0
0
5.23889
0
0
0
0
0
0
0
0
0
0
0
0
0
0
0
5.48519
0
0
0
0
0
0
0
0
0
0
0
0
0
0
0
0
0
0
0
0
0
0
0
0
0
5.46586
0
0
0
0
0
0
0
6.35902
0
0
0
0
0
0
0
5.18188
0
0
0
0
0
0
0
0
0
0
0
0
0
0
0
0
0
5.37235
0
0
0
0
0
0
0
0
0
0
0
0
0
0
0
0
0
0
0
0
0
0
0
0
0
0
0
0
0
5.33872
0
0
0
0
5.33504
0
0
0
0
0
0
0
0
0
0
0
0
6.36354
0
8.49215
8.53049
0
0
0
0
0
0
0
5.47509
0
0
0
0
0
0
0
0
0
0
0
0
0
0
0
0
0
0
10.544
0
0
0
0
0
0
0
0
0
0
0
0
0
0
0
0
0
0
0
0
0
0
0
0
0
0
0
0
5.03901
0
0
0
0
0
0
0
0
0
0
0
0
0
0
0
0
0
0
0
0
0
0
0
0
0
0
0
0
0
0
0
0
0
6.67867
0
0
0
0
0
0
0
8.28886
5.84463
0
0
0
0
0
0
0
0
0
0
0
0
0
0
0
0
0
0
0
0
0
0
0
0
0
0
0
0
0
0
0
0
0
0
0
0
0
0
6.90187
0
0
0
0
0
0
0
0
0
0
0
0
0
0
0
0
0
0
0
0
0
0
0
0
0
0
0
0
0
0
0
0
0
0
0
0
0
0
0
0
0
0
0
0
0
0
0
0
0
7.91611
0
0
0
0
0
0
0
0
0
0
0
0
0
0
0
0
5.02176
0
0
0
0
0
0
0
0
0
0
0
0
0
0
0
0
0
0
0
0
0
0
0
0
0
0
0
0
0
0
0
0
0
0
0
6.39613
0
0
0
0
0
0
0
0
0
0
0
0
0
0
0
0
5.5209
0
0
0
0
0
0
0
0
0
0
0
0
0
0
0
0
0
0
0
0
0
0
0
0
0
0
5.18868
0
0
0
0
0
0
0
0
0
0
0
0
0
0
0
0
0
0
0
0
0
0
0
0
0
5.1796
0
0
0
0
0
0
0
0
0
0
0
0
0
0
0
0
0
0
0
0
0
0
0
0
0
0
0
0
0
0
0
0
0
0
0
0
0
0
0
0
0
0
0
0
0
0
0
0
0
0
0
0
0
0
0
0
0
0
0
0
0
0
0
0
0
0
0
0
0
0
0
0
0
0
0
0
0
0
0
0
0
0
0
0
5.27023
0
0
0
0
0
0
0
0
0
0
0
0
0
0
0
0
0
0
0
0
0
0
0
0
0
0
0
0
0
0
0
0
0
0
0
0
0
0
0
5.26361
0
0
0
0
0
0
0
0
5.4046
0
0
0
0
0
0
0
0
0
0
0
0
0
0
0
0
0
0
0
0
0
0
0
0
10.7108
0
0
0
0
0
0
0
0
0
0
0
0
0
0
0
0
0
0
0
0
0
0
0
0
0
0
10.751
0
0
0
0
0
0
0
0
0
0
0
0
0
5.37172
0
0
0
7.00133
0
0
0
0
0
0
0
0
0
0
0
0
0
0
0
0
0
0
0
0
0
0
0
0
0
0
0
0
0
5.45912
0
0
0
0
0
0
0
0
0
0
0
0
0
0
0
0
0
0
0
0
0
0
0
0
0
0
0
0
0
0
0
0
0
0
0
0
0
0
0
0
0
0
0
0
0
0
0
0
0
0
0
0
0
0
0
0
0
0
0
0
0
0
0
0
0
0
0
0
0
0
0
0
0
0
0
0
0
0
0
0
0
0
0
0
0
0
0
0
0
0
5.69891
0
0
0
0
0
0
0
0
0
0
0
0
0
0
0
0
0
0
0
0
5.96684
0
5.02199
0
0
0
0
0
0
0
0
0
0
0
0
0
0
0
5.24937
0
0
0
0
0
0
0
0
0
0
0
0
0
0
0
0
0
0
0
0
0
0
0
0
0
0
0
0
0
0
0
0
0
0
0
0
0
0
0
7.61432
0
0
0
0
0
0
0
0
0
0
0
0
0
0
0
0
0
0
0
0
0
0
0
0
0
0
0
0
0
0
0
0
0
0
0
6.78721
5.05985
0
0
0
0
0
7.82713
0
0
0
0
0
0
0
0
0
0
0
0
0
0
0
0
0
0
0
0
0
0
5.33339
0
0
0
0
0
0
0
0
0
0
0
0
0
0
0
0
0
0
0
5.24908
0
6.1793
0
0
0
0
0
0
0
0
0
0
0
0
0
6.2605
0
0
5.32795
0
0
0
0
0
0
0
0
0
0
0
0
5.07592
0
0
0
0
0
0
0
0
0
0
0
0
0
5.20303
0
0
0
0
0
0
0
0
7.57995
0
0
0
0
0
0
0
0
0
0
0
0
0
0
0
0
0
5.19286
0
0
0
0
0
0
0
0
0
0
0
0
0
0
0
0
0
0
0
0
0
0
0
0
0
0
0
0
0
0
0
0
0
0
0
0
0
0
0
0
0
0
0
0
0
0
0
0
0
0
0
0
6.70432
0
0
0
0
0
0
0
0
0
0
0
0
0
5.86243
0
0
0
0
0
0
0
5.59663
0
0
0
0
0
0
0
0
0
0
0
0
0
0
0
0
0
0
0
0
0
0
0
0
0
0
0
0
0
0
0
0
0
0
0
0
0
5.71732
0
0
0
0
0
0
0
0
0
0
0
0
0
0
0
0
0
0
0
0
0
0
0
0
0
0
0
0
0
0
0
7.16056
0
0
6.69258
0
0
0
0
6.44841
0
0
0
0
0
0
0
0
0
0
0
0
0
0
5.5278
0
0
0
0
0
0
0
0
0
0
0
0
0
0
0
0
0
6.59768
0
0
0
0
0
0
0
0
0
0
0
0
0
0
0
0
0
0
0
0
0
0
0
0
0
0
0
0
0
0
0
0
0
0
0
0
0
0
0
0
0
0
0
0
7.63482
0
0
0
0
0
0
0
0
0
0
0
0
0
0
0
0
0
6.00557
0
0
0
0
0
0
0
0
0
0
0
0
0
0
0
0
0
0
0
0
0
0
0
0
0
0
0
0
0
0
0
0
0
0
0
0
0
0
0
0
0
0
0
0
0
0
0
0
0
0
0
0
0
5.23844
9.61507
0
0
0
0
0
0
0
0
0
0
0
0
0
0
0
0
9.28143
0
0
0
0
0
0
0
0
0
0
0
0
0
0
0
0
0
0
0
0
0
0
0
0
0
0
0
0
0
0
0
0
0
0
0
0
6.30194
0
0
0
0
0
0
0
9.1473
0
0
0
0
0
0
0
0
0
0
0
0
0
0
0
0
0
0
0
0
0
0
0
0
0
0
0
0
0
0
0
0
0
0
0
0
0
0
0
0
0
0
0
0
0
0
0
6.61276
0
0
0
0
0
0
0
0
0
0
0
0
0
0
0
0
0
0
0
0
5.27927
6.08301
0
0
5.30155
0
0
0
0
0
0
0
0
0
0
0
0
0
0
0
0
0
0
0
0
0
0
0
0
0
0
0
0
0
0
0
0
0
0
0
0
0
0
5.96804
5.05042
0
0
0
0
0
0
0
0
0
0
0
0
0
0
0
0
0
0
5.72324
0
0
0
0
0
0
0
0
0
0
0
5.07261
0
0
0
0
0
0
0
0
0
0
0
0
0
0
0
0
0
0
0
0
0
0
0
0
0
0
0
0
0
0
0
0
0
0
0
0
0
0
0
5.14431
0
0
0
0
0
0
0
0
0
0
0
0
0
0
0
0
0
0
0
0
0
0
0
0
0
6.2691
0
0
0
0
0
0
0
0
0
0
0
0
0
0
0
0
0
0
0
0
0
0
0
0
0
0
0
0
0
0
0
0
0
0
0
0
6.73124
0
0
0
7.99133
0
0
0
0
0
0
0
0
0
0
0
0
0
0
0
0
0
0
0
0
0
0
0
0
5.32073
0
0
0
0
0
0
0
11.6583
0
0
0
0
0
0
0
0
0
0
0
0
0
0
0
0
0
12.4016
0
0
0
0
0
0
0
0
0
0
0
0
0
0
5.41466
0
0
0
0
0
0
0
0
6.04746
0
0
0
0
0
0
0
0
0
0
0
0
0
0
0
0
0
0
0
0
8.84892
0
0
0
0
0
0
0
0
0
0
0
0
0
0
0
0
0
5.27016
0
0
0
0
0
0
0
0
0
0
0
0
0
0
0
0
0
0
0
0
0
0
0
8.08667
0
0
0
0
0
0
0
0
0
0
0
11.0419
7.09122
0
0
0
0
0
0
0
0
0
0
0
8.89126
0
0
0
0
0
0
0
0
0
0
0
0
5.18649
0
0
0
0
0
0
0
0
0
0
0
0
0
0
0
0
0
0
0
0
0
0
0
0
0
0
0
0
0
0
0
0
0
0
0
6.58213
0
0
0
0
0
0
0
6.90232
0
0
0
0
0
0
0
0
0
0
0
0
0
0
0
0
0
0
0
0
0
0
0
0
0
0
0
0
0
0
11.4935
0
0
0
0
0
0
0
0
8.10676
0
0
0
0
0
0
7.0028
0
0
0
0
0
5.35197
0
0
0
0
0
0
0
0
0
0
0
0
0
0
0
0
0
0
0
0
0
0
0
0
0
0
0
0
0
0
0
0
0
0
0
5.55918
0
0
0
0
0
0
0
0
0
0
6.30886
0
0
0
0
0
5.76955
0
0
0
0
0
0
0
0
0
0
0
0
0
0
0
0
0
0
0
0
0
0
0
0
0
0
0
0
0
0
0
0
0
0
0
0
0
0
0
0
0
0
0
0
0
0
0
0
0
0
0
0
0
0
0
0
0
0
0
0
0
0
0
0
5.36392
0
0
0
0
0
0
0
0
0
0
0
0
0
0
0
0
0
0
0
0
0
0
0
0
0
0
0
0
0
0
0
0
0
0
0
0
0
0
0
0
0
0
0
0
0
0
0
0
0
0
0
0
0
0
0
0
0
0
0
0
5.7427
0
0
0
0
0
0
0
0
0
9.69319
0
0
0
0
0
0
0
0
0
0
0
0
0
0
0
0
0
0
5.3827
0
0
0
0
0
0
0
0
0
0
0
0
0
0
0
0
0
0
0
0
7.05219
0
0
0
0
0
0
0
0
0
0
0
0
0
0
0
0
0
0
0
0
0
0
0
0
0
0
0
0
0
0
0
0
0
0
0
0
0
0
0
0
0
0
0
0
0
0
0
6.82177
0
0
0
0
0
0
0
0
0
0
0
0
0
0
0
0
0
0
0
0
0
0
0
0
0
0
0
0
0
0
0
0
0
0
0
0
0
0
0
0
0
0
0
0
0
0
0
0
0
0
0
0
0
0
0
0
0
0
0
0
0
0
0
0
0
0
0
0
0
5.95722
0
0
0
0
0
0
0
0
0
0
0
0
0
0
0
0
6.65984
0
0
0
0
0
0
0
0
0
0
0
0
0
0
0
0
0
0
0
0
0
0
0
0
0
0
0
0
0
0
0
0
0
0
0
0
0
0
0
8.70027
0
0
0
0
0
5.27455
0
0
0
10.5982
0
0
0
0
0
0
0
0
0
0
0
0
0
0
0
0
0
0
0
0
0
0
9.27116
0
0
0
0
0
0
0
0
0
0
6.79051
0
0
0
0
0
0
6.29331
0
0
0
0
0
0
0
0
0
0
0
0
0
0
0
0
0
0
0
0
6.23852
0
0
0
0
0
0
0
0
0
0
0
0
0
0
5.28025
0
0
0
0
0
0
0
0
0
0
0
0
0
0
0
0
0
0
0
0
0
0
6.68407
0
0
0
0
0
0
0
6.29625
0
0
0
0
0
0
0
0
0
0
0
0
0
0
0
5.18454
5.37733
0
0
0
0
5.75134
0
0
0
0
0
0
0
0
0
0
0
0
0
0
0
0
0
0
0
0
0
0
0
0
0
0
0
0
0
0
0
0
0
0
0
0
0
0
0
0
0
0
0
0
0
0
0
10.5973
0
0
0
0
0
0
0
0
0
0
0
0
0
0
0
0
0
6.09891
0
0
0
0
0
11.4062
0
0
0
0
0
0
0
0
0
0
0
0
16.4605
0
0
0
0
0
0
5.5018
0
0
0
0
0
0
0
0
0
0
0
0
0
0
0
0
0
0
0
0
0
0
0
5.38932
0
0
0
0
0
0
0
0
0
0
0
0
0
0
8.05407
0
0
0
0
0
0
0
0
0
0
0
0
0
0
0
0
0
0
0
0
0
0
0
0
0
0
0
0
0
0
0
0
0
0
0
0
0
0
0
0
0
0
0
0
0
6.33984
0
0
0
6.12076
5.18255
0
0
0
0
0
7.31464
0
0
0
0
0
0
0
0
0
0
0
0
0
0
6.03549
0
0
0
7.35245
0
0
0
0
0
0
0
0
0
0
0
0
0
0
0
0
0
0
0
0
0
0
0
0
0
0
5.64777
0
0
0
0
0
0
0
0
0
0
0
0
0
0
0
0
0
0
0
0
0
0
0
0
5.19567
0
0
0
0
0
0
0
0
0
0
0
0
0
0
0
0
0
0
0
0
0
0
0
0
0
0
0
0
0
0
0
0
0
7.96006
6.28498
0
0
0
0
0
0
0
0
0
0
0
0
0
0
0
0
0
0
0
0
0
0
0
0
0
0
0
0
0
0
0
0
0
0
0
0
0
0
0
7.07544
0
0
0
0
0
0
0
0
0
0
0
0
0
0
0
0
0
0
0
0
0
0
0
0
0
0
0
0
0
0
0
0
0
0
0
0
0
0
0
0
0
0
0
0
0
5.12762
0
0
0
0
0
0
0
7.68077
0
0
0
0
0
0
0
0
0
0
0
0
5.24729
0
0
0
0
0
0
10.9421
0
0
0
0
0
0
0
0
12.3916
0
5.04567
0
0
0
0
0
5.75736
0
0
6.67735
0
0
0
0
0
0
0
0
0
0
0
0
0
0
0
0
0
0
0
5.67475
0
0
0
0
0
0
0
10.2439
0
0
0
5.96682
5.3429
6.91663
0
0
0
0
0
0
0
0
0
0
0
0
0
0
0
0
0
0
0
0
0
0
0
0
0
0
0
0
0
0
0
0
0
0
0
0
0
0
0
0
0
0
0
0
0
0
0
0
0
0
0
0
0
0
0
0
0
0
0
0
0
0
0
0
0
0
0
0
0
0
0
0
0
0
0
0
0
0
5.36624
0
0
0
0
0
0
0
0
0
0
0
0
0
0
0
0
0
0
0
0
0
0
0
0
0
0
0
0
0
0
0
0
0
0
0
0
0
0
0
0
0
0
0
0
0
0
0
5.91999
0
0
0
0
0
0
0
0
0
0
0
0
0
0
0
0
0
0
0
0
0
0
0
0
0
0
0
0
0
0
0
0
0
0
0
0
0
0
0
0
0
0
5.23871
0
0
0
5.49704
5.64771
0
0
0
0
0
0
0
0
0
0
0
