0
0
0
0
0
0
0
0
0
0
0
0
0
0
0
0
0
0
0
0
0
0
0
0.789707
0.145585
0
0
0
0
0.498809
0
0
0
0
0.130017
0
0
0
0
0
0
0
0
0
0
1.20264
0
0
0
0
0
0
0.87384
0
0
0
0
0
0
0
0
0
0
0
0
0
0.809602
0
0
0.433029
0
0
0
0
0
0
0
0
0
0
0
0
0
0
5.04689
0
0
0
0
0
0
0
0
0
0
0
0
0
0
0
1.11107
0
0
0.102762
0
0
0
0
0
0
0
0
0
0
0
0
0
0
0
0
0
0
0
0
0
0
0
1.11488
0
0
0
0
0
0
0.971407
0
0
0
0
0
0
0
0
0
0
0
0
2.28854
0
0
0
0
0
0
0
0
0
0
0
0
0
0
0
0
0
0
0
0
0
0
0
0
0
0
0
0
0
0
0
0
0
0
0
0
0
0
0
0
0.352506
0
0
0
0
0
0
0
0
0
0
0
0
0
0
1.00805
0
0
0
0
0.300021
0
0.14861
0
1.41858
0
0
0
0
0
0
0
0
0
0
0
0
0
0
0
0
0
0
0
0
0
0
1.64157
0
0
0
1.07348
0
0
1.1805
0
0
0
0
0
0
0
0
0
0
0
0
0
1.46803
0
1.85178
0
0
0
0
0
0
0
0
0
0
0
0
0
0
0
0
0
0
0
0
0
0
0
0
0
0
0
0
0
0
0
0
0
0
0
0
0
0
0
0
0
0
0
0
0
0
0
0
0
0
0
0
0
0.811452
0
0
0
0
0.157817
0
0
0
0
0
0
0
0
0
0
0
0
0
0
0
0
0
0
0
0
0
1.44912
0
0
0
0
0
0
0
0
0
0
0
0
0
0
0
0
0
0
0
0
0
0
0
0
0
0
0
0
0
0
0
0
0
0
0
0
0
0.385474
0
0
0
0
0
0
0
0
0.216089
0.162521
0
0
0
0
0
0
0
0
0
0
0
0
1.44321
0
0
0
0
0
0
0.122006
0
0
0
0
0
0
0
0
0
3.62063
0
0
0
0
0
0
0
0
0
0
0
0
0
0
0.237449
0
0
0
0
0
0.523451
0
0
0
0
0
0
0
0
0
0
0
0
0
0
0
0
0
0
0
0
0
0
0
0
0
0
0
0
0
0
0
0
0
0
0
0
0
0
0
0
0
0
0
0
0
0
0
0
0
0
0
0
0
0
0
0
0
0
0
0
0
0
0
0
0
0
0
0
0
0
0
0
0.475486
0
0
0
0
0
0
0
0
0
0
0
0
0
0.350739
0
0
0
0
0
0
0
0
0
0
0
0
0
0
0
0
0
0
0
0
0
0
0
0
0
0
0
0
0
0
0
0
0
0
0.829982
0
0
0
0
0
0
0
0
0
0
0
0
0
0
0
0
0
0
0
0
0
0
0
0
0
0
0
0
0
0
0
0
0
0
0
0
0
0
0
0
0
0
0
0
0
0
0
0
0
0
0
0
0
0
0
0
0
0
0
0
0
0
0
0
0
0
0
0
0
0
0
0
0
0
0
0
0
0
0
0
0
0
0
0
0.443474
0
0
0
0
0
0
0
0
0
0
0
0
0
0
0
0
0
0
0
0
0
0
0
0
0
0
0
0
0
0
0
0
0
0
0
0
0
0
0
0
0
0
0
0.297199
0
0
0
4.17628
0
0.248495
0
0
0
0
0
1.78185
0
0
0
0
0
0
0.815581
0
0
0
0
0
0
0
0
0
0.193179
0
0
0
0
0
0
0
0
0
0
0
0.589342
0
0
0
0
0
0
0
0
0
0
0
0
0
0
3.66954
0
0
0
0
0.831187
0
0
0
0
0
0
0
0
0
0
0
0
0
0
0
0
0.319323
0
0
0
0
0
0
0
0
0
0
0
0
0
2.09713
0
0
0
0
0
0
0
0
0
0
0
0
0
0
0
0
2.48058
0
1.75746
0
0
0
0
0
0
0
0
0
0
0
0
0
0.00842514
0
0
0
0
0
0
0
0
0
0
0
0
0
0
0
0
0
0
0
0
0
0
0
0
0
2.6303
0
0
0
0
0
1.34561
0
0
0
0
0
0
0
0
0
2.71819
0
0
0
0
0
0
0
0
0
0
0
0
0
0
0
0
0
1.71302
0
0
0
0
0
1.02368
0.919659
0
0.3408
0.542239
0
0
0
0
0
0
0
0
0
0
0
0.146077
0
0
0
0
0
0
0
0
0
0
0
0
0
0
0
0
0
0
0
0
0
0
0
0
0
0
5.59042
0
0
0.137426
0
0
0
0
0
0
0
1.63696
0
0
0
1.05963
0
0
0
0
2.14075
0
0
0
0
0
0
0
0
0.898467
0
0
0
0
0
0
0
0
0
0
0
0
1.18726
0
0
0
0.727018
0
0
0
0
0
0
0
0
0
0
0
0
0
0
0
0
0
0
0
0
0
0
0
0
0
0
0
0
0
0
0
0
0.188236
0
0
0
0
0
0
0
0
0
0
0
0
0
0
0
0
0
0
0
0
0
0
0
0
0
0
0
0
0
0
0
0
0
0
0
0
0
0
0
0
0
0
0
0
0
0
0
0
0
0
0
0
0
0
0
0
0
0
0
0
0
0
0
0
1.11429
0
0
0
0
0
0
0
0
0
0
0
0
0.668195
0
0
0
0
0
0
0
0
0
0
0
0
0
0
0
0
0
0
2.54408
0.656398
0
0
0
0
0
0
0
0
0
0
1.08666
0
0
0
0
0
0
0
0.139219
0
0
0
0
0
0
0
0
0
0
0
0
0
0
0
0
0
0
0
0
0
0
0.638633
0
0
0
0
0
1.68378
0
0
0
0
0.277032
0
0
0
0
0
0
0
0
0
0
0
0
0
0
0
0
0
0
0
0
0
0
0
0
1.39895
0
0
0
0
0
0
0
0
0
0
0
0
0
0
0
0
0
0
0
0
0
0
0
0
0
0
0
0
0
0
0
0
0
0
0
0
0
0
0
0.337953
0
0
0
0
0
8.03704
0
0.670465
0
0
0
0
0
0
0
0
0
0
0
0
0
0
0
0
0
0
0
0
0
0
0
0
0
0.609279
0
0
0
0
0
0
0
0
0
0
0
0
0
0
0
0
0
0
0
0.0936015
0
0
0
0
0
0
0
0
0
0.667063
0
0
0
0
0
0
0
0
0
0
0
0
0
0
0
0
1.58774
0
0
0
0
0
0
0.885505
0
0
0
0
0
0
0
0
0
0
0
0
0.533696
0
0
0
0
0
0
1.28813
0
0
0
0
0
0
0
0
0
0
0
0
0
0
0
0
0
0
0
0.0779088
0
0
0
0
0
0
0
0
0
0
0
0
0
0
0
0
1.10499
0
0.497297
0
0
0
0
0.631736
0
0
0
0
0
1.25462
0
0
0
0
0
0
0
0
0
0
0
0
0
0
0
0
0
0
0
0
0
0
0
0
0
0
0
0
0
0
0
0
0
0
0
0
0
0
0
0
0
0
0
0
0.412201
0
0
0
0
0
0
0
0
0
0
0
0
0
0
0
0
0
0
0
0
0
0
0
1.08637
0
0
0
0
0
0
0
0
0
0
0
0
0
0
0.87589
0
0
0
0
0
0
0
0
0
0
0
0
0
0
0
0
0
0
0
0
0.64163
0
0
0
0
0
0
0
0
0
0
0
0.227743
0
0
0
0
0
0
0
0
0
0
0
0
0
0
0
0
0
0
0
0
0
0
0
0
0
0
0
0
0
0
0
0
0.983229
0
0
0
0
0
0
0
0
0
0
0
0
0
0
0
0
0
0
0
0
0
0
0
0
0
0
0
5.43335
0
0
0
0
0
0
0
0
0
0
0
0
0.122761
0
0
0
0
0
0
0
0
0
0.252381
0
0
0
0
0
0
0
0
0
0
0
0
0
0
0
0
0
0
0
0
0
0
0.855753
0
0
0.12895
0
0
0
0
0
0
0
0
0
0
0
0
0.510982
0
0
0
0
0
0
0
0
0
0
0
0
0
0
0
0
0
0
0.126664
0
0
0
0
0
0
0
0
0.438383
0
0
0
0
0.69919
0
0
0
0
0
0
0
0
0
0
0
0
0
0
0
0
0
1.86248
0
0
0
0
0
0
0
0
0
0
0
0
0
0.340914
0
0
0
0
0
0
0
0
0
0
0
0
0
0
0
0
0
0
0
3.08421
0
0
0
0
0
0
0
0
0
0
0
0
0
0
0
0
0
0
0
0
0
0
0
0
0
0
0
0
0
0.861296
0
0
0
0
0
0
0
0
0
0
0
0
0
0
0
0
0
0
0
0
0
0
0
1.09991
0
0
0
0
0
0
0
0
0
0
0
0
0
0
0.159697
0
0
0
0
0
0
0
0
0
0
0
1.07774
0
0
0
0
0
0
0
0
0
0
0
0
0
0
0
0
0
0
0
0
0
0
0
0
0
0
0
0
0
0
0
0
0
0
0
0
0
0
0
0
0
0
0
0
0
0
2.14776
0
1.12244
0
0
0
0
0
0.159898
0
0
0
0.6512
0
0
0
0
0
0
0
0
0
0
0
0
0
0
0
0
0
0
0
0
0
0
0
0
0
0
0
0
0
0
0
0
0
0
0
0
0
0
0.264347
0
0
0
0
0
0
0.637169
0
0
0
0
0.194339
0
0
0
0
0
0
0
0
0
0.521201
0
0
0
0
0
0
0
0
0
0.682864
0
0
0
0
0
0
0
0
0
0
0
0
0
0
0
0
0
0
0
0
0.593141
0
0
0
0
0
1.32775
0
0
0
0
0
0
0
0
0
0
0
0.145549
0
0
0
0
0
0
0
0
0
0
0
0
0
0
0
0
0
0
0
1.83444
0
0
0.39014
0
0
0
0
0
0
0
0
0.245108
0
0.59089
0
2.11925
0
0
0
0
0
0
0
0
0
0
0
0
0
0
0
0.563316
0
0
0
0
0
0
0
0
0
0
0
0
0
0
0
0
0
0
0
0
0
0
0
0
0
0
0
0
0
0
0
0
0
0
0
0
0
0
0
0
1.562
0
0
0
0.5304
0
0
0
0
0
2.0472
0
0
0.57173
0
0
0
0
0
0
0
0
0
0
0
0
0
5.45954
0
0
0
0
0
0
0
0
0
0
0
0
0
0
0
0
0
0
0
0
0
0
0
0.187482
0
0
0
0
0
0
0
0
0
0
0
0
0
0
0
0
0
0
0
0
0
0
0
0
0
0
0
0
0
0
0
0
0
0
0
0
0
1.55275
0
0
0
0
0
0.15614
0
0
0
0
0
0
0
0
0
0
0
0
0
1.09223
0
0
1.95094
0
0
0
0
0
0
0
0
0.7536
0
0
0
0
0
0
0
0
0
0
0.562912
0
0.417669
0
0
2.937
0
0
0
0
0
0
0
0
0
0
0
0
0
0
0
0
0
0
0
0.299808
0
0
0
0
0
0
0
0
0
0
0
0
0
0
0
0
0
0
0
0.12011
0
0
0
0
0
0
0
0
0
0
0
0
0
0
0
0
0
0
0.51625
0
0
1.31058
2.03696
0
0
0
1.61076
0
0
0
0
0
4.02071
0
0
0
0
0
0
0
0
0
0.102016
0
0
0
0
0
0
0
0
0
0
0
0
0
0
0
0
0
0
0
0
0
0
0.341145
0
0
0
0
0
0
0
0
0
0
0
0
0.106563
0
0
0
0
0
0
0
0
0
0
0
0
0
0
0
0.152137
0
0
0.389022
0
0
0.187821
0
0
0
0
0
0
1.52381
0
0
0
0.63458
0
0
0
0
0
0
0
0
0
0
0
0
0
0
0
0
0
0
0
0
0
0
0
0
0
0
0
0
0
0
0
0
0
0.826376
0
0
0
0
0
0
0
0
0
0
0
0
0
0
0
0.0498747
0
0
0
0
0
0
0
0.156226
0
0
0
0
0
0
0
0
0
0
0
0
3.13902
0
1.96179
0
0
0
0
0
0
0
0
0.520395
0
0
0
0.188165
0
0
0
0
0
0
0
0
0
0
0
0
0
0
0
0
0
0
0
0
0
0
0
0
0
0
0
0
0
0
0
0
0
0
0
0
0
0
0
0
0
0.128624
0
0
0
0
0
0
0
0
0
0
0.160582
0
0.54702
0
0
0
0
0
0
0
0
0
1.21554
0
0
0
0.528207
0
0.159137
0.242684
0
0
0.12602
0.348433
0
0
0
0
0
0
0
0
0
0
0
0
0.255377
0
0
0
0
0
0
0
0
0
0
0
0
0
0
0
0
0
0
0
0
0
0
0
0
0
0.552047
0
0
0
0
0
0
0
0
0
0
0
1.41302
0
0
0
0
0
0
0
0.157623
0
0
0
0
0
0
0
0
0
0
0.332223
0
0
0
0
0
1.24472
0
0
0
0
0
0.184203
0
0
0
0
0
0
0
0
0
0
0
0
0
0
0
0
0
0
0
0
0
0
0
0
0
0
0
0
0
0
0
0
0
0
0
0
0
0
0
0
0
0
0
0
0
0
0
0.294935
0
0
0
0
0.851934
0
0
2.09702
0
0
0
2.05462
0
0
0
0
0
0.826564
0
0
0
0
0
0
0.654558
0
0
0
0
0
0
0
0
0
0
0
0.093628
0
0
0
0
0
0
0
0
0
0
0
0
0
0
0
0
0
0
0
0
0
0
0
0
0
0
0
0
0
0
0
0
0
0
0
0
0
0
0
0
0
0
0
0
0
0
0
0
0.218472
0
0
0
0
0
0.852421
0
0
0
0
0
0
0
1.58337
0
0
0
0
0
0
0
0
0
0
0
0
0
0
0
0
0
0.157848
0
0
0
0
0
0
0
0
0
0
0
0
0
5.3129
0
0
0
0
0
1.1318
0
0
0
2.08731
0.146996
0
0
0
0
0
0
0
0
0
0
0
0
0
0
0
0
0
0
0
0
0
0
0
0
0
0
0
0
0
0
0
0
0
0
0
0
0
0
0
0
0
0
0
0
0
0
0
0
0
0
0
0
0
0
0
0
0
0
0
0
0
0
0
0
0
0
0
0
0
0
0
0
0
0
0
0
0
0
0
0
0
0
0
0
0
0
0
0
0
0
0
0
0
0
0
0
0
0
1.07652
0
0
0
0
0
0
0
0
0
0
0
0
0
0
0
0
0
0
0
0
0
0
0
0
0
0
0
0
0
0
0
0
0
0
0
0
0
0
0
0
0
0
0
0
0
0
2.10793
1.15717
0
0
0
0
0
0
0
0
0
0
0
0
0
0
0
3.35046
0
0
0
0
0
0
0
0
0
0
0
0.097072
0
0
0.0784916
0.150989
0
0
0
0
0
0
0
0
0
0
0
0
0
0
0
0
1.53934
0
0
0
0
0
0
0
1.27445
0
0
0
0.727342
0
0
0
1.23762
0
0
0
0
0
0
0
0
0
0
0
0
0
0
2.56196
0
0
0.11239
0
0
0
0
0
0
0
1.70754
0
0.626847
0
0
0
0
0
0
0
0
0
0
0
0.237389
0
0
0
0
0
0
0
0
0
0
0
0.111169
0
0
0
0.102829
0
0
0
0
0
0
0
0
0
0
0
0
0
0
0.107799
0
0
0
0
0
0
0
0
0
0.27657
0
0
0
0
0
0
0
0
0
0
0
0
0
0
0
0
3.00013
0
0
0
0
0.115029
0
0
0
0
0
1.01911
0
0
0.0841033
0
0
0
0
0
0
0
0
0
0
0
0
0
0
0
0
0
0
0
1.37141
0
0
0
0
0
0
0
0
0
0
0
4.14462
0
0.115238
0
0
0
0
0.620766
0.383598
0
0
0
0
0
0
0
2.03252
0
0
0
0
0
0
0
1.44923
0
0
0
0.705633
0
0
0
0
0
0
0
0.733779
0
0
0
0
0
0
0
0
0
0
0
3.81729
0
0
0
0.158158
0
4.40233
0
0
0
0
0
0
0
0
0
0
0
0
0.558669
0
0
0
0
0
0
0
0
0
0
0
0
0
0
0
0
0
0
0.248308
0
0
0
0
0
0
0
0
0
0
2.35013
1.76218
0
0
0
0
0
0
0
0
0
0
0
0
0
0
0
0
0
0
0
0
1.72151
0
0
0
0
0
0
0
0
0
0
0
0
0
0
0
0
0
0
0
0
0.151724
0
0
3.2259
0
0
0
0
0
0
0
0
0
0
0
0
0
0
0
0
0
0
0
0
0
0
0
0
0
0
0
0.112872
0
0
0
0
0
0
0
0
0
0
0
0
0
0
0.670126
0
0
0
0
0
0
0
0
0
0
0
0
0
0
0
0
0
0
0
0
0
0
0
1.85243
0
0
0
0
0
0.345225
0
0
0
0.338029
0
0
2.26783
0
0
0
0
0
0
1.34795
0
0
0
0
0
0
0.154283
0
0
0
0
0
0
0
0
0
0
0
0
0
0
0
1.03918
0
0.625433
0
0
0
0
0
0
0
0
0
0
0
0
0
0
0
0
0
0
0
0
0
0
0
0
0
0
0
0
0
0
0
0
0
0
0
0
0
0
0
0
0
0
0
0.437863
0
0
0
0
0
0
0
0
0
0
0
0
0
0
0
0
0
0
0
0
0
0
0
0
0
0
0
0
0
0
0.101092
0
0
0
0
0
0
0
0
0
0
0
0
0
0
0
0
0
0
0
0
0
0
0
0
0
0
0
0
0
0
0
0
0
0
0
0
0
0
0.27833
0
0
0.570892
0
0
0
0
0
0
0
0
0
0
0
0
0
0
0
0
0
0
0
0
0
0
0
0
0
0
0
0
0
0
0
0
0
0
0.92839
0
0
0
0
2.57092
0
0
0
0
0
0.406614
0
0
0
0.628102
0
0
0
0
0
0
0
0
0
0
0
0
0.146615
0
0
0
0
0
0
0
0
0
0
0
0
0
0
0
0
0
0
0
0
0
0.303336
0
0
0
0
0
0
0
0
0
0
0
0
0
0
0
0
0
0
0
0
0
0
0
0
0
0
0
0
0
0
0
0
0
0
0
0
0
0
0
0
0
0
0
0
0
0
0
0
0
0
0
0
0
0
0
0
0.154423
0.127113
0
0
0
0
0
0
0
0
0
0
0
0
0
0
0
0.113333
0
0
0
0
0
0
0
0
0
0
0
0
0
0
0
0
0
0
0
2.46761
0
0
0
0
0.141555
0
0
0
0
0
0
0
0
0
0
0
0
0
0
0
0
0
0
0
0
0
0
0
0
0
0
0
0
0
0
0
0
0
0
0
0
0
0
0
0.776102
0
0
0
0
0
0
0
0
0
0
0
0
0
0
0
0
0
0
0
0
0
0.188682
0
0
0
0
0
0
0
0
0
0
0
0
0
0
0
0
0
0
0
0
0
0
0
0
0
0
0
0
0
0
0
0
0
0
0
0
0.643409
3.03295
0
0
0
0
0
1.05985
0.147279
0
0
0
0
0
0
0
0
0
0
0
0
0
0
0.329552
2.36991
0
0
0
0
0.517001
0
0
0
0
0.287103
0
0
0
0
0
0
0
0
0
1.22864
0.843453
0
0
0
0
0
0
0
0
1.21963
0
0
0
0
0
0
0
0
0
0
0
0
0
0
0
0
0
0
0
0
0
0.0668878
0
0.83015
0.143581
0
0
0
0
0
0
0
0
0
0
0
0
0
0
0
0
0
0
0
0
0
1.56158
0
0
0
0
0
0
0
0
0
0
0.831973
0
0
0
0
0
0
0
0
0
0.174957
0
0
0
0
0
0
0
0
0
0
0
0
0
0
0
0
0
0
0
0
0
0
0
0
0
0
0
0
0
0
1.71092
0
0
0
0
0
0
1.37776
0
0
0
0
0.715171
0
0
0
0
0.540304
0
0.0655238
0
0
0
0
0
0
0
0
0.104156
3.07097
0
0.137133
0
0
2.5297
0
0
0
0
0
0
0
0
0
0
0
0
0
0
0
0
3.14365
0
0
0
0
0
0
0
0
0
0
0
0
0.205248
0
1.89313
0
0
0
1.29528
0
0
0
0
0
0
0
0
0
0
0
0
0
0
0
0
0
0
0
0
0
0
2.61821
0
0
0
0
0
0
0
0
0
0.335978
0
0
0
1.83219
0
0
0.141963
0
0
2.97244
0
0
0
0.322042
0
0
0
0
0
0
0
0
0
0
0
0
0
0
0
0
0
0
0
1.20299
0
0
0
0
0
0
0
0
0
0
0.441859
0
0
0
0
0
0
0
0
0
0
0.709649
0
0
0
0
0.101695
0
0
0
0
0
0
3.57086
0
0
0
0
1.46577
0
0
0
0
1.99791
0
0
0
0
0
0
0
0
0
0
0
0
0
0
0
0
4.18859
0
0
0
0
0
0
0
0
0
0
0
0
0
0
0
0
0
0
0
0
0
0
0
0
0
0
0
0
0
0
0
0
0
0
0
0
0
0
0
0
0
0
0
0
0
0
0
0
0
0
0
0
0
0
0.918327
0
0
0
0
0
0
0
0
0
0
0
0
0
0
0
0
0
0
0
0
0
0
0
0.675807
0
0
2.50317
0
0.159457
0
0
0
0
0
0
0
1.38356
0
0
0
0
0
0
0
0
0
3.8472
0
0
0
0.839832
0
0
0
0
0
0
0.820242
0
0
0
0
0
0
0
0
0
0
0
0
0
0
0
0
0
0
0
0
0
0
0
0.115363
0
0.966967
0
0
0
0
0
0
0.0771281
0
0
0
0
0
0
0
0
0
0.425104
0
0
0
0
0.472234
0
0
1.00642
1.62391
2.94568
0
0
0
0
0
0
0
3.16003
0
0
0
0
0
0
0
0
0
0
0
0
0.705358
0
0.368816
0
0
0
0
0.646702
0
0.977736
0
0
0
0
0
0
0
0
0
1.15251
0
0
0
0
0
0
0
0
0.649567
0
0
0
0
0
0
0
0
0
0
0
0
2.32821
0
0
0
0
0
0
0
0
0
0
0
0
0
0
0
0
0
0
0
0
0.227243
0.106346
0
0
0
0
0
0
0
0
0
0
0
0
0
1.45732
0
2.75276
0
0
0
0
0
0.140885
0
0
0
0
0
0
0
0
0
0
0
0
0
0
0
0
0
0
0
0
0
0
0
0
0
0
0
0
0
0
0
0
0
0
0
0
0
0
0
0
0
0
0
0
0
0
0
0
0
0
0
0
0
0
0
0
0
0
0
0
2.68907
0.15514
0
0
0
0
0
0
0
0
0
0
0
0
0
0
0
0
0
0
0
0
0
0
0.44167
0
0
0
0
0
0
0
0
0
1.00863
0
0
0.584199
0
0
1.04674
0
0
0
0
0
0
1.10606
0
0
0
0
0
0
0
0
0
0
0
0
0
0
0
0
0
0
0
0
0
0
0
0
0
0
0
0
0.0201567
0
0
0
0
0
0
0
0
0
0
0
0
0
0
0
0
0
0
0
0
0
0
0
0
0
0
1.20086
0
0
0
0
0
0
0
0
0.492891
0
0
0.72241
0
0
0
0
0
0.0563467
0
0
0
0
1.2172
0
0
0
0
0
0
0
0
0
0
0
0
0
0
0
0
0
0
0
0
0.0386122
0
0
0
0
0
0
0
0
0
0
0
0
0
0
0
0
0
2.22988
0
0.771629
0
0
0
0
0
1.77122
0
0
0
0.048322
0
0
0
0
0
0
0
0
0
0
0
0
0.903001
0
0
0
0
0
0
0
0
0
0
0
0
0
0
0
0
0
0
0
0
0
0
0
0
0
0
0
0
0
0
0
0
0
0
0
0
0
0
0
0
0
0
0
0
0
0
0
0
0
0
0
0
0
0.643503
0
0
0
0
0
0
0
0
2.05254
0
0.155348
0
0
0
0
0
0
0
0
0
0
0
0
1.52552
0
0
0.806488
0
0
0
0
0
0
0
0
0
0
0
0
0
0
0
0
0
0
0
0
0
0
0
0
0
0
0
0
0
0
0
0
0
0
0
0
0
0
0
0
0
0
0
0
0
0
0
0
0
0
0
0
0
0
0
0
0
0
0
0
0
0
0
0
0
0
0
0
0
0.0558817
0
0
0
0
0
0
0
0
0
0
0
0
0
0
0
0
0
0
0
0
0
0
0
0
0
0
0
0
0
0
0
0
0.805282
0
0
0
0
0
0
0
0
0
0
0
0
0
0
0
0
0
0
0
0
0
0
0
0
0
0
0
0
0
0
0
0
0
0
0
0
0
0
0
0
0
0
0
0
0
0
0
0
0
0
0
0
0
0
0
0.994057
0
0
1.51905
0
0
0
0
0
0
0
0
1.30834
0
0
0
0
0
0
0
0
0
0
0
0
0
0
0
0
0
0
0
2.70297
0
0
0
0
0
0
0
0
0
0
0
0
0
0
0
0
0
0
0
0
0
0
0
0
0
0
0
0
0
0
0
0.735713
0
0
0
0
0
0
0
0
0
0
0
0
0
0
0
0.368012
0
0
0
0
0
0
0
0
0
0
0
0
0
0
0
0.0426068
0
0
0
0
0.149676
0
0
0
0
0
0
0
0
0
0
0
0
0
0
0
1.13378
0
0.126241
0.288511
0
0
0
0
0
0
0
0
0
0
0
0
0
0
0
0
0
0
0
0
0
0
0
0
0
0
0
0
0
0
0
0
0
0
0
0
0
0
0
0
0
0
0.386657
0
0
0
0.0170499
0
0
0
0
0
0
0
0
0
0
0
0
0
0
0
0
0
0
0
0
0
0.115017
0
0
0
0
0
0
0
0
0
0
0
0
0
0
0
0
0
0
0
0
2.42932
0
0
0
0
0
0
0
0
0
0
0
2.16459
0
0
0
0
0
0
0
0
0
0
0
0
0.167537
0
0
0
0
0
0
0
0
0
0
0
0
0
0
0
0
0
0
0
0
0
0
0
0
0.603034
0
0
0.581108
0
0
0
0
0
0
0.668412
0
0.872815
0
0
0.446576
0
0
1.05862
0
0
0
0
0
0
0
0
0
0
0
0
0
0
0
0
0
0
0
0
0
0
1.63806
0
0
0
0
0
0
0
0
0
0
0
0
0
0
0
0
0
0
0
0
0
0.718851
0
0
0
0
0
0
0
0
0
0
0
0
0
0
4.1119
0
0
0
0
0
0
0
1.64567
0
0
0
0
0
0
0
0
0
0
0
0
0
0
0
0
0
0
0
0
0
0.244657
0
0
0
0
0
0
0
0
0
0
0
0
0
0.491887
0
0
0
0
0
0
0
5.72799
0
0
0
0
0
0
0
0
0
0
0.448759
0
0
0
0
0
0
0
0
0
0
0
0
0
0
0
0
0
0
1.7165
0
0
0
0
0
0
0
0
0
0
0
0
0
0
0
0
0
0
0
2.87215
0
0
0
0
0
0
0
0
0
0
0
0
0
0
0
0
0
0
0
2.25066
0
0
0
0
0
0
0
0
0
0.174164
0
0
0
0
0
0
0
0
1.28085
0
0
0
0
0
0
0
0.130954
0
0
0
0
0
0
0
0
0
0
0
0
0
0
0
0
0
0
0
0
0.386657
0.793799
0
0
0
0
3.22925
0
0
0
0
0
0
0
0
0
0
0
0
0
0
0
0
0
0
0
0
0
0
0
0
0
0
0
0
1.78755
0
0
0
0
0
0
3.06612
0.347506
0
0
0
0
0
0
0
0
0
0
0
0
0
0
0
0
0
0
0
0
4.9356
0
0
0
0
0
0
0
0
0
0
0
1.77348
0
0.124043
0
0
2.08619
0
0
0
0
0
0
0
0
0
0
0
0
0
0
1.56389
0
1.51199
0
0.134614
0
0
0
0
2.47918
0
0
0
0
0
0
0
0
0
0
0
0
0
0
0
0
0
0.122439
0
0
0
0
0
0
0
0
0
0
0
0
0
0.325658
0
0
0
0
0
0
0
0
0
0
0
0.120759
0
0
0
0
0
0
3.47462
0
0
0
0
0
0
0
0
0
0
0.282135
0
1.52007
0
0
0
0
0
0
0
0
0
0
0
0
0
0
0
0
0
6.89331
0
0
0
0
0
0.635196
0
0
0
0
0
0.0603917
0
0
0
0
0
0
0
0
0
0
0
0
0
0
0
0
0
0
0
0.121912
0
0
0
1.83744
0.246929
0.659929
0
0
0
0
0
0
0
0
0
0
0
0
0
0
0
0
0
0
0
0
0
0
0
0
0.647372
0
0
0
0
0
0
1.29205
0
0
1.23049
0
0
0
0
0
0
0
0
0
0
0
0
0
0
0
0
0
0
0
0
0
0
0
0.656989
0
0
0
0
0
4.59128
0
0
0.459797
0
0
0
0
0
0
0
0
0
0
0
0
0
0
0
0
0
0
0
0
0
0
0
0
0
1.45458
0
0
0
0
0
0
0
0
0
0
0
0
0
0
0
0
0
0
0
0
0
0
0
0
0
0
0
0
0
0
0
0
0
0
0
0
0
0.331803
0
0
0
0
1.09287
0
0
0.884489
0
0
0
0
0
0
0
0
0
0
0
0
0
0
0
0
0
0.47298
0
0
0
0
0
0
0
0
0
0
0
0
0
0
0
0
0
0
0
0
0
0
0.0666895
0
0
0
0
0
0
0
0
0
0
0
0.36829
0
0
0
0
0
0
0
0
0
0
0
0
0
0
0
0
0
0
0.0939485
0
0
0
0
0
0
0
0
0
0
0
0
0
0
0
0
0
0
0
0
0
0
0
0
0
0
0
0
0
0
0
0
0.241078
0
0
0
0
0
0
0
0
0
0
0
0
0
0
0
0
0
0.146685
0
0
0
0
0
0
0
0
0
0
0
0
0
0
0
0
0
0
5.05733
0
0
0
0
0
0
0
0
0
0
0
0
0
0
0
0
0
0
0
0
0
0
0
0
0
1.04071
0
0
0
0
0
0
0
0
0
0
0
0
0
0.827115
0
0
0
0
0
0
0
0
0
0
0
0
0
0
0
0
0
0
0
0
0
0
0
0
0
0
0
0
0
0
0
0
0
0
0
0
0
0
0
0
0
0
0
0
0
0
0
0
0
0
0.0575013
0
0
0
1.12226
0
0
0
0
0
0
0
0
0
0
0
0
0.162505
0
0
0
0
0
0
0
1.84615
1.01705
0
0
0
0
0
0
0
0
0
0.154747
0
0
0
0.899336
0
0.129067
0
0
0
0
0
0
0
0.202076
0
0
0
0
0
0
0
0
0
0
0
0
0
0
0.277476
0
0
0
0
0
0
0
0
0
0
0
0
0
0
0
0
0
0
0
0
0
0
0.894881
0
0
0
0
0
0
1.99388
0
0
0
0
0
0
0
0
0
0
0
0
0.149403
0
0
0
0
0
0
0
0.465142
0
0.249952
0
0
0
1.55202
0
0
0
0
0
0
0
0
1.58526
0
0
1.08567
0
0
0
0
0
0
0
0
0
0
1.38608
0
0
0
0
0
0
0
0
0
0
0
0
0
0
0
0
0
0
0
0
0
0
0
0
0
0
0
0
0
0
0
0
0
0
0
0
0
0
0
0
0
0
0
0
0
2.65368
0
0
0
0
0
0
0
0.0408874
0
0
0
0
0
2.40628
0
0
0
0
0
0
0
0
0
0
2.35233
0
0
0
0
0
0
0
0
0
0
0
0
0
0
0
0
0
0
0
0.806384
0
0
0
0
0
0
0
0
0.431523
0
0
0
0
0
0
0
0
0
0
0
0
0
0
0
0
0
0
0
0
0
0
0
0
0
0
0
0
0
0
0
0
0
0
0.515561
0
0
0
0
0
0
0
0
0
0
0
0
0
0
0
0
0
0
0
0
0
0
0
0
0
0
0
0
2.78781
0
0
0
0
0
0
0
0
0
0
0
0
0
0
0
0
0
0
0
0
0.139877
0
0
0
0
0
0
0
0
0
0
0
0
0
0
0
0
0
0
0
0
0
0
0
0
0
0
0
0
0
0
0
0
0
0
0
0
0
0
0
0
0
0
0
0
0
0
0
0
0.384196
0.802762
0
0
0
0
0
0
0
0
0
0
0
0.450635
0
0
0
0
0
0
0
0
0
0
0
0
0
0
0
0
0
0
0
0
0
0
0
0
0.391158
0
0
0
0
0
0
0
0
0
0
0
2.57787
0
0
0
0
0
0.139703
0
0
0
0
0
0
0
0
0
0
0
0
0
0
0
0
0
0
0
0
0
0
0
0
0
0
0
0
0
0
0
0
0
0
0
0
0
1.45395
0
0
0
0
0
0
0
0
0
0
0
0
0
0
0
0
0
0.724612
0
0
0
0
0
0
0
0
0
0
0
0
0
0
0.643925
0
0
0
0
0
0
0
0
0
0
0
0
0
0
0
0
0
0
0
0
0
0
0
0
0
0
1.25721
0
0
0
0
0
0
0
0
0
0
0
0
1.58034
0
0
0
0
0
0
0
0
0
0
0
0
0
0
0
0
0
0
0
0
0.242902
0
0
0
0
0
0
2.00695
0
0
0
0
0
0
0.840011
0
0
0
0.507066
0
0
2.53473
0
0
0
0
0
0
0
0
0
0
0
0
0
0
0
0
0
0
0
0
0
1.03583
0
0
0
0
0
0
0
2.68063
0
0
0
0
0
0
0.790225
0
0
0
4.06016
0
0
0
0
0
0
0
0
0
0
0
0
0
0
0
0
0
0
0.639628
0
0
0
0
0
0
0
0
0
0
0
0
0
0
0
0.11076
0
0
0
0.0865476
0
0
0
0
0
0
0
0
0
0
0
0
0
0
0
0
1.05642
0
0
0
0
0
0
0
0
0
0
0
0
0
0
0
0
0
0
0
0
0
0
0.663373
0
0
0
0
0
0
0
0.928445
0
0
0
0
0
0
0
0
0
0
0.028941
0
0
0
0
0.459664
0
0
0
0
0
0
0
4.02007
0
0
0
0
0
1.28154
0
0
0
0
0
0
0
0
0
0
0
4.09054
0
0
0
0
0
0
0
0
0
0
0
0
0
0
0
0
0
0
0
0
0
0
0
0
0
0.157838
0
0
0
0
0
0
0
0
0
0
0
0
0
0
0
0
0
0
0
0
0
0
0
0
0
0
0
0
0
1.61213
0
0
0
0
0
0
0
0
0
0
0
0
0.57224
0
0
0
0
0
0
0
0
0
0
0.919374
0
0
0
0
0
0
0
0
0
0.864409
0
0
0
0
0
0
0
0.0687174
0
1.14342
0
0
0
0
0
2.89625
0
0
0
0
0
0
0
0
0
0
0
0
0
0
0
0
0
0
0
0
0
0
0
0
0
0
0
0
0
0
0
1.61126
0
0
0
0
0
0
0
0.200051
0
0
0
0
0
0
0.33182
0
0
0
0
0
0
0
0
0
0
0
0
0
0
0
0
0
0
0
0
0
0
0
0.325212
0
0
0
0
0
0
0
0
0
0
0
0
0
0
0
0
0
0
0
0
0
0
0
0
0
0
0.1166
0
0
0
0
0
0
0
0
0
0
0
0
0
0
0
0
0
0.0950883
0
0
0
0
0
0
0
0.432188
0.373765
0
0
0
0
0.139257
0
0
0
0.353024
0
0.906217
0
0.59224
0
0
0
0
0
0
0
0
2.43222
0
0
0
0
0
0
0
0
0
0
0
0
0
0
0
0
0
0
0
0
0.716433
0
0
0
0
0
0
0
0
0
0
0
0
0
0
0
0
0
0
0
0
0
0
0
0
0
0
0
0
0
0
0
0
0
0
0
0
0
0
0
0
0
0
0
0
0
0
0
0
0
0
0
0
0
0
0
0
0
0
0
0
0
0
0
0
0
1.74471
0
0
0
0
0
0
0
0.10281
0
0
0
0
0
0
0
0
0
0
0
0
0
0
0
0
0
0
0
0
0
0
0
0
0
0
0
0
0
0.711911
0
0
0
0
0
0
0
0
0
0
3.51743
0.715476
0
0
0
0
0
0
0
0
0.453741
0
0
0
0
0
0
0
0
0
0
0
0
0
0
0
0
0
0
0
0
0
0
0
0
0
2.39342
0
0
0
0
0
0
0
0
0
0
0
0
0
0
0
0
0
0
0
0
0.338618
1.01076
0
0
0
0
0
0
0
0
0
0.104213
0
0
0
0
0
0
0
0
0
0
0
0
0.756377
0
0.186082
0
0
0
0
0
0
0
0
0
0
0
0
0
0
0.092634
0
0
0
0
0
0
0
0.249341
0
0
1.64421
0
0
0
0
0
0.323404
0
0
0
0
0
0
0
0
0
0
0
0
0
0
0.124281
0
0
0
0
0
0
0
0
0
0
0
0
0
0
0
0
0
0
0
0
0
0
0
0
0
0
0
0
0
0
0
1.79507
0
0
0
0
0
0
0
0
0
0
0.158489
0.131961
0
0
0
0
0
0
0
0
0
0
0
0
0
0
0
0
0
0.163779
0
0
0
0
0
0
0
0
0
0
0
0
0
1.57943
0
0
0
0.603619
0
0
0
0
0
0
0
0
0
0
0
0
0.958401
0
0
0
0
0
0
0
0
0
0
0
0
0
0
0
0
0
0
0
0
0
0
0
0
0
0
0
0
0
0
0
1.00987
0
0
0
0
0
0
0
0
0
0
0
0
0
0
0
0
0
0
0
0
0
0
0
0
0
0
0
0
0
0
0
0
0
0
0
0
0
0
0
0
0
0
0
0
0
0
0
0
0
0
0
5.0285
0
0
0
0
0
0
0
0
0
0
0
0.678415
0
0
0
0
0
0.543587
0
0
0
0
0
0.637277
0
0
0
0
0
0
0
0
0
0
0
0
0
0
0
0
0
0
0
0
0
0
0
0
0
0
0
0
0
0
0.105598
0
0
0
0
0
0
0
0
0
0
0
0
0
0
0
0
0
0
0
0
0.610711
0
0
0
0
0
0
0
0
0
0
0
0
0
0
0
0
0
0
0
0
0
0
0
0
0
0
0
0
0
0
0
0
0
0
0
0
0
0
0
0
0
0
0
0
0
0
0
0
0.504258
0
0
0
0
0
0
0
0
0
0
0
0
0.149745
0
0
0
0
0
0
0
0
0
0
0
0
0
0
0
0
0
0
0
1.24494
0.672722
0
0
2.53088
0
0
0
0
0
0
0
0
0
0
0
0
0
0
0
0
0
0
0.318839
0
1.84259
0
0
0
0
0
0
0
0
0
0
0
0
0
0.563603
0
0
0
0
0.604102
0
0
0.136638
0
0
0
0
3.09749
0
0
0
0
0
0
0
0
0
0
0
0
0
0.495635
0
0
0
0
0
0
0
0
0
0
0
0
0
0
0
0
0
0
0
0
0
0
0
0
0
0
0
0
0.997084
0
0
0
0
0
0
0
0
0
0
0
0
0.374063
0
0
0
0
0
0
0
0
0
0.0557716
0
0
0
0
0
0
0
0
0
0
0
0
0
0.105357
0.942535
0
0
0
0
0
0
0
0
0
0
0
0
0
0
0
1.74995
0
0
0
0
0
0
0
0
0
0
0
0
0
0
0
0
0
0
0
0
0
0
0
0
0
0
0
0
0
0
0
0
0
0
0
0
0
0
0
0
0
0
0
0
0
0
0
0
0
0
0
0
0
0
0
0
0
0
0
0.433371
0
0
0
0
0
0
0
0
0
0
0
0
0
0.122276
0.142064
0
0
0
0
0
0
0
0
0
0
0
0
0.513647
0
0
0
0
0
0
0
0
0
0.25743
0
0
0
0
0
0
0
0
0
0
0
0
0
0
0
0
0
0
0
0
0
0
0
0
0
0
0
0
0
0
0
0
0
0
0
0
0
0
0.66453
0
0
0
0
0
0
0
0
0
0
0
0
0
0
0
0
0
0
0
0
0
0
0
0
0
0
0
0
0
0
0.363232
0
0
0
0
0
0
0
0
0
0
0
0
0
0
0
0
0
0
0
0
0
0
0
0
0
0.092069
0
0
0
0
0
0
0
0.886746
0.649955
0
0.557619
0
0
0
0
0
0
0
0
0
0
0
0
0
0
0
0
0
0
0
0
0
0
0
0
1.74719
0
0
0
0
0
0
0
0
0
0
0
0
0
0
1.30754
0
0
0
0
0
0
0
0
0
0
0
0
0
0
0
0
0
0
0
0
0
0
0
0
0
0
0
0
0.0562215
0
0
0
0
0
0
0
0
0
0
0.640014
0
0
0
0.0589661
0
0
0.834577
0
0
0
0
0
0
0
0
0
0
0
0
0
0
0
0
0
0.188502
0
1.86978
0.347292
0
0
0
0
0
0
0
2.19494
0
0
0
0
0
0
0
0
0
0
0
0
0
0
0
0
0
0
0
0
0
0
0
0
0
0
0
0
0
0
0
0
0
0
0
0
0
0
0
0
0
0
0
0
0
0
0
0
0
0
0
0
0
0
0
0
0
0.741875
0
0
0
0
0
0
0
0
0
0
0
0
0
0
0
0
0
0
0
0
0
0.254267
0
0
0
3.12082
0
0
0
0
0
0
0
0.280898
1.20461
0
0
0
0
0
0
0
0
0
0
0
0
0
0.485283
0
0
0
0
0
0
0.0598203
0
0
0
0
0
0
0
0
0
0.811621
0
0
0
0
0
0
0
0
0
0.15434
0
0
0
0
0
0
0
0
0
0
0
0
0
0
0
0
0
0
0
0
0
0
0
0
0.254375
0
0
0
0
0.156752
0
0
0
0
0
0
0.0814172
0
0
0
0
0
2.49625
0
0
0.0996853
0
0
0
0
0
0
0
0
0
0
0
0
0
0
0
0
0
0
0
0
0
0
0
0
0
0
1.16954
0
0
0
0
0
0
0
0
0
0
0
0
0
0
0
0
2.47014
0
0
0
0
0
0
0
0
0
0
0
0
0
0
0
0
0
0
0
0
0
0
0
0
0
0
0
0
0
0
0
0
0
0
0
0.361509
0
0
0
0
0.434824
0
0
0
0
0
0
0
0
0
0
0
1.14956
0.104413
0.860655
0
0
0
0
0
0
0
0
0
0
0
0
0
0
0.821176
0
0
0
0
0.8806
0
0
0
0
0
0
0
0
0
0
0
0
0
1.54568
0
0
0
0
0
0
0
0
0
0
0
0
0
0
0
0
0
1.00124
0
0
0
0
0
0
0
0
0
0
0
0
0
0
0
0
0
0
3.36043
0
0
0
1.34315
0
0
0
0
0
0
0
0
0
0
0
0
0
0.621557
0
0
0
0
0
0
0
0
0
0
0
0.247431
0
0
0.141973
0
0
0
0
0
0
0
0
0
0.928175
0
0
0
0
0
0
0
0
0
0
0
0
0
0
0
0
0
0.0532795
0
0
0
0
0
0
0
0
0
0.441628
0
0.324822
0.194257
0
0
0
0
0
0
0
0
0
0
0
0
0
1.9846
0
0
0
0
0
0
0
0
0
0
0
0.309922
0
0
0
0
0
0
0.13798
0
0
0
0
0
0
0
0
0
0
0
0
0.227417
0
0
0
0
0
0
0
0
0
0
0
0
0
0
0
0
0
0
0
0
0
0
0
0
0
0
0
0
0
0.116445
0
0
0
0
0
0
0
0
1.23214
0
0
0
0
0
0
0
0
1.9075
0
0
0
0
0
0
0
0
0
0
0
0
0
0
0
0
0
0
0
0
0
0
0
0
0
0.932209
0
0
0
0
0
0.522444
0
0
0
0
0
0
0
0
0
0
0
0
0
0
0
0
0
0
0
0
0
0
0
0
0
0
0
0
0
0
0
0
0
0
0
0
0
0
0
0
0
0.0556562
0
0
0
0
0
0
0
0.268255
0
0
0
0
0
0
0
0
0
0
0
0
0
0
0
0
0
0
2.19163
0
0
0
0
0
0
0
0
0
0
0
0
0
0
0
0
0
0
0
0
0
0
0
0
0
0
0
0
0
0
0
0
0
0
0
0
0
1.61402
0
0
0
0
0
0
0.3481
0
0
0
0
0
0
0
0
0
0
0
0
0
0
0
0
0
0
0
0
0
0
0
0
0
0
0
0
0
0
0
0
0
0
0
0
0
0
0
0
0
0
0
0
0
0
0
0
0
0.620762
1.38029
0
0
0
0
0
0
0
0
0
0
0
0
0
0
0
0
0
0
1.21694
0
0
0
0
0
0
0
0
0
0
0
0
0
0
0
0
0
0
0
0
0
0
0
0
0
0
0
0
0
0
0
0
0
0
0
0
0
0
0
0
0.0483096
0
0
0
0
0
0
0
0
0
0
0.503274
0
0
0
0
0
0
0
0
0
0
2.27427
0
0
0
0.981883
0
0
0
0
0
0
0
0
0
0
0
0.789909
0
0
0
0
0
0
0
0
0.140658
0
0
0
0
0
0
0
0
0
0
0
0
0
0
0
0
1.12903
0
0
0
0
0
0
1.03691
0
0
0.33868
0
0
0
0
0
0
0
0
0
0
0
0
0
0
0
0
0
0
0
0
0
0
0
0
0
0
0
0
0
0
0
0
0
0
0
0
0
1.06893
0
0
0
0
0
0
0
0
0
1.25205
1.60003
0
0
0
0
0
0
0
0
1.11663
0
0
0
0
0
0
0
0
0
0
0
0
0
0
0
0
0
0
0
0
1.33609
0
0
0
0
0
0
0
0
0
0
0
0
0
0
0
0
0
0
0
0.895031
0
0
0
0
0
0
0
0
0
0
0
0
0
0
0
0
0.355492
0
0
0
0
0
0
0
0
0
0
0
0
0
0
0
0
0
0
0
0
0
0
0
3.41658
0
0
0
0
0
0
0
0
0
0
0
0
0
0
0
0
0
0
0
0
0
0
0
0
0
0
0.0289338
0
0
0
0
0
0
0
0
0.45456
0
0
0
0
0
0
0
0
0
0
2.9443
0
0
0
0
0
0
0
0
0
0
0
0
0
0
0
0
0
0
0
0
0
0
0
0
0
0
0
0
0
0
0
0
0
0
0
0.602703
0
4.20609
0
0
0
0
0
0
0
0
0
0
0
0
0
0
0
0
0
0
0
0
0
0
0
0
0.146687
0
1.07298
0
0
0
1.05457
0
0
0
0
0
0
0
0
0.0687371
0
0
0
0
0
0
0
0
0.156575
0
0
0
0
0
0
0
0.490009
0.737993
0
3.81155
0
0
0
0
0
0
0
0
0
0
0
0
0
0
0
0
0
0
0
0
0
0
0
2.31488
0
0
0
0
0
0
0
0
0
0
0
0
0
0
1.01223
0
0
0
0
0
0
0
0
0
0
0
0
0
0
0
0
0
0
0
2.33184
0
0
0
0
0
0
0
0
0
0
0
0
0
0.850786
0.747134
0
0
0
0
0
0.101722
0
0
0
0.504349
0
0
0.130674
0
0.571629
0
0
0
0
0
0
0
0
0
0
0
0
0.984883
0
0
0
0
0
0
1.2477
0
0
0
0.578244
0
0
0
0
0
0
0
0
0
0
0
0
0
0
0
0
0
0
0
0
0
0
0
0
0
0
0
0
0
0
0
0
0
0
0
0
0
0
0
0
0
0
0
0
0
0
0
0
0
0
0
0
0
0
0
0
0
1.59167
0.134177
0
0
0
0
0
0
0
0
0
0
0
0
0
0
0
0
0
0
0
0
0
0
0
0
0
0
0
0
0
0
0
0
0
0
1.09903
0
0
0
0
0
3.99183
0
0
0
0
0
0
0
0
0
0
0
0
0.457232
0
0
0
0
0
0.185186
0
0
0
0
0
0
0
0
0
0
0
0
0
0
0
0
0
0.549934
0.61578
0
0
0
0
0
0
0
0
0
1.17783
0
0
0
0
0
0
0
0
0
0
0
0
0
0
0
0.708646
2.30485
0
0
0
0
0
0
0
0
0
0
0
0
0
0
0
0
0
0
0
0
0
0
0
0
0
0
0
0
0.142029
0
0
0
0
0
0.341875
0
0
0
0
0
0
0
0
0
0
0
0
0
0
0.491819
0
0
0
0
0
0
0
0
0
0
0
0
0
0
0
0
0
0
0
0
0
0
0
0
0
0
0
0
0
0
0
2.86919
0
0
0
2.59947
0.134507
3.27644
0
0
0
0
0
0
0
1.43285
0
0
0
0
0
0
0
0
0
0
0
0
0
0
0
0
0
0
0
0
0
0
0
0
0
0
0
0
0
0
0
0
0
0
0
0
0
0
0
0
0
0.131349
0
0
0
0
0
0
0
0
0
0
0
0
0
0
0
0
2.28725
0
0
0
0
0
0
0
0
0
0
0
0
0
0
0
0
0
0
2.03115
0
0
0
0
0
0
0
0
0
0
0
0
0
0
0
0
0
0
0
0
0
0
0
0
0
0
0
0
0
0
0
0
0
0
0
0
0
0
0
0
0
0
0
0
0
0
0
0
0
0
0
0
0
0
0
0
0
0
0
0
0
0
0
0
0
0
0
0
0
0
0
0
2.44548
0
0
0
0
0
0
0
0
0
0
0
0
0
0
0
0
0
0
0
0
0
0
0
0
0
0.152777
0
0
0
0
0
0
0
0
0.61219
0
0
0
0
0
0
0
0
0
0
0
0
0
0
0
0
0
0.493376
0
0
0
0
0
0
0
0
0
0
0
0
0
0
0
0
0
0
0
0
0
0
0
0
0
0
0
0
0
0
0
0
0
0
0
0
0
0
0
0
0
0
0
0
1.73843
0
1.70107
0
0
0
0
0
0
0
0
0
0
0
0
0
0
0
0
0
0
0
0
0
0
0
0
0
0
0
3.60469
0
0
0
0
0
0
0
0
0
0
0
0
0
1.63853
0
0
0
0
0
0
0
0
0
0
0
0
0
0
0
0
0
0
0
0
0
0
0
0
0
0
1.55593
0
0
0
0
0
0
0
0
0
0
0
0.114196
0
0
0
0
0
0
0
0
0
0
0
0
0
0
0
1.70366
0
0
0
0
0
0
0
0
0
0
0
0.131201
0
0
0
0
0.869543
0
0
0
0
0
0
0
0
0
0
0
0
0
0.484541
0
0
0
0
0.751752
0
0
0
0
0
0
0
0
0
0
0
0
0
0
0
0
0
0
0
0
0
0
0
0
0
0
