0
0
0
0
0
0
0
0
0
2.44046
1.25201
0
1.67537
0
0
0
0
0
0
0
0
0
0
3.60979
0.145585
0
0
0
0.745299
0.498809
0
0.645247
0
0
0.130017
0
0
0
0
0
0
0.356292
0
0
0.318069
1.20264
0
0
0
0
0
16.2043
0.87384
0
0
5.30072
0
0
0
0
0
9.2434
0
0.578898
0
0
0.809602
0
0.255192
0.433029
0
0
0
0
0
0
0
0
2.09165
0
0
4.56224
0
0
5.04689
0
0
1.00601
0
0
0
0
0
1.74889
0
0
0
0
0
0
1.11107
0
0
0.102762
0
0
0
0
0
0
0
0
0
1.72975
0
0
11.9989
0
0
0
0
0.811973
0
0
2.52735
0
0.260098
1.24792
0
0
0
0
0
0
3.5388
0
0
0
0
0.757194
0
0.0823263
1.97827
0
0
0.0149613
0
2.827
0
0
0
0
0
0
0.173395
0
0
0
0
0
0.00174055
0
0.0188524
0.191698
0
0
0
0
0
0
0.24445
0
0
0
0
0
0
0
0
0
0
0
0
0.799566
0
5.32678
0
0
0.480242
0
0
5.26801
0
0
0
0
0
0.552075
0
0
0
0
0
1.00805
0.164744
0
0
0
0.300021
0.136054
0.14861
0
1.41858
1.30762
0
0
0
0
4.35964
0
0
0
0
0
0.434096
0.152942
0
0
0
0.0886675
0
0
0.198634
0.580557
0
1.64157
0
0.629792
1.79877
1.07348
1.39071
0
1.1805
0
0
0
0
0
0
0
0
0
0
0
0
0
1.46803
38.9761
1.85178
0
0
5.70291
11.4618
0
0
0
0
0
0
0.106667
0.618287
0
0
0
0.0955784
0
0.421841
0
0
0
0
0
0.606146
3.7836
0
0
1.18661
0
0
0.0465831
0
0
0
2.69749
0
0
0
0
2.34474
0
0
0
13.8687
0
0
0
0
1.25083
0
0
0
0
0.811452
0.297559
0
1.09052
0
0.157817
0
0
0
0
9.76003
0
0.0298274
0
0
0
0
0.0278863
0
0
0
0
0
0.116439
0
0.813054
0
1.46386
0
0
0
0
0
0
0
0
0
9.06922
0
0.56451
0.000858766
0
0.809425
0
0
0
0
1.07756
0
0
0
0
0
0
1.71129
15.0198
0
0
0
0
0
0
1.05206
0
0.203569
0.385474
0
0.770207
0
1.36859
0.109463
0
0
0
0.216089
0.162521
0
0
0
0
0
0
0
0
0
0
0.660831
0
1.44321
0.32259
0
0
0
0
1.39475
0.122006
0
1.82676
0
0
0
0
0
0.181324
0
3.62063
0
0
0
0
0
0
0
0
0
9.11706
0.926852
0
0
0
0.237449
0
2.35757
1.92052
0
0
0.523451
0
0
0
0
0
0
0
0.118427
0
0
0
0
0
0
0.064679
0
0
0
0
0
0
0
0.60615
0
0
0
0
0
0
0
0
0
0.405485
0
1.303
0.098237
0
0
0.15204
0
0
0
0
0.303207
0
0
0
0.00647243
0
0
0
0
0
0
0.13641
0
0
0
0
0
0
0
0
0
0
0
0.567122
0
12.5385
0
0
0.240494
0.475486
0
0
0
0
0
0
0
0
0
0
0
0.544638
0
0.350739
0
0
0
0
0
0
0.319869
0
0
0
0
0
0
0
0
0.642661
0
0
0
0
0
0
0
0
0
0.0853091
0
0
0
0
0.898537
0
0
0.513328
3.23699
0
0
0
0
0
1.47372
0
0
0
0
0
0
0
0
0
0
0
0.241201
0
0
0
0
0
0
19.1382
0
0
0
0
0.082656
2.37321
0
0
0
0
0
0
0
3.67642
0
1.01791
0
0
0.33125
0
0
0
0
0
0
0
0
0
0
0
0
0
0
1.47115
0
4.15615
0
0
0.340725
0
0
0
0
2.05378
0
0
0
0
0
0
0
0
0
0
1.61461
0
0
0
0
0.543058
0
0
0
0
0
0.29101
0
0
0
0
0
0
0
0
0
0
0.395548
0.235491
0
12.1258
0
0.982654
1.68295
0
0
0
1.88893
0
0
0
0
0
0
0
0
0.30964
1.0765
0.416456
0
0
0
23.985
0
0.414162
0
1.22132
0
7.54847
0
6.66539
0
0
0.0281011
0
0
1.78185
0.285451
0
0
0
0
0
0.990195
0
0
0
0.284189
1.14351
0
0
0
19.5655
0.193179
0
0
0.0465242
0
0.0401142
0
0.0341696
0
0
0
0
0.589342
8.00297
0
0
0
0.804471
0
0
0
0
0
0.602759
0
0
0
3.66954
0
0
0.1588
0
0.831187
0
0
0.900655
0.880375
0
0
0
4.16044
0
0.0988693
0
0
0
0
0
0
5.44287
0
0
0
1.19937
0
0
0
0
2.87002
0.134561
0
0.0884972
0
2.09713
0
0.19221
0
0
0
0
0
0
16.7497
1.25986
0
0
0
0
0
0
2.48058
0
1.75746
0.470511
0
0
0
0.0417991
1.33718
11.9207
0
0
0
0
0.176688
0
0.00842514
0
0
0
0
6.98646
0
0.128816
0
0
0
0
0
0.306719
0
0
0
0
0
0
0
0
0
0
0
0
2.6303
0
0
0
0
0
1.34561
0
0
0
0
0
0
0
0
0
7.28038
0
0
2.63969
0
0
0
0
0
0
0.0605675
0
0
0
0
0
0
11.2989
5.79368
0
0.546551
0
0.426032
0
1.02368
0.919659
0
0.3408
0.542239
0
0.480144
0
0
0
0
0
0
0
0
0
0.574764
0
0
0
0
0
0
0
1.96296
0
0
0
0.89456
0
0
0
0
0
0.303266
0
0
0
0
0
0
0
0
5.59042
0
0
0.137426
0
20.3366
0.371384
0
0
0
0
1.65164
0
0.0900193
0
1.05963
0
0
0
0
2.22695
0
0
0
0
0
1.04917
6.98968
0
0.898467
0
0.126533
0
0.282825
0
0
0
0
0
0
0
0
2.88878
0
0
0.416466
1.75628
0
0.806908
0
0.646143
0
0
0
0
0
0
0
0
0
0
0
0
15.5132
3.09567
0.495815
0
0
0
0
0
0.312401
0
0.456208
0
0
12.2731
0
0
0.188236
0
0
0
0
0
0.0522523
0
0
0
0
0
0
0
0
0
0
0
0
0
0
0.370041
0
0.787234
0.814239
0
0.288485
0.840401
0
1.39018
0
0
1.58219
0
0
0
0
0.109732
0
0
0
0
0
0
0
0.0173025
0
0
0
0
0.34882
0
0
0
0.51029
0
0
0
0
0
1.46012
0
0
0
0
1.11429
0
0
0
0
0
0
0
0
0
1.45087
0
0
0.668195
0
0
0
0
0
0
0
0
0
0
0.134646
0
0
0
0
1.22778
0.0344868
0
2.54408
0.656398
0.0244542
0
0.0820044
0.256101
0
0
0
0
0.135715
0
1.08666
0
0
0
0
0
0
0
0.139219
0
0
0
0
0.620814
0
0
1.53701
0
0
0
0
0
0
0.452695
0
0
0
0.325713
0
0
5.48682
0.638633
0
0
0
0
0
1.68378
0
0
0
0
14.5254
2.19951
0
0
0
0
0
0
0
0
0
0
0
0
0
0
0
0
0
0
0
0
0
0
0
1.39895
0
0
0
16.5187
0
0.985515
0
0
0
0
0.062468
0
0
0
0.373838
0.135387
0.141924
0
0
0
0
0
0
2.55907
0
0
0
0
0
0
0.300809
0
0
0
0
0
0
0
0
0.337953
0
0
0
0
0.816534
8.03704
0.0137125
0.670465
0
0
0
0
0
0
0
0
0
0
0
0
0
0.209726
0
0
0.0857357
0
2.29044
0
0
0
0
0
1.45937
0.609279
0
0
0
0
0
0
0
0
1.29778
0
0.926139
0
0
0
0
0
0
0.825943
0.546814
0.0936015
0
0
0
0.270547
0.66438
0.153556
0
0
11.4923
0.667063
3.96506
0
0.476873
0
0
0.0644425
0
1.7548
0
0.553186
0
0
0
0
0
0
1.58774
0
0.0215101
0
0
0
0
0.885505
0
0
2.17675
0
0
0
0
0
0.0917528
0
0.34152
0
8.86116
0
0
0
0
0
0
1.28813
0
0
0
0
6.49774
0
0.953796
0
0
0.488049
0
0
0
0
0
0
0.0131888
0.0743945
0.169518
0.0779088
0
0
0
0.202248
4.63637
0
0
0
0
0
0
0
0
0.648629
0
0.11435
1.10499
0
0.497297
0
0
0
0
0.631736
0
0.0505954
0
0
0
1.25462
0
0.291273
0
0
4.03311
0
0.226989
23.9628
0
0
0.221228
0.0782976
0
0
0
0.279927
0
0
0
0
0.38143
0
0.0836495
0
0.14741
0.969521
0
0
0
0.0328126
0.668256
0
0.648593
0
0
5.8984
0
0
1.25407
0
0
0
0
0
0.412201
0.0392148
0.0603732
0.151284
0
0
0
0
0
0
0
0
0.137015
2.51704
1.76063
0
0
0
0
0
0
0
0
0
1.08637
0
0
0
0
0
0
0
0
0
0
0
0
0
0
1.00697
0
0
0
0
0
0
0
0
0
0
0
0
0
0
0.94576
0
0
0
0
0
0.64163
0
0
0
0
2.04992
0.773098
0.895439
0
0
0
0
0.227743
0
0
0.387892
0
1.48229
0
0
0
0
0
0
0
0
0
0
0.334992
6.37728
0
0
0
3.6639
0
0
0.894367
0
0
0
0
0.0405799
0
0
0
0.983229
0
0
0
0
0
0
0
0
0
0
0
0
24.0504
0
0
0.791309
0
0
0
0
0
2.44539
0
0
0
0
0
5.43335
0
0
0
0
0
0
0.201033
0
0.38525
0.0746584
0.0241695
0
13.5571
0
0
0
0
0
0
0.722324
0
0.0739706
0.252381
0
0.585015
0
0
0
0
0
0
0
0
0
0
0.0112969
0
0.396492
0
0
0
0
0
0
0
7.38439
0
0
2.24261
0
0
0
0.663075
0
0
0
0
0.475829
0.914897
0
0
1.0234
0
1.04008
1.37069
0
0
0
0
0.420054
0.033591
2.49519
0
0
0
0.128984
0
1.26972
0
0
0.126664
0
0
0
0
0.614841
0
0
0
1.92101
1.40085
0
0
0
0.938819
0
0
0
0
19.3846
0
0
0.626574
0
0
0.301434
0
0
0
0
0
26.4732
2.66135
0
0
0
0
0
0
0
0
0
0.158935
0
0
0
0.340914
0
0
0.194994
0
0
0
0
0
0
0
0
0
0
0
0
0
0.521243
0
0
3.08421
0
0
0
7.39358
0
0.0730363
0
0
0
0.0485321
0
0.210158
0.364931
0
0
0
0.364311
0
0
0
1.62976
0
0
0
0
0
0
0
0
0.861296
0
0
0
0
0
0
0
0
0
0
0.556825
0
0
0
0
0.142816
0
3.12014
0
0
0
0
0.0843176
6.94935
0
0
0
0
0
0
0
0.649009
0
0
0
0
0
0
0.159697
0
0
0
0.265816
0
0
0
0
0.136083
0
0
1.07774
0
0
0
0.132003
0
0
0
0
0
0
0
0
0
0
0
0
0.447758
0.0818989
0.354989
0
0
0.977063
0
0
0
0
0
0
0
2.76872
0
0
0
0
0
0
0
0
0
0
0
0.60372
0
0
0
0
2.14776
0
1.12244
0
0
0
0
0
0.159898
0
0
0
0.814162
0
0
0
0
0
0
0
0
0
0
0
0
0
0
0
0
0
0
0
0
0
0
0.660184
0
0
0
0
0
0
0
0
0
0
0.205714
0
0.124312
0.510102
0
0.264347
0
0
0
0
0
0.488661
3.03331
0
0
0
0
0.194339
0
0
0
0
1.65503
0
0.286089
0
0
1.23263
0
0
0
0
0
0
0
0.402675
0
0.682864
0
0
0
0
0
0
0
0.509081
0
0
0
0
0
0
0
0
0
0
0
0
0.593141
0
0
0
0
0
1.32775
0
0
0
0
0
0
0
0
0
0
0
0.145549
0
0
0
0
0
0.07323
0
0
0
0
0
0
0
0
0
0
0
0
0
1.83444
0.313994
0.0680541
0.39014
0
0
0
0
0
0.210437
0
0
0.245108
0
0.59089
0
2.11925
0
1.2889
0
0
0
0
0
1.18111
21.4922
0
0
0
0
0
0
1.77004
0
0
0
0
0
0.105467
0
0
0
0
0.954367
0
0
0
0
0
0
0
0
0
0
0
0
0
0
0
0
0.882457
0
0
0
0
0
0
0
0
0
0
0.0582
0
1.562
0
0
0
0.5304
0
1.65486
0
0
0
2.0472
0.116887
0
0.57173
0
0
3.68996
0
0
0
0
0
2.26343
0
0
7.60551
0.279743
5.45954
0
0
0
0
0
0
0
0
0.38208
0
0.0966653
0
0
0.177632
0
0.100167
0
0
0
0
0
0
0
0.187482
0
0.167349
0
0.0955211
1.61954
0
0
5.85089
0
0
0
0
0
0
0
0
0
2.95809
0
0
2.39808
0
0
0
0
0.557589
0
0
0
1.61389
0
0
0
0
0.124539
0
0
1.55275
0
0
0
0
0.339876
0.15614
0
0
0
0
0
0
0
0
0
0
0
0
0
1.27293
0
0
1.95094
0
0
0
0
0
1.25798
0
0
0.7536
0.77438
0
0.146013
0
0
0
0
0
0
0
4.35833
0
0.417669
0.332259
0
2.937
0
0
0
0.255706
0
0.271867
0
0
0.836432
1.40283
0
0
1.44176
0
0
0
0
0
1.02025
0.299808
0
0
0
1.0858
0
0
0
0
0
2.70202
0
0
0
0.0837975
0
0.116579
0
0
0
0.12011
1.97317
0
0
0
1.39161
0.0272045
0
0
0
0
0
0
0
1.66693
0
0
0
0
1.8147
0.166304
0
1.31058
2.03825
0
0
0
1.61076
0
0.187228
0
0
0.828879
4.02071
0
0
2.26179
0.688894
0
0
0
0
1.45581
0.102016
0
0
0
0
0
0
0.053254
0
0
0
0
0.27731
0
0
0
0
0
0
0
0
0
0
0.341145
0
0
0
0
0.743172
0
0
0
18.2886
0
0
0
0.106563
0
0.00452274
0
0
0
0
0
0
6.52047
0
0
0
0
0
0
0.152137
0
0
0.389022
0.407542
2.8329
1.38207
0
0
0
0
0
24.9146
5.71411
0
0.188466
0.892507
0.63458
0
0
0.0700311
0.212722
4.2562
0.844661
0
0
0
0
0
0
0
0
0
0
1.81058
0
0.497171
0
0.1264
0
0
0.530465
0
0
0
0
0
0
0
0
0.0490003
2.00905
0
0
0
0
0
0.212843
0
0
0
0
0
0
0
0
0
0.0498747
0
0
0
0
0
0.164961
1.77521
2.37613
0
0
0
0
0
0.126596
1.61436
0.477702
16.9469
0
0
0
3.13902
0
4.08502
0
0
0
1.12136
0
0
0
0
0.520395
0
0
0
0.188165
0
0
0
0
0
0
0
0
0
0
0
0
0
0
0
0
0
0
0
0
0
0
1.48236
0.690501
0
0
0
0
0
0
0
0
0
0.175083
0
0
0
0
0
0
0
0.128624
0
0
0
0
0
0
0.0295972
0
0
0
0.160582
0
0.74552
0
0
27.6664
0.135493
0
0
0
0
0
1.33671
0
0
0
16.9552
0
0.159137
0.242684
0.275431
0
0.12602
0.348433
0.402436
0.0441662
0
0
0
0
0
0
0
0
25.3348
0
0.255377
0
1.53277
0
0
0
0
0
0
0
0
0.186673
0
0
0
0
0
0
0
0
0.113811
1.57376
0
0
0
0
0.552047
0
0
9.72305
0
0
0.0977323
0.624271
0
0
0.738817
0
1.41302
0
0
0
2.92825
0
0
0
0.157623
0
0.48409
0
0
0
0
0
0
0
0
0.332223
0
0
0.299157
0.151059
22.8978
4.0607
0
0
0
0.273566
0
0.184203
0
0
0
0
0
0
0
0
0
0
0
0
0.278552
0
0
0
0
0
2.5945
0
1.14822
0
0
0
0
0
0
0
0
0
0
0
0
0
0
0.441127
0
0
0
0
0
0.225494
2.17373
0
0.161303
0
0
0.294935
0.0441212
0
0.0725068
0
1.98931
0
0
2.09702
0.0479735
1.28899
0
2.05462
0
0
0
0
0
0.826564
0
0
0.0713484
0.205506
0
0
0.715293
0
0
0
0
0
0
1.16543
0
0
0
0
0.093628
0.278854
0
0
0
0
0
0.078672
0.154437
0
0
0.479323
0
0
0
0
0
0
0
0.19276
0
0.0941436
0
0
0.138701
0
0
0
0
0
0.0120572
0
0
0
0
0.30416
0
0
0
0.365028
0
0
0
0
0
0
0.292998
0
0
0.218472
0
0
15.1771
0.509817
0
1.66996
0
0
0
0
0
0
0
1.58337
0.400402
0
0
1.99989
0
0
0
0
0
0
0
0
0
0.0267737
0
0
0
0.157848
0
0
0
3.83384
0
1.34071
0
0
0
0
0
0
0
5.3129
0
0
0.246927
0
0
10.8949
0
0
0
2.08731
0.146996
0
0.574792
0
0.30289
0
0
0
0
0
0
0
0
0
0
0
0
0
0
0
0.0710112
0
0
0
0
0
0
0
0
0
0
0
0
0.148698
0
0.704743
0
0
0.675344
0
0
0
0
0
0.0851542
0
0
0
0
0
0
0
0
0
0
0
0
0
0.0118447
0
0
0
0.194653
0
0
0
0.277908
0
0
0
0
0
0
0
0
0
5.66397
1.88159
0
0
0
0
0
0
0
0.1528
0
0
0
0
0.8267
0
0
0
0
0
4.80433
0
0.0394284
3.86109
0
0
0
0
0
1.9282
0
0
0
0
0
0
0
0
0
0
2.28056
0
0.392562
0
0
0.0250834
4.57392
0.0793923
0
0
0
0.350693
0
0
0
0
0
0.365246
0
0
0
0
0.971494
0
0
0
0
0
0.26315
0
2.13225
1.15717
0
0.56909
0.304789
0
0
0
23.694
3.16756
0.195352
0
0
0
0
0
0
3.35046
0
0
0
0
0
0
0
0
7.039
0
0
0.127056
0
0
0.0784916
0.150989
0
0
0
0
0
0.162834
0
0
0.0249881
0
0
0
0
0
0
13.0326
1.53934
0
0
0
0
0
0
0
1.27445
0
0
0
0.727342
5.73509
0
0
1.38334
0
0
0
0
0.189377
0.556133
0
0.392774
0
0.0906836
0
0.240141
0
0
2.56196
0
0
0.11239
0
0
0
0
0
0
0
1.70754
0
0.626847
0
0
0
0.337191
0
0
0
0
0
0
13.4162
0.237389
0
0
0
0
0.0153033
0
0
0
0
0
0
0.111169
29.9825
0
0
0.102829
0
0
7.46029
20.7969
0
0
0
0.41849
0
0
0
0
0
0
0.161092
0
0
0
0
0
0
0.537849
0
0
5.24109
0
0
0
0
0.0431971
0
0
0
0
0
0
0
0
0
0
0.0436624
3.00013
0
0
0
0
0.115029
0
0
0
0
0
1.01911
0.086139
0
0.0841033
0
0
0
0
0.403585
0.777361
0
0
0
0
1.51204
0
1.31588
0
0.718083
0
0
0
0
1.37141
0
0
0
0
0
18.5642
0
0
0.105598
0
0
4.14462
0
0.115238
0
0
0
1.51379
0.620766
1.84443
0
0
0
0
0
0.255241
0
2.03252
0
0
0
0
0
0
0
1.44923
0.0354191
0
0.246509
6.09942
0
0.149473
1.2453
0
0
0
0
0.733779
0
0
0
0
0
0
0
0
0
0
0
4.51843
0
0
0
0.158158
0.151753
4.40233
0
0
1.02254
0
0.991818
0.336804
0
0
0
0.157159
0
0
0.558669
0
0
0
0
0
0
0
0
0.0370011
0
0
0
0
0.494176
0
0
0
0
0.248308
0
0
0
0
0.240708
0
0
0
0
0
2.35013
1.76218
0
0.0675094
0
0
0.7505
0
0
0.52284
0
0
0
0
0
0
0
0
0
0
0
0
1.72151
0
5.39023e-05
0
0
0
0
0.226187
0
0
2.00794
0
0
0.188736
0
0
0
0.199785
0
9.20011
0
0.151724
0
0
4.43508
0.372831
0
0
0
0
0
0
0
0
0
0.511265
0
0
0
0
0
0
0.131403
0
0
0
0
0
0
0
0
0
0.112872
0
0
0
0
0.397457
0
0
0.0789101
0
0.5487
0
0.277335
13.2266
0.0186603
0.670126
0
0.207366
0.743183
0.25612
0
0
0.571963
0
0
0
0
0.566351
0
0
0
0.20985
0.0571578
0
0
0.164967
0
0
0
1.94959
0
0
0.324562
0
0
0.345225
0.298603
0
0
0.338029
0
0
2.26783
0
0
0
0
0
0
16.9707
0
0
0
0.0280211
0
9.10161
4.52094
0.255258
0
0
0
0
0
0
0
0
0
0.0492195
1.2262
0
0
0.116845
1.03918
0
0.625433
0
0
0
0.237889
0
0
0
0.468271
0
0
0.0100076
0
0
0
0
0
0
0
0
0
0
0
0
0
1.09578
0
0
0
0
0
0
2.0448
0
0
0
0
0
0
14.9274
0
0
0
0
0.60612
0
0
0
0
0
0
0
0
0
1.94236
0
1.25491
1.11276
0
0
0
0.13035
0
0
0
0
0
0.71215
0
0
0
0
0
0
0
0.101092
0
0
0
0
0
0
0
0
0
0
0.0834883
0
0
0
0
0
0
0
0
0
0
0
0
0.184561
0.296783
0
0
0
0
0
0
0
0
0
0.400356
0
0
0
0.384175
0.517333
0
0.570892
0
0
0.00600295
0
0
0
0
0
0.268522
18.451
0
0.0978276
4.565
0
0
0
0
0
0
0
0
0
0
0
0
0
0
0.426137
0
0
0
0
1.95766
0
0.92839
3.59303
0
0
0
2.57092
0
0
0
0
0
0.406614
0
0
0
0.628102
0
0
0
1.25335
0
0
2.02925
0
0.0427674
0
0
0
0.146615
0
0
0
0
0
0.310376
0
0
29.1715
0
1.65663
0
0
0
0
0
1.95278
1.43858
0.658766
0
0
0.303336
0
0
0.185543
0
0.205822
0.989616
0
0
0
0
0
0
0
0
0
0
0
5.28593
0
0
0
0
0
0
0.53721
0
0
0
0
0
0
0
0.104056
0
0
0
1.27408
0
0
0
0
0
0
0
0
0
0
0
0
0
0
0.0833502
0
0.265865
0
0
0.154423
0.127113
0
0
0.64632
0.502612
0.00315486
0
0.219363
0
0
0
0
0
0
0
0
0.113333
0
0
0
0
0
0
0
0
0.127095
1.67782
0
0
0
0
0
0
0.252889
0
0
2.46761
0
0
0
0
0.141555
0
0
0
0
0
0
0
0
0
0
2.06589
0
7.106
0
0
0
0
0
0.134301
0
1.6581
0
0
0
0
0
1.75069
0.102696
0
0
0
0
0
0
0
0.0392986
0
0
0
0.776102
11.5057
16.6905
0
0
0
0
0
1.05011
0
0
0.158337
0
1.45549
0
0
0
0
0
0
0
0
24.1252
0
0.0462378
0.135982
0
0
0
0
0
0
0
0.592324
0
0
0
0
1.39854
0
0
0
0
0
0
0
0
0
0
0
0
0
0
0
0
0
0
0
0.170226
0.643409
27.7354
0
0
0
0
0
1.05985
0.147279
0
0
0.24465
0
0
0
0
0
0
0
0
0
0
0
0.329552
2.36991
0
0
0.689636
0
0.517001
0
0
0
0.476588
0.287103
0.11865
0
0
0
0
4.39624
0
0
0
1.22864
1.09383
0
0
0
0
0
0
0
0
1.21963
0.571478
0.443919
0
0
0
0
0
0
0
0
0
0
0
0
0.444595
0
0
0.221835
0
0
0
0.0668878
0
1.10027
0.143581
0.552252
0
0
0
2.14316
0.124112
0
0
0
0
0
0
0
0
0
0
0
0
0
0
0.0147543
1.56158
0
0
0
0
0.189901
0
0.096689
0
0
0
0.831973
0
13.1861
0
0
0
0
0
0
0.0470311
0.174957
0
0.0403119
0
0
0
0.715539
0
0
0
0
0
0
0.468283
0
0.792224
0
14.8125
0
0
0.120326
0
0
0
0
0
0
0
0
0
0
1.71092
0.122013
0
0
0
0.252019
0
1.37776
0
0
2.05936
0
0.715171
0
0
0.770288
0
0.540304
0.0294803
0.0655238
0
0
0
0
0
0
0
0
0.104156
3.07097
0
0.137133
0
0
2.5297
0.102577
0
0
0
0
0
0
0
0
0
0
0
0
0
0
0
3.14365
0
0
0
0
0
0.40545
0
0
0.232283
1.37712
0
0
0.205248
0
1.89313
0
0.123717
0
1.29528
0
0
0
0
0
0
0.656675
0
0.113165
0
0
0
0
0
0
0
0
0
0
0
0
0
2.61821
0
0
0
0
0
0
0
2.61219
0
0.335978
0
0
0
1.83219
0
0
0.141963
0
0
2.97244
0
0
0
0.322042
0
0
0
0
0
0
0.410019
0
0.182387
0
0
3.70864
4.95151
0
0.188963
0
0
0
0.815478
1.20299
0
0
0
0.0543191
0.157111
0
0
0
0
0
0.441859
0
0
0
0
0
0
0
0
0
0
0.709649
0
0
0
0
0.101695
0
0
0
0
0
0
3.57086
0
0
2.24616
0.0179117
2.37591
0
0
0
6.80891
2.11954
0
0
0
0
0
0
0
0
0
0
0
0
0
0
0.250476
0.192803
11.6517
0
0
0
0
0
0
0
0
18.6436
0
0
0
0
0
0
0.53827
0
0
0
0
0.0664363
0
0
0.616276
0
0
0.256814
0
1.11378
0
0
0
0.250037
0
0
0
0
0
0
0
0
0
0
0
0
0
0
1.01974
0
0
18.3118
0.751704
0
0
0.918327
0
0.193804
0
0
0
0.00786905
0
0
0
0
0
0
0
0
1.01508
0.100979
0
0
0.300343
0
0.6312
0
1.63908
0.675807
1.18575
6.07658
3.31008
0
0.159457
0
0
0
0
0
0
0
4.57221
0
0
0
0
0
0
0
0
0
4.10371
0
0
0
0.839832
0
0
0.144139
0
0
0
0.820242
0
10.43
0
0
0
0
0
0
0.94232
0
0
0.351556
0
0
0
1.15439
1.62186
0
0
0.136223
4.88162
0
0
0.115363
0
4.69857
0
0
0
0
0
0
1.14441
0
0
0
0
0
0.0908368
0
0
0
0.425104
0
0
0
0
0.472234
0
0
2.94643
1.62391
2.94568
0
0
0.347401
0
0
0
0
3.16003
0
0
0
0.0608878
0
0
0
0
0
0
0.0656937
0
0.705358
0
0.368816
0
0
0
1.06476
2.91855
0
0.977736
0.112539
0
0
0
0
0
0
0.961294
0
1.15251
0.442649
0
0
0.105659
0
0
0
0
1.05203
0
0.0908439
0
0
0
0
14.9466
0
0
0
0
0
2.32821
1.06377
0
0
0
0.155688
0
0
0
0
0
0
0
0
0
0
0
0
0
3.1662
0
0.227243
0.106346
0
0
0
0
0
0.340184
0
0
0
0
0
0
0
1.45732
0
2.75276
0
0
0
0.0958961
0.785596
0.140885
0
0
0
0
1.21095
0
0
0
0
0
0
0
0.0275549
0
0
0
0
0
1.19431
3.60488
0
0
0.767323
0
0.0731108
0
0
0
0
2.34223
0
0.184189
0
0
0
0
0
0
0
0
0
0
0
0
0
0
0
0
0
2.14882
0
0
0
0
21.8951
0
0
0
0
0
2.68907
0.15514
0
0
0
0
0
0
0
0
0
0.656157
0
0
0
0
0
0
0.144815
2.80604
0
0.216577
0
0
0.44167
0
0
0
0
0.866339
1.95165
0.153318
0
0
1.00863
0
0
0.584199
0
0
1.04674
0
0
0
0
0
24.7166
1.10606
0
0
0
0
0
0
0
0
0
0
0
0
0
0
0
0
0
0
0.487073
0
0
0
0
0
0
0
0
0
0.0201567
0
0
0
0.255166
0
0.118048
0
0
0
0
0.0431858
0
0
0.122641
0
0
0
0
0
0
0
0
0
0
0
0
1.20086
0
0
0.225011
0
0
0
0.158398
0
0.492891
0
0
0.72241
0.451656
0
0
0
0
0.0563467
0
0
0
0
1.2172
0
0
0
1.5275
0
0
0
0
0
1.03045
0
0
0
1.39526
0
0
0
0
0.127203
0.00539062
0.0386122
0.534665
0
0
0
0
0
0
0
0
0
0
0
0
0.660976
0.233465
0
0.0374849
2.22988
0.465395
0.93595
0
0
0
0
0
1.77122
0
8.38988
0
0.048322
0
0
0
0.690485
0.973125
0
0
0
1.15504
0
0
0.0476305
1.97861
0
0
28.184
0
0
0
0
0
0
0
0
0
0
0
0.614732
0.148426
15.3943
1.52033
0
0
0
0
0
0
0.00243026
0
0
0
0
0
1.36981
0
0
0
0
0
0
0
0
0
0
0
0
0
0
0
0
0
0
0
0
0
0
0.643503
0
0
0
0
0
0
0
0
2.05254
0
0.155348
0
0.0799058
0.0961401
0
1.01914
0.124074
0
0
0
0
3.61761
0
4.19671
0
0
0.806488
2.90948
0
4.85609
7.77738
0
0
0
0.129344
0
0
0
0
0
0
0
0
0
0
0
0
0
0
0
0.0457398
0
0
0
0
0
0
0
0
0
0
0.107325
0
13.7408
0
1.37226
0
0
0
0
0.0906008
0
0
0
0
0
0
0
0
0
0
0
0
0
0
0
0
0
0
0
0
0
0
1.3018
0
0.831891
0.0558817
0
0
0
0.307041
6.50108
0
0
0
0
0.714349
0.815652
0
15.4037
0
0
0
0
0
0
1.15211
0
0
0
0
0
0
0
0
0
0
0.572479
17.4203
1.02984
0
0
0
0
0
0.64613
0
0
0
0.0346455
0
0.106875
0
0
0.224595
0
0
0
0
0
0
0
0
0
0
0
0.54706
0
0
0
0
0
0.0606135
0.531327
0
0
0.152163
32.6456
0
0
0.599691
0
0
0
0
0
0
0.0979373
0
1.55581
0
0
0
0
0
0.994057
0
0
1.51905
0
0
0
0
0
0
4.07744
0
4.21703
0
0
0
0
0
0.803628
0.244842
0
0
0
12.8955
0
0
0
1.20411
0
0
0
0.361403
2.70297
0
0
1.40541
0
0
0
0
0
0
0
0
0.689066
0.195739
0
0
0
0
0
0
0
0
0
0
0
0
0
0
0
0
0
0
0.735713
0
0
0
0
0
0
0
0
0
0
0
0
0
0
0
0.368012
0
0
0
0
0.0976192
0
0
0
0
0
0
0
0
0
0
0.0426068
0
0
0
0
0.149676
0
0.416622
0.235424
0
0
0
0
0
0
0
2.19541
0
0
0
0.14142
9.19398
0
1.34284
3.99919
0
0
0
0.0787971
0
0
0
0
0
0.317498
0
0
0.0957019
0
0.0681713
0
0
0
0.21402
0
0
0
0
0
10.8439
2.16107
0.972236
0.409019
1.94276
0
0
0
0.0645136
0
0
0
0.388903
8.25566
0.101534
0
28.8307
16.6607
0.386657
0
0.132213
0
0.0170499
0
0
0.555455
0
0
0.401859
0
0
0
0
0
0
0
0
0
0
0
0
0
0
0
0.115017
0
0
0
0
0
0
0
0
0
0
0
0
0
0
0
0
0
1.48835
0
0
2.42932
0
0
0
0.316375
0
12.1047
0
0
0.127636
0
0
2.16459
0.216204
0
0
0
0
0
0
0
0
0.862857
1.11996
0
0.167537
0
0
0.233095
0
0
0.370479
0
2.09944
0
0
0
0.304763
0
0
0
0.0730051
0
0
1.21112
0
0
0
0.0859635
0
0.818642
0
0
0.581108
0
0
0
0
0
0
0.668412
0
1.37543
0
0
0.698789
0
0
1.05862
0
0
0
1.88219
0.0160989
0
0
0
0
0
0
0
0
0
0
0.0820888
0
0
0
0
0.013941
0
1.63806
0
0
0
0
0.120381
0.715519
0
0
0
0.495668
0
0
0
0
0
1.21358
0
0
2.09461
0
0.365081
0.718851
0.021269
0
0
0
0
0
0
0
0
0
0
0
0
0
6.48166
0
0
0.203717
0
0
0.0122003
0
1.64567
0
0
0
0
0.0270508
0
0
0
7.73518
0
0
0
0
0
0
0
0
0
0
0.00768947
0
0.244657
0
0
0
0.203506
0
0
0
0.350744
0
0
0
0.156802
0
0.491887
0
0
0
0
0
0
0
5.72799
0.018729
0
0
0
0
0
0
0
0
0
0.448759
0
0
0
0
0.407718
0
2.14924
0
0
0
0
0
0
0
0
0
0
0
2.43554
0
0.509235
0
0.106366
0
0
0
0
0.168785
0
0
0
0.0509133
0
0
0
0
0
0
2.87215
0
0
0
2.09278
0.122188
0.00495872
0
0
0
0
0
0
0.019235
0.330418
2.49886
0
0
0
0
2.25066
0
0.144154
2.75247
0
0
0.148453
0
0
0
0.215007
0
0
0
0
0
0
0
0
1.28085
0
0.927734
0
0
0
0
0
0.130954
0
0
0
4.723
0.161669
0
0
0
0
0
0
0
0
0
0
0
0
0
0.0787511
0.411696
0.386657
0.793799
0
0
0.417308
0
3.22925
1.70073
0
0
0.114136
0
0
0
0
0
0
0
1.76859
0
0
0
0
0
0.262377
0
0
0
0
0
0
0
0
0
0
2.11278
27.0856
23.0359
0
0
0
0
3.06612
0.347506
0
0
0
0
0
0.0776162
0
0.477044
0
5.77327
0
0
0.0378941
0
0.68505
0
0
0.276647
0
0
4.9356
0
0
0.0114133
0
0
0
0
0
0
0
3.21054
1.77348
2.18611
0.124043
0
0
2.08619
2.78157
0
0
0
0
0.0497614
0
0
0
0
0
0
0.512175
0
20.3432
0
4.47099
0.0771618
0.134614
0
0
0
0
2.47918
0
0
0
4.98659
0
1.33974
2.20954
0
0
0
0
0.191626
0
0
0.14869
0
0
0.122439
0
0
1.42631
0
0
0
0
0
0
0.366335
0
0
0.0634944
0.325658
0
0
0.0602395
0.311031
0
0.0977887
0
0
0
0
0.184454
0.120759
0
0
0.0951441
0
0
0
3.47462
0
0
0
0
0
0
0
0
9.34213
0
0.282135
0
5.97414
0
0
0
0
0
1.27072
0.489386
0
0
0
0
0
0
0
0
0
0
8.1734
0
0
0
0
0
0.672629
0
0
0
0
1.31043
0.0603917
0
0
0
0
0
0
0
0
0
0
0
0
0
0
0
0
0.914559
0
0
0.121912
0
0
0
1.83744
1.79422
0.659929
7.08709
0
0
0
0
0.256044
0
0
0
0
0
0
0
0.994053
0
2.47489
0.882915
0
0
0
0.100816
0.0134996
0
0
0.647372
0
0
0.207549
0
0
0
1.29205
0.676079
0.47812
1.23049
0
0.340493
0
0
0
0
0
0
0
0
0
0
0
0
0.166331
0
0
0.703075
0
0
0
0
0
0.656989
0
0
0
0
0
4.59128
0
0
29.2134
0.43567
0
0
0.00140103
0
0.21391
0
0
0
0
29.1573
0
0
0
0
0
0
0
0
0
0
0
0
2.95189
0
1.45458
0
0
0
0
0
0
0
0
0
0
0
0
0
0
0
0
0
0
0
0
0
0
0
0
0.48563
0
0
0
0
0
0
0
0
0.167726
1.11599
0.360706
0
0.331803
0
0
0
1.58222
1.09287
0
0
0.884489
0
1.96605
0
0
0
0
0
0
0
0
0.360853
0
0
0
0
0
0
0.47298
0
0
0.000417488
0
0
0
0
0
0
0
1.5534
0.413222
0
0
0
0
0
0
0
0
0
0
0.0666895
0.225182
0
1.09572
0
2.6825
0
0
0
0
0
0
0.36829
0
7.53573
0
0
0
0
0
0
0
1.12115
0
0.63029
0
0
0
0.332293
0
0
0.0939485
0
0
0
0
0
0
0
0.0562087
0.883164
0
0
0
0
0
0
0
0
0
0
0
0
0
0.30978
0
0
0
0.115573
0
0
0
0
0
0.241078
0
0.244929
0
0
0.224916
0
0
0
0
0.137749
0
0
0
0
0
0
0
0.146685
0
0
0
0
0
0.633553
0.709402
0
0
0.235745
0.22373
0
0
0
0
0
0
0
5.05733
0.80226
0
0
0
1.19585
0
0
0
0
0
0
1.28443
0.131176
0
0.156923
0
0
0
0
13.8661
0
0
0
0.269986
0.164997
1.04071
0
0
0
0
0
1.08355
0.537302
0
0
0
0
0
0
3.34961
0.0372923
0
0
0
0
0.9008
0
0
0
0
0
0
0
0.0791523
0
0.275187
0
0
0
0
0
0
3.22328
0
0
0
0.41426
0
0
19.2369
0
0
0
0
0
0
0
0
0
0
0
0
0
0
0
0
1.09021
0
0
0
0.0575013
0.1665
0
0
4.2316
0.591135
0.872591
0.126023
0
0
0
0
21.7513
0
0
0.510999
0
0.344075
0.196634
1.87489
1.03105
0
0
0
0
1.84615
1.01705
0
0
0
0
0
0
0
0
0
0.982332
0
0.0238111
0
1.08535
0
0.129067
22.2397
0
0
0
0
0
0
0.202076
0
0
0
0
0
0
0
0
0.104594
0
0
0
0
0.611016
0.277476
0
0
0
13.149
0
0
0.118117
0
0
0
0
6.13829
0
0
0
0
0
0
0
0
0
0
7.59263
0
0
0
1.36509
0
0
1.99388
0.195597
0
0
0
0
0
0
0
0
0.592383
0
0
0.149403
0
0
0
0
0
0
0.274941
0.465142
0
1.48735
0
0
0
1.55202
0
0
0
0
0
0
0
0
1.58526
0
0
1.08567
0
0
0
0
0
0
0
8.57877
0
0
1.38608
0.830196
0
0
0
0.116207
0.0514112
0
0.474795
0
0
0
0
0
1.79486
0
0
0
0
0
0
0
0
0
0
0
0
0
0
0
0
0
0
0
0
0.0318137
0
0.383447
0
0
0
3.09214
0
0
0
0
2.65368
0
0
0
0
0
0
0
0.0516596
0.129901
0
0.018928
0
0
2.40628
0
0
0
0
0
0
0
0.0478947
0
0
2.35233
0
0
7.32182
0
0
0
0
0
0
0
12.3059
0
0
0
0.213875
0
0
0
0
3.3811
0
0
0
0
0
0
0
0
0.431523
0
0
0
0
0
0.165577
0.834523
0
0
0
0
0.502903
0
0
0
0
0
0
0
0
0
0
0
0
0
0
0
0
0.173782
0
0
0
0.23609
0
0.515561
0
0.478184
0
0
0
0
0
0.155217
0
0
0
0
0.664964
1.8014
4.16898
0.348104
0
0
0
0
0
0
0.131117
0
0
0
0
0.441154
2.78781
0
0.0578934
0
0
1.53484
0
0
0
0
0
0
0
0
0
0
0
0
0
22.152
0
0.139877
0
0
0
0
0
0
0
0
0
0
0
0
0
0
0
0.510999
0
0
0
0
0
0
0
15.6279
0
0.312036
0
0
0
2.75415
0
0
0.0878782
0
0
0
0
0.724347
0
0
0
0
4.90618
0
0
0
0
1.0672
0.384196
0.802762
0
0
0.16581
0
0
0
0
0
0
0
0
0.450635
0
0
0
0
0
0
0.349836
0
0
0
0
0
0.936109
0
0
0
0
0
0
0
0
0
0
0
1.24622
0.065303
0
0.040088
0
0
0
0
0
0
0
0
2.57787
0
0
0
0
0
0.139703
0
0
0.102365
0
0
0
0
0
0
0
0
0
0.691783
0
0
0
0
0
0
0
0
0
0
0
0
0.0249895
0
0
0
0
0
0
0
0.137209
0
0
0.455386
1.51726
0
0
0
0
0
0.0975949
0
0
0
0
2.44054
0
0.750067
0.0604215
0
0
0
0.724612
0
0
0
0
0
0
0
0
0
0
0
0
0
0
0.643925
0
0
0
0
0.265599
0
0
0
13.9263
0
8.51188
0
0
0
11.1467
0
0
0
0
0
0
0
0
0
0
0
1.25721
0
0
0
0
36.8298
0
0
1.32244
0
0.386559
0
0
1.58034
0
0
0
12.6149
0
0
4.10677
0.124895
10.4317
0
0
0
0.26551
0
0
0
0
0
0
0
0.522001
0
0.495833
0
0
0
0
2.00695
0.126442
0
0
0
0.188022
0
0.840011
0
0
0.241075
0.507066
5.61397
0
3.13366
0
0
0.130208
0
0.276505
0
0
0
0.230042
0
1.02136
0
0
0
0.0904874
0
0
0
0
0.118577
0
1.03583
0
0
0
0
0
0
0
2.68063
0
0
0
0
6.901
0
0.790225
1.32523
0
0
4.06016
0
0
0
1.46083
0
0
0
0
0
0
0
0
0
0
0.91063
0.314944
12.9811
0
0.639628
0
0
0
0
0
0
0
0
0.0208011
0
0
0
2.37234
0
0
0.112768
0
0
0
0.0865476
0
0
0
0
0
0.646081
0
0
2.00935
0
0
0
0
0
0
0
8.99419
0
0.117587
0
0
0.0124053
0
0
0
0
0.0378528
0.558991
0
2.35588
0
0.35832
0
0
0
0
0
0
0
0.663373
0
0
0
0
0
0
0
0.928445
0
0
0
2.06746
0
0
0
0
1.47561
0
0.028941
0
0.616187
0
0
0.459664
0
0
0.715669
0
0
0
0
4.9347
0
0.286344
0
0
0
1.28154
0
0
0
0
0
0.0656142
0
0
0
0
7.49094
4.09054
0
0
0
0
0
0
0
2.14743
0.137471
0
0
0
0
0
0
0
0
0
0
0
0
0
0
0
0
0.157838
0.161801
0
0
0
0.149302
0
0
0
0
0
0
1.8257
0
0.908249
0.130061
0
0
0
0.950014
0
0.0282501
0
0
0
0
0
0
0
0
4.62562
0
0
0.918235
0.217529
0
0
0
0
0
1.40502
0.325057
0
0.57224
1.02788
0
0
0
0
0
0
15.3912
0.110791
0.266962
0.919374
16.5725
0
0
0
0.771881
0
0
0.477416
0
0.864409
0
0
0
0.23592
0
0
0
0.0687174
0
1.14342
0
0
0
0.183795
0
2.89625
0
0
0
0
0
0.191271
0
0
0
0
0
0.511738
0.721704
0
0
0.0529628
0.260968
0
0
0
0
0
0
0
0
0
0
0
0
0
0
1.61126
0
0
0
0
0.306419
0
0
0.200051
0
0
0
0
0
0
0.873194
0
0
0
0
0
0
0
7.14085
0
0
0
0
0
0
0
0
0.395568
0
0
0
0
0
0
0.325212
0
0.304843
11.3794
0
0
0
0
0
1.11308
0
0.027179
0
0
1.44098
0
0
0
0
0
0
0
0
0
0
0
0
0.1166
0
0
0
0
0
0
0
0
0
0
0
0.701031
0
0
0
0
1.6082
0.0950883
0
0
0
0
0
0
0
0.432188
0.373765
0
0
0
0.116044
0.139257
0
0
0
0.353024
0
1.01739
0
0.59224
0.365504
0
0
0
0
0
0
0
2.8839
0
0
0
0
0
0
0
2.63283
0
0
0
0.172467
0.188198
0
0
0
0
0
0.186799
0
0.716433
0
0
0
0
0
0
0
2.93576
0.420726
0
0
0
0
0.860139
0
0
0.0197257
0.181962
0
0.0967968
15.8627
0
0.276601
0
0.244442
0
0
0
0
0
0
0
0
0
0
0
0
0
0
0
0
0
0
0
0
0
2.48567
0
0
0
0.0215525
0
0
0
0
0.208634
0
0
0
0
0
0
0
0.205843
0
1.74471
0
18.9539
0.261905
0
0
0
0
0.10281
0
0.559943
0
0
0
0
0
0
0
0
1.04745
0
0
0
0
0
0
0
0
0
0
0
0
0
0
0
0
0
0
0.711911
0.0787794
0
0
0
0
0
0
0
0
13.5429
3.51743
0.715476
0
0
0
0
0
0
0
0
0.453741
0
0
0
0
0.158194
0
0.284247
0
0
0
0
0
0
0
0
0
0
0.0644131
0
1.50945
0
0
0
0.372407
0
2.39342
0
0
0
0
0
0
0
0
0.493625
0
0
0
0
0
2.22011
0
0
0
0
0
0.338618
3.31742
0
0
0
0
0
0
0
0
0.249349
0.104213
0
0
0
0
0
0
0
0.146042
0.160296
0
0
0
2.2513
0
0.186082
0
0
0
0
0
0
0.356241
0
0
3.24967
0
0
0
0
0.092634
0
0
0.748282
0
0
0
0
1.2901
0
0
1.64421
0
0
2.49047
0
0
6.9658
0
0
0
0
0
0
0
0
0.17714
0
0
0
0
0
0.124281
0
0.326604
0
0
0
1.58326
0
0
0
0
1.81157
0
0
0.0434387
0
0
0
0
0
0
0.158408
0
0
0
0.118839
0
0
0
0
0
0
1.79507
0.0631044
0
0
0
0
0
0.268228
0.114946
0
0
22.3826
0.131961
0
0
2.15969
0
0.200084
0
0
0
0
6.94609
0
0
0
0
7.67755
0
0
0.163779
0
0
0
0
0
0
0
0.349653
0
0
0
0.200601
0
1.57943
0
0
0
0.603619
0.0999192
0
0
0
0
0
0
0.200086
0
0.0167527
0
0
0.958401
0
0
0
0
0.52061
0
0
0
0
0.0144649
1.88302
0
0
0
0
0
0
0
0
0
0
0
0
0
0
0
0
0
0
1.01502
0
1.37075
0
0
0
0
1.45445
0
0
0
0
0
0
0
0
0
0
0
0
0
0
0
0
0
0
0
0
0
0
0
0
0
0
0
0
6.19328
0.0394733
0.116847
0
0
0
0
0
0
0
0
0
0
0
0
0
0
1.32878
5.0285
0
0
0
0
0
0
0
0.168687
0
0
0.989391
9.96384
0
4.79097
0
0
0
0.543587
0
0
0
0
0
0.637277
0
0
0
0
0
0
0
0
0
0
0
0
0
0
0
0
0
0
1.3658
0
0
0
0
0
0.171315
0
0
1.03091
0
0
0.105598
0
0
0
22.5887
0.654513
9.55682
0
0
0
0
0
0.262393
0
0
0
0
0.269809
0
0
0
0.610711
0
0
0
0
1.48106
0
0
0
0
0
0
0
0
21.4825
0
0.130119
2.15831
0
0
0
0
0.360998
0
0
0
0
0.0252071
0
0
0
0
0
0
0.195876
0
0
0
0
0
0
2.00914
0
0
0
0.171783
0.121965
0
0.332735
0.665735
0
0
0
0
1.19782
0
0
0
0
0
0
0
0.149745
0
0.86254
0
0.535834
0
0
0.11204
0.834992
0
0
0
0
0
0.0885246
0
0
0
0
0
1.24494
0.672722
0
0
12.9415
0
0.406887
0
0
0
0
22.9835
0
0
0
0
0
0
0
0
0
0
0
0.318839
0
1.84259
0
0
0
0
0
0.297847
0
0
0
0
0
0
0
0.563603
0
0
0
0
0.786958
0
0
0.136638
0
0
0
0
3.09749
0
1.24605
0
0
0
0
0
0
0
0
0
0.247836
0.666299
0.495635
0
0
0
0
0
0
0.383596
0
0
0
0.090603
0
0
1.10798
1.4861
0
0
1.2391
0
0
0
3.78715
0
0
0
0
0
0
0.997084
0
0
0
0
0
2.33554
0
0
0
0
0
0
0.374063
0
0
0
0
0
0
0
0
0
28.7091
0.692993
0
0
0
0
0
0
0.041344
0
0
0
0.00197518
0
0.105357
0.942535
0
0
0
0
0
0
0
0
0.0781463
1.12566
0
0.676873
0
0.310232
0
1.74995
7.04084
0.0170978
0
0
0
0
0.216572
0
0
0
0
0
0
1.56742
0
0.369787
0
0
0
0
0
0
0
0
0.0387445
0
0
0
0
0.190904
0
0
0.086431
0
0
0
0
0
0
0
0
0
0
0
0
0
0
0
0
1.08632
0
0
1.45522
0
0
0
0
0
0
0.433371
0
0
0
0.016044
0
0
0
0
0
0.274837
0
0
0
0.122276
0.142064
0
0
0
1.10452
0
0
0
0
0
0
0
0
0.513647
0
0.997178
0
0
0
0
0.0251045
0
0
0.25743
0.591931
0
0
0
0
0
0
0
0
0.480433
0
0
0
0
1.21541
0
0.956444
0
0
0
0
0
0
0
0
0
0
0
0
0
0.112751
0
0
0.234971
0
0
0
0
1.48351
0
0
0
0
0
0
0
0.8402
0
0.216227
2.16444
0
0
0
0
0
0
0
0
0
0
0
0
0
0.318452
0.606233
0
0
0
0
0.363232
1.35664
0
0
0
0.118912
18.8783
0
0
0.0822491
0.480127
0
0
0
0
0
0
0
0
0
0
0
0
0
0
0
0.092069
0.399559
0
0
0
0
0
0
0.886746
0.649955
0
0.557619
0
0
0
0.00477606
0
0
0
0
0
0
0
0
0
0.385699
0
0
0
0
0.0666774
0
0
0
0
0.776828
1.74719
0.0672945
0.0771351
0
0
1.48499
0
0
0
0.287169
0.538434
0.714908
0
0.134036
0
1.30754
0.771247
0.140593
0
0
0
0
0
0
0
0
0
0
0
0
0
0
0.0827597
0
0
0
0
0
0.255548
0
0
11.0757
0
0
0.0562215
0
0
0
1.65453
2.16182
0
0
0.321845
0.486029
0
0.757174
0
0.635326
0
3.90873
0
0
0.834577
0
0
0
0
0
0
0
1.48375
0
1.13213
0
0.820826
0
0
0
0
0.100477
0.791917
20.1361
1.86978
0.347292
0
0.438181
0
0
1.74159
0
0
4.58491
0.124891
0
0
0
0
0
0
0
0
0.843418
0
0
0
3.71889
1.23221
0
0
0
0
0.522846
0
0
0
0
0
0.460657
0
0
0
0
0
0
0
0
0
0
0
0.117172
1.02804
0
0
0
0
0
0
0
0
0
0
0
0
0
0
0.461594
0.147535
0
0
0.741875
0
0.304611
0
0
1.00941
0
0
0
0
0
0
0
0
0
0
1.47493
0
0
0
0
0
0.529514
0
3.90978
0
3.12082
0.233739
0
0
0
0
0
0
0.280898
1.20461
0
0
0.0138138
0
0
0
0
0
0
0
0
0
0.237359
0.485283
10.9155
0
0
19.3211
0
0
17.6763
0
0
0
0
1.03095
0
0
0
0
1.51853
18.4836
0.128133
0.0328092
0
0
0
0
1.36707
0
0.15434
0
0
9.1365
4.00973
0
0
0
0.101215
0
0
0
0
0
0
0
0
0
0
2.01758
0
0
0
0
5.00173
0.254375
2.59802
0
0
0
0.156752
0
0
0
0.0306566
0
0
0.529988
0.0645547
0
0
0
2.28144
2.49625
0
0
0.0996853
0
0.0254425
0
0
0
0
0
0
0
0
0.0386955
0
0
0
0
0
0
1.35202
0
0
0
0.0988896
0.129092
0
0
0
1.16954
0.510999
0
0
0
0
0
0
0
0.0102931
0
0
1.16657
0
0
24.7662
0
2.60093
0
0
0
0
0
16.2641
0.684485
0.102313
0
0
0
0
0.331709
0
0
0
0
0
0.0852576
0
0
0
0
3.41956
0.507889
0
0
0
0
0
0
0
1.09887
0
0
0.405652
0
0
0
0
2.6317
0
0
0
0
0
0
0.0139744
0
0
0
0.215369
1.14956
0.104413
0.860655
1.18844
0
0
0
0
0
0
0
0
0
0.639265
0
0
0
0.821176
0
25.4507
0
0
0.8806
0
0
0
0
0
0
0
0
0
0.0211683
0
0
0
6.33299
0
0
0
0
1.09668
0
1.81231
0
0
0
0
0
0
0
0
0
0
1.20673
0
0
0
0
0
0
0
0
0
0.633128
0.0866154
0
0
0
0
0.224885
0
0
3.36043
0
0
0
1.39784
0
0
0
0
0
0
0
0
0
0.466543
0
0
0
0.621557
0
0
0
0
0
0.0868034
0.576568
0
0
0
0
0.247431
0
1.19559
0.141973
0
0
0
0
0
0.600455
0.231993
0
0
1.06123
0
0
0
0
0.290218
1.32402
0
0
0
0
0
0.897047
0.274741
0
0
0
0
0.0532795
0.268062
0
0
0.191291
0
0.935475
0
0.172292
0
0.441628
0
0.324822
0.194257
0
0.00168416
0
0
0
0
0
0
0
0.723082
0
0
0.0172942
1.9846
0.665175
0.102036
0
0
0
0
0
0
0
0
0
0.309922
0.0313201
0.174808
4.08276
0
0
0.207527
0.13798
0
0
0.149093
0
0
0
0
0
0
0
0
0.596802
3.91041
0
0
0
0
0
0
0
0
0
0
0
0
0.645962
0
0
0
0
0
0
0
0
0.344758
2.76087
0
0
0
28.702
0
0
0.116445
0
0
1.57435
0
0
0
0
0
1.23214
0.00370079
2.96034
0
0
0.535324
0
0
0.207779
1.9075
0
0
1.57031
0
0
0
0
0.274977
0
0
0
0.0329919
0
0
0
0
0
0
0
0
0
8.9486
0
0
0
0.932209
0
0
0
0.756985
0
0.522444
0
0
0
0
0
0
0
0
0.115464
0
0
0
0
0
0.865127
0
0
0
0
0
0
0
19.3921
0
0
0
0
1.20472
0
0
0
0
0
0
0
0
0
0.116402
0
0
0
0.0556562
0.273147
0
0
0
0
0
0
0.268255
0
0
0
0
1.93797
0
0
0
0
0
0
0
0
0
1.35926
0
0
0.605494
2.30092
0
0
0
0
0
0
2.06169
0
0
0
0
0
0
0.567828
0
0
0
0
19.4222
1.82818
0
0
0
0
0
0
0
1.21744
0
0
0
0
0
0
0
3.31492
0
1.61402
0
1.75332
0
0
0
0
0.3481
0
24.1119
0
0
0
0
0
0.601635
0
0.0702435
0
0
0
0
0
0.625501
0.862213
0
0
0
0
0
0.015419
0.29594
0.312845
0
0
0
0
0
0.208689
0
0
0
22.1157
0
0
0
0
2.03759
0
0
0.140832
0
0
0.465395
0
0.316253
0
0.620762
1.38029
0
0.17402
0
0
0.182574
0
0.0328331
0
0
0
0
0.986048
0
0
0
0
1.51466
0
1.21694
0
0
0
0
0
0
0
0
0
0
0
0
0
0
0
0
3.18189
0
0
0
0
0
0.0856054
0
0
1.4306
0
0.00580432
0
0
0
0
0
0.0494166
0
0
7.624
0
0
0.30938
0.0483096
0
0
0.193285
0
0
0
0
0
0
0
0.503274
0
0.0267143
0
0
0
0
0.0216234
0
0
0
2.27427
0
0
0
0.981883
0
0
0
0
0
1.38271
0
0
0
0
0
1.61509
0
0.226654
0
0
0
0.209659
0
0
0.140658
0
0
0
0
1.36167
0
0
0
0
0
0
0
0
0
0
0
7.6234
0.412658
0
0
0
0.127651
0
1.03691
0
0
0.33868
0
0
0
0
0
0
0
0
0
0
0
0
0
0.356895
0
0
0
0
0
2.24615
0.915755
0
0
0
0.635159
0
2.26285
1.55723
0
0
0
0
0
0
0
0
0.361457
1.06893
1.33989
0
0
0
0
0
0
0
1.61346
1.25205
2.35168
0.515617
0.0348177
0
0
0
0
0
0
1.11663
0
0.843309
0
0
0.440221
0
0
0
0
0
0
0
0
0.456113
0
0
0
0
0
29.5227
1.33609
0
0
0
0
0
0
0
0
0
0
0
0.136656
5.93374
0
0
0
0
0
0.0770736
0.895031
0
0.756989
0
0
0
0
0
0
0
0
0
0
0
0.0698733
0.0916024
0
5.0163
0
0.502965
0
0
0
0
0
0
0.0247887
0
0
3.8567
0
0.413567
0
6.45704
0
0.0845153
0
0
2.51675
0
0.340395
3.41658
0
0
0
25.4226
0.0420072
0
0
0
0
0
6.42682
0
0
0
0
0
0
1.28839
0
0
0
0
0
5.33916
0
0
0.0289338
0
0
0
0
0
0
0
0
0.45456
0.812519
0
0
0
0
0
0
0
0
0
17.8983
0
0
0
0
0
0
0
0
0
0
0
0
2.16476
0
0
0
0
0
0
0.767798
0
0.832755
0
0
0
0
0
0
0
0
0
0
0
0
0
4.6771
0
4.20609
0
0
0
0
0
0
0.426206
0
0
0
0
0
0
0
0
0
0
0
0
0
0
0
0
0
0.146687
0
1.07298
0
0
0.178696
1.05457
0
1.46083
0
0
0
0
0
0
0.0687371
0
0
0
0
0
0
0
0
0.156575
0
0
0
0
0
0
0
0.490009
0.737993
0
3.81155
0
0
0
0
0
0.827858
0
0
0
0.1888
0
0
0
0
0
0
0
0
0
0
0
0
0
3.46961
0
3.1057
0.194912
0
0.448205
0
0
0
0
0
0
11.1756
0
0
1.01223
0
0
0
0
0
0
0.237039
0
0
0
0.238263
2.18561
0
0
0
0
0
0
1.98161
3.3259
0
0.368245
0
0.124281
0
0
0.04295
0
0
0.102708
0
0
0
0.850786
1.25193
0
0.56238
0.137878
0
0
0.101722
0
0
0
0.504349
0
0
0.130674
0
0.571629
0
0
0
0.363785
0
0
0
0.793487
0
0
0
0
0.984883
0
0
0
0
0
2.70639
3.71189
0
0
0.109298
0.578244
0.764693
0
0
0
0
0
0
0
0
0
0
0
0
0
0
0
0
0
0.112416
0
0
0
0
0.941686
0
0
0.251329
1.1972
0.408835
0
0
0
0
0.65559
0
0
0
10.5311
0
0
0
1.71449
0
0
0
0
0
0
0
0.0655377
0
0
0
4.5822
0
0
0
1.59167
0.134177
0
0
0
0
0
0
0
0
4.15876
2.44067
0
0
0
0
0
0
0
1.273
0
0
0
0.876943
0.214019
0
0
0
0.181707
0
0
0.368074
0
0
0
0
1.09903
0
0
0
0
0
3.99183
0.260431
0
0
0
0
0
0
0
0.179499
0
0.966687
0
0.457232
0
0
0
0
0
0.185186
0
0
0
0
0
0
0
0.0860015
0
0
0
0
0
0
0
0
0
0.549934
0.61578
0
0
0
15.957
0
0.612551
0
0
0
2.69445
0
0
0.546445
0
0
0.136171
0
0
0
0
0.0934689
0.16252
0
0
0
2.00031
2.30485
0
0
0
0
0
0
0
0
0.841756
0
0.0872661
0
0
0
0
0
1.10214
0
0
0
0
0
0
0.325573
0
0
0
0
0.142029
0
0.0328766
0
0
0
0.570482
0
0
0
0
0
0
0
0
0.152159
0
3.14447
0
0
0
0.491819
0
0
0
0
0.102577
29.5366
0
1.41131
0
0
0
0
0
0
0
0
0
0
0
0
0
0
0
6.22649
0
0
0
0
0.603062
0
0
2.86919
0
0
0
2.59947
0.134507
6.106
0
0
0
0
0
0
0
1.43285
0
0
0
3.55983
0
0
0
0
0
0
0
0.556598
0
11.304
0
0
0
0
6.73468
0
0
0
0
0
0.192819
0
0
0.99103
0
26.9946
0
0.825788
0
0
0
0
0
0
0.597159
0
0
30.1669
0
0
0
0
0
0
0
0
0
0
0
0
0
0
0
2.56283
2.28725
0
0
0
0
0
0
0
0.802621
0
0
0
0
0
0
0
0
2.44408
0.139215
2.03115
0
0
0
0
0
0
0
0
0
0
0
0.297615
0
0
0
0
0.199319
0.340943
0
0
0
0
0
0
0.419064
0
0
1.15941
0
0
0
1.76587
0
0
0.719712
0
0
0
0
0
0
0
0
0
0
0
0
0
0
0
0
0
0
0
0
0
0
0
0.021841
0.118961
0
0
0
0
0
0
0
0
0
0
0
0
2.44548
0
0
0
0
0
0
0.83677
0
0
0
0
0
0.122537
0
0
0
0.648859
0
0
0
0.136911
0
0
0
1.57632
0.152777
0
0
0.0659958
0
0.329158
0
0
0
0.61219
0.216861
0
0
0
0.351384
0
0
0
0
0
24.9181
0
0
0
0
0
0.0971304
0.493376
0
0.147438
0.181543
2.25324
0
5.8436
0
0
0
0
0
0
0
0
0
0
0
0
0
10.9502
0
0.679111
0
0
0
0
0
0
0
0
0
0
0
0
0.816238
0
1.10321
0
0
0
0
0
0
0
1.73843
0
2.61642
0
0
0
0
0
0
0
0
0
0
3.43527
0
0
0
0
0
2.15269
0
0.52907
0
0
0
0.315785
0.242533
0
0
0
3.94806
1.62213
0.418406
0
0
0.794942
0
0.146842
0
0
1.86632
0
0
0
1.63853
0
0
0
0
0.156319
1.35139
0
0
0
0
0.189824
0
0
17.3473
0
0
0
0
0
0
0
0
0
0
0
0
1.55593
0
0
0
0
0.938454
0
0
0
0
0
0
0.23759
0
0
0
0
0
0
0.145956
0
1.64785
0
0
0
1.84731
3.02547
0
1.70366
0
0
0
0
0.361395
0
0
0
0
0
26.3409
0.131201
0
0
0
0
0.869543
0
24.7088
1.34268
0
0
0.0513556
0
0
0
0
0
0
0
0.484541
0
0
0
0
0.751752
0
0
0
0
0
0
0
0
0
0
0
0
0.880775
0
0
0.212039
0
0
0
0
0
0
0
23.7637
0.724485
0
