37.2122
35.7579
8.4284
35.6405
36.1333
36.3277
35.7524
34.451
39.5296
33.3205
33.0157
17.5174
25.366
20.8814
34.602
25.698
13.1219
40.6064
30.0405
17.8441
20.7593
20.5837
35.282
28.7686
32.5385
41.4578
22.9072
38.3673
22.0933
39.3538
32.1341
31.0731
29.4719
40.0238
44.5976
32.3941
28.2365
32.9067
38.02
26.5755
42.9321
18.0978
29.5586
43.0811
34.6138
29.0502
37.4799
36.0905
35.6875
19.7627
26.1721
33.4471
29.3177
37.1854
30.8346
35.3429
16.4677
32.9056
29.1585
37.3112
43.0233
42.2804
27.0154
35.3402
26.8628
30.6913
30.3903
29.2844
33.6076
39.7473
38.5573
35.0082
37.0093
18.5576
40.7996
32.2061
30.1791
33.6757
36.0058
33.8166
30.2741
34.5806
41.4383
31.0707
26.3861
32.6799
45.3717
25.9261
40.8074
43.0447
35.1477
41.6571
30.3849
30.7884
27.2564
15.999
14.8309
37.4687
41.4297
29.9293
35.002
22.8787
32.7799
41.9979
40.8829
39.5734
23.4479
42.7804
42.8261
37.6152
30.9991
19.3911
34.4681
40.7219
15.8069
42.0203
31.5986
37.2901
39.6068
44.7656
26.859
42.4949
14.2415
40.5632
23.591
12.1419
36.4865
41.6535
27.8894
30.065
29.913
42.5385
35.6173
32.9029
30.4053
16.0212
35.2049
19.9983
5.95133
35.9204
24.2004
30.4147
26.3882
46.1128
37.4899
38.0827
20.4086
40.9169
20.1525
41.5021
27.509
18.851
39.0847
38.593
38.8253
32.1102
40.1714
23.2789
41.7609
27.2521
43.6303
17.3511
38.4618
33.1055
25.5055
30.4083
27.3312
41.0848
32.4672
21.3111
21.5284
39.8193
34.5767
13.7266
33.5795
28.5858
23.7331
26.5943
37.1285
36.6448
32.4127
10.592
29.1705
32.767
44.3439
26.5935
35.218
39.9858
45.3543
28.5256
34.0937
38.0865
34.7158
28.9755
35.9155
37.6092
32.1054
26.5235
37.001
44.1932
36.1099
18.4549
25.1927
34.9741
33.1413
39.8002
48.1231
43.5272
32.3053
21.8977
38.952
23.6255
31.8513
26.1522
33.8033
32.2777
36.3128
38.7719
24.7469
41.0837
35.6359
39.4901
33.2804
26.0044
26.1682
18.9106
25.0003
19.7925
20.1202
27.9541
28.278
32.9601
28.3637
22.6789
33.4879
45.201
28.8607
30.7537
14.7855
36.577
29.9105
33.288
27.4265
34.0676
37.4011
27.912
24.461
38.591
39.7422
17.3861
37.0121
44.2718
18.731
35.7228
43.2978
39.9165
32.9338
46.6103
24.9273
23.8321
32.0566
35.2247
33.0947
30.4121
35.3143
28.188
30.6773
32.052
42.7778
34.7802
41.9719
37.6349
37.2952
40.931
16.1377
35.8498
42.2632
38.8112
37.7195
17.5106
24.9561
28.9588
39.6113
30.469
41.4364
34.7498
29.5049
38.8749
41.4009
30.9073
33.0962
41.6965
28.0439
33.6254
43.7462
27.1042
26.0564
24.6076
35.1911
35.4333
26.6617
36.1058
41.2602
37.758
38.7126
25.8119
39.2189
26.9076
38.0613
22.024
33.3671
43.3731
32.8129
22.8986
44.287
40.117
41.4405
33.6499
22.8702
27.7199
32.1986
32.9966
36.2024
32.8008
32.7428
28.1288
9.2224
18.6678
27.9849
39.0007
18.4169
30.7402
38.6828
26.6836
41.9994
18.9985
42.2043
26.6622
35.5114
35.2148
38.4603
41.7257
39.863
26.7561
33.936
28.421
37.729
31.1516
19.5794
23.0911
29.7306
27.7941
33.3346
37.032
42.4817
35.616
25.4416
32.4873
30.9233
38.6525
35.1899
23.3123
33.0293
33.996
39.8801
35.311
39.658
40.2736
10.8573
38.3251
25.6129
39.307
12.7865
14.3838
34.6076
24.2405
23.4002
27.1949
40.9241
27.2424
20.0766
40.5587
47.2142
35.7602
29.2028
36.7237
38.4134
42.3437
43.8427
32.9549
34.2183
31.691
36.6284
37.8997
37.5457
26.1061
38.4991
33.5347
38.599
30.15
37.8641
43.6443
43.7851
42.7215
44.2185
34.0939
28.2748
47.0961
29.182
15.6706
34.2128
37.0977
35.7727
41.7776
40.9524
34.3131
42.0553
47.5971
41.0795
34.589
31.9423
41.8134
23.7701
40.428
22.8846
32.9283
38.9418
42.7127
39.5204
44.1116
18.6172
33.9746
25.6003
27.7639
42.7043
30.0992
45.0101
37.9779
17.7357
33.1136
36.2074
38.1341
29.2361
19.8625
32.3626
37.6659
28.296
34.3534
38.9021
26.0741
37.9261
31.9652
14.7371
28.851
29.8181
33.7072
43.9702
34.5363
35.8469
30.1395
12.0452
34.2511
18.4003
24.5736
20.8811
30.3163
39.7297
38.867
43.3148
34.1812
20.8636
46.2229
23.1609
35.1156
38.6857
43.8017
18.6177
26.8603
42.0251
28.5466
40.1948
37.4047
35.9494
34.0505
27.0086
23.2244
31.8411
25.3551
32.8232
34.1594
29.2653
27.6923
36.5016
29.7263
31.6806
37.8755
28.7288
22.2365
15.985
40.4225
23.8413
36.4302
34.7815
43.278
42.4394
43.6037
25.7726
32.7891
35.7097
12.9662
15.1371
28.6029
36.0554
40.1601
33.8955
23.5224
13.7281
46.0983
30.651
34.2826
21.8638
36.6679
41.9228
36.5274
32.7904
32.9645
40.5128
35.9449
36.5029
31.2085
13.8226
28.1298
47.6076
27.9317
31.5134
36.0207
26.1497
19.3597
40.1416
17.2544
27.2969
28.1194
32.0825
38.5646
35.2856
27.7351
36.3702
33.6312
12.9392
27.9196
42.9172
24.8556
32.4167
13.3346
42.047
38.2193
30.4079
30.8439
27.1817
41.4837
27.4737
42.8974
21.0088
40.3996
45.7952
44.2024
22.2414
14.626
8.6418
27.6996
36.2967
24.9027
33.3788
33.6747
38.0291
29.4436
40.7677
38.4424
30.2551
27.8194
33.3984
26.1036
42.5115
24.8865
38.9175
30.8635
46.0239
25.6458
40.0975
27.6932
39.8096
37.0297
29.6455
35.0533
42.9584
38.2512
29.7898
38.8273
28.4379
30.0694
43.8866
42.0619
33.1255
20.5326
31.7491
28.36
22.6115
25.9059
38.057
33.4407
11.2512
40.3764
29.5112
39.2431
17.8072
22.4231
27.3251
39.1497
36.7636
29.5204
33.7175
14.2608
29.086
41.5208
25.4458
20.4123
27.6157
39.3787
33.9565
29.9674
42.405
14.9206
47.4095
27.6506
15.6431
31.4178
42.484
27.4104
35.4097
36.2753
30.1742
19.8591
17.7608
33.09
23.1763
39.1101
34.3719
33.2353
42.5005
37.9795
39.2316
31.0093
37.6325
31.6804
44.8632
30.2875
43.7675
30.0113
34.138
32.1534
44.1642
24.6755
41.8203
28.7337
40.6911
48.0332
25.8674
36.3034
31.9486
33.5726
32.1543
20.2191
33.0986
34.2599
36.3189
22.3152
43.551
49.0934
41.2723
37.8943
30.3547
23.5515
45.3702
27.8457
39.4071
42.847
27.1994
27.3949
23.8195
25.9391
30.3496
28.7925
36.2464
34.7803
29.1918
31.2831
22.2713
26.9866
23.7166
28.6881
41.5332
41.7258
44.4704
26.5323
40.0864
24.4171
44.5714
30.5697
33.6431
40.2091
23.121
39.4241
41.4702
39.2475
32.8167
44.4223
34.0184
31.0751
19.9553
14.6093
25.5138
36.8831
37.7378
34.414
18.6204
33.9653
31.1166
31.5801
31.98
37.0717
29.9519
22.7455
38.2463
47.7097
22.7619
29.3097
42.6593
38.1983
34.6378
39.5095
13.6141
31.2694
23.5786
40.7516
23.0831
35.0928
27.8933
35.3021
28.5428
24.5079
34.0451
39.2394
33.4047
29.0439
35.2107
31.6755
28.5282
32.1431
34.6589
31.033
21.3593
42.5543
19.2819
20.915
24.7397
37.2249
35.7004
34.9042
29.4774
33.1792
36.6339
23.8111
37.6459
30.866
31.2019
19.116
29.0583
36.2068
30.0721
26.0524
20.5578
26.0186
34.1478
20.1511
46.2901
46.346
37.3666
37.447
35.4088
23.1033
33.0148
23.214
33.9257
23.5828
41.9436
29.841
12.3737
13.7896
19.65
32.9384
36.4627
37.413
44.6317
24.4137
28.2173
39.7678
37.1388
36.7591
34.5841
31.4436
36.8187
35.4082
35.7207
10.2647
26.7912
27.3045
29.748
37.6461
27.7561
44.9042
13.9106
35.2288
20.9264
26.2814
35.0017
43.0406
21.6433
20.7737
22.3039
41.5253
29.705
42.7485
36.514
36.1862
29.3422
23.9271
15.3252
27.8155
25.4187
34.6603
36.5575
17.958
36.826
35.375
24.6362
30.0021
20.0837
43.3986
29.2643
41.1907
36.4773
18.4522
37.3344
35.5193
41.0718
35.8407
36.3118
14.5649
29.2191
28.4744
26.8018
36.7852
18.7547
25.7775
40.7029
38.5848
21.4674
25.2156
39.2442
33.8659
28.5428
32.0784
41.9571
41.8023
24.817
37.9711
26.013
50.3373
27.8257
32.3399
28.5663
24.3674
34.4628
34.1651
36.1955
29.8368
39.1961
23.2617
32.3019
40.7356
17.9089
38.5495
26.1073
43.7466
27.4484
40.7682
40.4699
38.9701
19.3717
34.7149
41.4346
37.503
26.1145
27.983
35.8206
36.4989
29.7004
29.5841
35.4249
38.0016
28.9192
32.7565
32.1451
48.0119
38.5081
36.0458
35.8422
24.6392
26.7795
30.9455
35.5718
42.6887
41.7301
17.797
43.1073
27.5191
42.1013
41.8096
34.5293
29.4179
20.9921
19.1538
37.3266
38.1883
39.7986
32.308
27.2904
18.1788
14.9772
37.2061
19.4415
37.9354
29.0132
33.0613
23.8112
29.903
21.4225
43.3885
6.41567
21.7888
41.3219
16.7085
43.4141
30.4994
36.9552
40.3523
37.1553
34.6007
39.019
25.6608
42.6088
26.2762
30.4436
26.8271
28.6006
28.634
43.2953
40.2507
24.0669
38.5138
34.7898
33.7919
31.9816
33.4525
30.0749
15.6745
34.0517
22.6495
30.4368
44.366
29.376
29.6325
43.278
16.741
30.0901
39.4328
39.6808
24.8629
31.9099
41.6946
41.3478
36.4099
28.6658
35.6091
27.115
40.961
36.8896
21.1513
35.7193
40.6054
36.8489
37.3387
26.5834
34.8768
37.7544
29.4081
24.4103
20.3563
29.1173
37.6361
32.5115
20.3687
40.6672
28.6175
35.3968
30.8139
22.5309
16.4247
41.0143
44.1144
37.6954
26.6045
24.1269
28.6725
21.5473
45.2938
25.599
36.6681
14.8152
23.0932
24.5939
31.3526
37.8378
28.0882
13.7702
42.2009
37.9731
27.9373
45.3074
23.7659
40.1526
25.1684
33.0355
34.1351
37.1595
43.8047
28.5907
35.0568
44.6639
37.0746
23.7091
36.0634
28.2274
28.9804
44.0229
21.254
39.9394
31.825
42.3178
41.0237
44.3115
25.5301
37.7243
42.3936
28.5483
33.7083
42.6055
31.9879
34.2719
33.7264
25.2656
20.6691
38.7319
43.0731
29.4637
39.4495
36.7845
38.7603
35.3444
45.0073
22.5676
43.8974
31.5107
41.2402
30.8564
29.4169
30.5979
26.578
33.7465
32.0725
21.4254
33.5548
33.8435
41.8468
20.1199
47.5016
42.5793
31.3979
29.6881
18.4045
35.3393
30.1168
48.9187
31.6183
30.8214
32.2508
41.4135
20.0117
28.4143
11.1962
30.6441
21.5823
37.4743
37.836
41.5373
26.6338
23.0153
31.5315
27.3756
36.5298
31.2519
35.0256
33.8848
47.8755
26.7877
42.6232
41.3504
41.7314
42.7715
26.7784
37.148
37.8676
38.2007
31.8213
32.4646
26.0974
42.6468
21.1776
41.1335
32.088
32.8823
31.4554
31.9407
34.183
35.8609
33.8436
32.8279
22.0228
34.6663
30.4948
31.8978
22.3263
47.9962
45.3239
39.5005
37.235
34.0213
37.6642
44.8669
39.8659
18.6945
31.7466
29.8428
31.7078
25.8527
35.384
42.6468
44.4508
35.1983
33.7987
21.8942
26.8478
31.4386
23.5241
34.8559
25.7574
29.5856
37.2916
33.853
18.9285
34.2056
22.1976
39.798
20.231
36.5374
24.6647
36.2729
39.1318
40.0654
22.6982
37.6457
32.9552
36.0775
19.9073
37.4386
16.5426
18.3937
26.2731
41.7417
35.8764
17.4693
42.0383
40.2241
29.2685
27.5258
30.6426
24.8196
26.2052
26.1768
43.4455
28.4607
33.5954
30.0194
38.9568
29.3006
27.789
35.8431
35.181
42.8425
34.7098
20.9591
28.5483
39.2025
29.1509
40.6706
18.2564
24.2281
33.6631
32.8526
23.4556
33.4446
30.2655
19.118
40.2936
31.5117
30.1558
28.264
17.4631
15.5466
32.8057
40.1004
30.0922
36.5669
30.4355
27.5685
29.4288
32.0818
20.2093
33.328
40.3073
32.914
22.9852
24.1265
31.9321
28.0558
27.8967
24.9103
27.7598
27.5426
42.8855
36.5178
24.0039
16.763
35.7503
37.0953
44.1899
29.2391
34.7555
42.6332
33.075
29.5337
26.6108
40.2178
37.2902
38.4957
26.2737
28.672
26.616
37.0898
20.5858
26.1925
31.2798
17.9317
32.4069
39.6777
38.7488
28.6258
35.5175
42.3823
40.261
30.8862
32.5923
35.635
34.6078
22.2676
33.9834
13.4888
30.1658
35.3912
30.3408
38.5287
33.9596
40.2657
42.9439
32.8703
24.4959
34.6938
27.6007
36.8875
13.1793
35.4664
44.0712
33.7187
17.0103
25.6649
16.5332
33.0199
25.4547
36.6217
40.3886
32.1019
30.6084
26.6155
27.9592
45.2167
34.1678
38.1736
18.7863
28.0516
35.9871
30.2495
41.2667
37.4879
19.603
27.156
35.8287
31.9356
34.4621
30.6634
32.9904
45.0433
46.0151
44.8499
43.446
30.5055
40.7214
36.4061
19.5929
25.6436
39.13
44.0915
41.1916
19.7434
41.9268
39.1831
37.4495
45.1098
33.9759
29.2381
30.8037
45.2181
27.9075
15.1463
37.1873
43.8252
29.9132
9.31438
33.4348
22.4702
28.0202
41.2299
39.4342
36.8919
27.6768
20.4496
37.1292
27.376
30.8118
24.1853
23.2652
20.0904
31.9962
18.6605
30.8034
32.2936
33.138
34.0619
38.9598
29.8183
43.2049
35.1039
29.1741
39.5113
30.1495
27.6002
36.0729
25.1593
43.2238
36.1478
34.4069
27.5609
30.5565
45.0963
37.4176
23.0964
35.893
19.8861
26.2867
31.6662
29.8274
35.5837
27.4939
24.0686
39.0597
38.6168
31.4177
37.1894
36.4011
37.3549
40.2273
34.478
38.7773
23.5549
34.2428
32.5705
15.217
38.686
33.1899
21.8049
37.237
46.2847
11.9267
32.1611
36.1356
25.4627
32.0729
41.5379
35.4292
36.1887
32.1218
30.5847
18.3956
38.8216
44.1101
38.5559
29.3827
42.0787
29.0066
43.0978
41.3359
37.6531
29.0991
21.274
23.207
23.3582
18.8286
33.0002
45.0603
40.949
38.1774
25.9734
38.0607
31.8382
14.0851
26.5848
35.4904
40.418
35.6749
23.7699
30.7946
40.7471
37.6875
24.2749
30.0607
33.4927
37.9756
18.5693
27.5085
41.9705
33.1036
40.6722
23.483
35.8566
31.7304
39.3207
29.2583
36.9865
31.8108
38.842
33.275
31.4445
37.2495
43.5495
17.3956
24.9438
20.8674
31.4259
27.099
29.8186
43.5028
27.7885
30.0266
40.3723
38.2551
44.6457
35.9842
37.4081
39.7958
27.5279
29.5464
29.4395
19.7487
35.6155
39.3924
36.0735
40.067
45.4086
24.2464
37.6942
40.9389
25.9904
28.5241
24.4572
29.3863
28.6132
28.8931
36.0028
39.6435
34.6401
31.418
20.7601
24.024
29.2247
25.0485
38.8289
37.9304
27.0207
10.6091
47.876
35.0886
32.8074
18.9828
37.1592
40.079
39.1925
32.2296
39.4664
38.0177
13.8758
37.6404
36.6186
46.6153
36.2971
39.2849
28.3988
30.4969
17.0876
43.1389
39.9908
36.0136
32.7498
24.841
21.6407
37.7244
22.5068
33.9481
29.4258
41.881
37.8078
41.6917
33.5865
43.3721
43.8658
23.2984
35.7563
41.7958
30.3997
35.8981
40.0882
33.2068
33.5264
32.6106
28.3342
32.6189
34.896
40.1066
37.5288
40.1339
35.2295
28.1895
27.5493
26.8649
42.0723
42.3383
31.1371
43.1925
26.6322
36.3946
27.9538
24.1675
16.6547
32.9976
41.1828
39.1792
39.4212
24.5799
30.2198
34.5317
35.301
37.5485
32.5132
38.8442
20.5759
28.6318
38.5561
15.6153
36.9495
38.5811
30.2015
19.7224
38.6896
39.5799
20.4861
35.1472
26.8254
29.0697
25.4169
34.0568
18.4406
30.5613
27.5646
37.0069
37.9838
27.2923
44.6173
35.8204
25.0249
26.4002
35.8765
41.7124
32.5779
36.7703
30.1819
35.1009
21.3472
40.6985
26.8319
36.5244
30.4587
16.0654
32.0406
32.9983
31.296
31.0256
33.7661
30.0837
41.6598
22.6523
25.2689
32.1759
27.8564
34.0348
31.1135
23.4465
33.0159
25.7607
35.0854
37.5636
31.0445
44.9386
26.3924
24.4758
34.7558
31.5432
43.2523
28.9435
45.6736
14.8785
43.1217
41.3413
32.5555
40.4018
25.6122
36.7009
28.3217
31.7921
26.3606
36.324
17.9252
43.321
33.7369
28.5887
30.7262
38.6202
19.6161
40.7231
35.4614
32.5974
31.7315
21.97
46.6608
33.3298
45.4114
46.0772
36.3131
38.9124
14.7689
19.2679
16.3063
38.0998
14.2727
34.9643
24.7899
33.4701
43.825
37.2727
44.2334
30.5262
39.2722
36.3558
45.2986
23.9769
23.6828
34.745
32.6312
31.3658
22.3913
35.5525
45.7593
30.8293
32.4551
23.159
34.0308
10.3834
47.4844
27.5407
41.1932
27.2536
43.6171
22.6101
41.9953
45.3777
14.3158
21.3614
36.9271
40.6796
10.2071
32.7853
21.7906
20.708
28.4522
41.8245
26.0559
27.3056
33.4832
31.2643
26.4393
36.3229
41.244
23.8268
38.7132
41.1351
26.6616
35.1192
29.8351
34.8198
46.6643
31.6265
42.0108
33.783
40.9515
26.4961
31.6062
46.4178
43.791
24.318
28.5002
38.2419
22.8143
40.0907
25.9806
40.6479
39.1412
30.8346
45.2823
29.9375
38.2176
25.9089
43.4826
44.306
13.377
40.4459
30.68
39.6848
32.4017
29.3794
26.2534
38.6677
42.1966
35.4625
41.2607
36.8353
30.3444
31.9329
33.3297
25.9391
47.3372
40.1813
15.7141
37.6085
45.2342
43.3009
33.9659
31.0775
31.317
13.6726
19.6978
35.4689
19.9852
26.7383
32.9894
38.7511
40.0072
34.9617
43.2541
24.2494
35.5333
35.2898
33.0288
39.9523
40.2825
41.3021
24.6611
36.7843
24.7053
32.5901
27.9321
44.3305
25.1388
30.2642
38.0609
32.4762
39.4266
39.726
41.1992
34.8794
32.7922
26.1872
13.9509
26.0357
25.6381
45.5589
20.3632
35.2533
32.5359
29.0243
35.8826
31.6561
31.5451
39.2114
31.4157
13.2848
33.3402
34.9871
26.6778
42.8522
37.1461
36.0077
27.2449
34.8605
41.8498
39.1631
38.246
31.4023
34.1324
25.0652
32.4707
42.8201
34.6487
35.7409
24.4087
41.1904
28.5527
33.6311
27.8128
37.4215
36.1767
26.248
30.0698
35.5108
41.3396
37.0332
30.6846
42.8034
32.7476
25.6441
45.2163
40.4691
33.2794
45.5555
39.1675
34.1821
41.7517
26.2745
28.7922
36.1633
34.1209
15.5459
28.0773
31.4321
35.7732
28.4159
22.356
35.4095
32.6951
35.9671
36.7854
38.159
38.8192
31.3736
28.3043
30.2969
19.3323
44.3146
23.121
37.2538
43.4035
27.7987
32.8272
25.7206
43.3322
27.3741
38.2179
39.2598
22.4808
30.2138
32.3009
38.9742
31.0799
22.5449
44.686
39.7864
23.2862
46.5351
25.7041
31.1394
28.2454
35.483
33.0857
23.3225
45.0545
35.9336
38.34
19.9531
27.9312
33.805
35.3594
42.9617
22.7679
17.5416
15.6122
42.8254
23.6605
32.0868
21.9158
34.6966
38.909
31.1636
28.1307
39.822
25.5119
16.791
37.1308
26.2928
26.6168
35.9214
21.3116
25.2809
6.46965
21.3915
36.1674
30.2263
41.3664
32.1451
47.7788
31.2337
28.57
34.8605
29.433
17.4032
43.674
27.8279
34.2349
35.9098
39.6229
39.2401
43.0547
40.3441
40.5146
29.8699
41.8553
30.808
42.0582
38.0764
41.0665
30.8228
38.8524
32.1927
32.707
37.0922
35.2583
12.9967
39.8444
31.4895
26.4438
12.0834
26.9414
21.9705
37.1384
31.4174
23.7799
23.2038
30.4326
27.4846
11.0433
23.4115
37.9578
34.9672
29.3365
44.7484
41.9613
37.304
30.8232
18.7252
26.1145
32.4216
39.5732
9.35175
45.4324
37.1105
33.0361
43.9745
39.8801
18.237
40.1353
45.5699
30.4498
25.9993
34.9184
35.1314
28.0807
38.6091
36.1542
40.611
25.0481
34.3063
42.2103
31.0234
38.9974
30.0284
35.6597
19.9437
24.6011
29.1308
32.8144
26.059
28.9377
38.7773
33.7967
36.2143
37.2753
41.8001
38.4033
44.4289
32.2226
27.1178
37.2735
19.4229
11.2408
31.073
15.3374
33.4133
32.4704
40.0695
32.2995
34.3834
21.4315
43.2694
29.1654
38.5316
32.7768
29.4477
38.2408
39.6073
35.3107
39.3225
24.8625
30.9691
20.0741
45.8068
28.4494
48.0112
19.9136
49.5702
43.8619
23.4127
39.5771
44.2491
33.3057
36.7022
29.2244
31.6988
12.7856
31.123
37.6818
26.9882
24.9879
33.5546
34.8902
41.9428
31.7462
35.8752
16.7949
22.961
36.1454
30.3269
34.2383
31.7731
25.4763
32.8938
29.3519
23.7243
46.5133
39.4222
36.7946
41.9113
27.2336
38.8441
40.2968
27.8364
35.2628
31.2353
22.6154
30.5877
42.6043
39.2557
41.7066
41.1084
29.5214
24.3909
26.4899
39.8456
25.8159
28.3763
35.0156
44.7745
20.856
23.7448
23.3134
30.114
47.4419
32.6274
28.0789
32.3219
30.457
33.2722
32.9924
36.551
23.5371
24.7099
24.4612
29.7614
34.0704
48.7751
29.5204
40.1765
36.4958
32.642
21.6169
39.8751
33.8889
31.6539
21.2442
38.2353
37.9022
30.0004
33.8833
30.0675
16.2977
33.4649
15.3537
30.8411
35.6155
35.1692
36.1809
32.6424
22.8461
41.5616
33.6483
33.9075
35.1021
39.973
39.5402
34.874
28.025
14.6831
35.6832
31.5766
46.0398
40.5862
44.1062
34.9137
12.9392
15.4041
34.8556
14.0983
25.3632
21.2334
40.9284
32.963
22.4537
37.1286
19.208
46.4411
19.0462
23.8119
29.9831
33.2598
35.9723
39.9333
27.9827
37.3386
31.7641
26.1032
32.9515
31.2531
26.69
24.5704
29.8308
44.93
39.904
36.3898
31.0108
39.9538
32.8445
40.9044
34.9881
30.2491
26.6027
25.47
27.4219
43.6261
41.0971
16.9357
46.4133
24.8757
9.02022
43.0091
38.9475
45.6157
48.1362
37.179
36.1387
27.7571
40.9897
37.256
20.7979
12.0643
34.4714
44.5296
31.293
45.7436
33.6545
38.3494
4.50172
25.421
33.4542
39.2593
25.0706
30.3163
15.1725
33.8229
30.5956
33.3064
40.4643
23.7967
45.465
33.689
36.3806
23.3533
24.1712
39.1737
37.5329
39.5844
36.9393
31.3867
30.5893
25.1638
37.3129
36.0876
39.3614
33.0011
46.5925
35.9163
44.5381
44.348
26.5203
11.2885
24.9813
39.9644
37.5619
31.9045
31.9522
31.9029
44.8144
18.7947
16.7146
42.6904
6.53181
25.2186
28.6248
34.4112
19.0419
26.0606
29.8427
21.7195
27.9189
44.2301
42.3362
41.9377
43.4659
35.5424
40.5062
35.4846
28.7878
24.6682
29.1085
25.0206
39.0306
29.3735
42.5226
23.3891
30.7279
38.3908
17.0106
27.2407
33.4128
29.7987
15.3986
33.2185
44.1696
34.4051
30.9597
45.6123
25.4012
39.0276
18.6872
24.9023
36.0026
43.1624
30.8935
21.3412
29.0131
26.1366
15.8219
44.3529
29.7136
45.8205
43.8536
35.2929
41.7795
32.3439
28.3698
37.9434
34.4246
41.884
18.9941
27.6983
31.1186
35.0726
42.6938
19.4432
41.409
22.1985
38.9084
34.292
35.9184
32.695
42.9151
44.1347
30.7253
40.9715
34.6948
25.1635
27.1291
43.0471
15.2152
19.6503
34.8598
39.987
35.9456
26.5127
38.4603
34.1899
42.4605
35.4578
38.3938
34.7616
31.2195
31.1315
43.518
23.2573
40.8473
27.6512
24.9696
36.5882
22.8611
25.7166
35.6786
22.9773
35.1874
16.339
41.5837
38.3539
36.3871
17.0258
26.6112
35.2627
28.0469
32.0169
36.3836
36.7616
30.9358
37.715
27.74
26.7237
25.607
38.7672
34.4695
30.6849
44.9155
25.9423
26.5456
38.3831
20.0737
22.8486
32.912
25.6288
32.1315
35.4069
7.93923
18.286
36.6401
23.1841
31.5547
43.8706
35.5667
27.6368
22.3921
21.8823
31.0499
23.4878
39.7573
42.2993
44.59
28.883
32.0921
39.4173
38.576
37.4824
45.7315
46.1826
39.2905
33.0105
30.163
35.804
27.9981
32.8068
37.3881
25.0562
42.6214
29.6652
34.1697
31.3164
35.5287
31.7611
25.3833
20.9864
26.9837
25.6868
36.2637
39.2407
32.9846
31.8862
38.9851
29.5578
30.1003
33.5083
35.1793
37.5433
30.2037
35.469
24.4941
36.869
42.7403
22.2167
46.2451
32.9385
33.825
32.0545
33.092
11.1276
34.6163
38.6375
36.7242
37.9653
24.4279
33.1233
29.3423
37.3058
32.9853
28.4264
44.4372
32.2863
31.2842
35.0899
27.0166
43.8674
21.7518
40.5523
26.0885
35.468
36.4602
38.4709
35.2692
21.5885
30.1792
33.7709
31.1243
27.3816
46.2726
40.5761
25.1388
45.5016
35.3424
40.7371
26.3764
30.9113
45.8409
40.0398
30.856
23.6545
22.3922
28.3928
41.0842
39.7446
24.7323
33.7396
31.792
26.4949
25.1622
30.9533
27.8835
42.0361
24.8381
39.748
23.8032
29.938
39.6523
38.1733
41.5297
36.7985
25.7077
9.10561
18.7516
34.2608
37.8006
38.7653
12.7937
33.1546
23.1458
23.8053
39.3034
32.8843
35.4345
20.9376
17.2387
37.1108
30.9619
38.1206
32.5427
35.9577
33.3562
33.0339
40.9673
29.8298
31.814
45.8789
37.2738
37.1518
15.8362
36.6777
25.2746
20.2456
21.1204
32.6641
27.891
31.6592
42.0348
33.1357
36.843
34.0139
33.2377
43.0037
22.964
39.8556
41.3898
39.5362
30.6019
36.6026
29.2603
43.5337
40.2935
36.2186
25.478
29.0389
25.2733
28.8095
33.9232
32.6243
25.1412
35.6909
32.7964
33.5674
22.9048
35.6371
17.2073
40.5025
38.9656
28.5078
22.5152
41.238
20.7674
32.4999
29.212
30.2195
27.5896
37.0201
26.8797
39.8795
35.5259
23.1533
29.889
31.1939
27.0188
20.88
27.0379
38.3886
31.0184
29.346
21.6417
36.0349
16.6811
28.2665
31.9668
32.7528
38.5327
44.9385
38.8519
38.8483
38.5997
41.9146
14.902
39.8892
27.8605
24.558
20.3659
42.4421
38.5035
27.05
18.1418
24.776
32.0485
32.4429
41.4893
34.7045
19.0328
41.8879
36.8663
24.9856
35.1504
35.2333
23.4761
27.6141
29.9569
35.2513
43.2155
31.4761
41.164
16.5662
28.2308
11.1126
31.6823
25.1726
25.4852
30.6284
22.5392
18.6286
41.1575
32.2526
35.1647
39.2255
23.8441
32.2281
43.9725
23.9743
21.2527
24.9607
20.7821
35.4402
26.7808
25.7196
17.695
41.4867
41.7177
21.86
23.6843
25.464
44.7862
17.6473
21.6342
34.7563
33.1926
44.4864
17.7473
15.8306
20.8161
31.2967
42.6067
10.7806
26.7607
29.9346
39.2848
26.568
27.8097
28.6618
34.8971
39.513
37.792
34.6719
28.0875
29.1305
41.0588
35.6152
19.8877
28.8262
18.9525
39.9413
9.08765
31.3913
32.7932
44.2586
33.1874
42.5766
29.5923
21.5275
20.0257
35.6558
29.7676
20.9689
33.2241
29.2387
27.25
23.598
38.2544
29.4989
8.69819
43.4433
38.7657
28.6144
35.3465
40.6835
41.7248
28.968
27.9455
42.6574
22.0715
41.2587
37.8944
36.0689
33.9705
28.5601
26.6281
40.6122
42.4215
26.4261
29.7801
39.1491
34.0401
38.2585
35.7498
23.7349
23.6024
39.6647
18.144
36.9024
27.6322
27.4557
29.2612
23.3052
32.1678
25.1515
35.4137
34.7294
25.575
34.771
21.15
43.2523
39.4005
38.2331
29.0281
35.4341
37.7758
33.8166
31.9392
34.1569
41.3626
36.9226
42.1121
28.5121
38.5932
20.4298
35.7719
27.1875
23.6188
33.7911
16.9629
38.738
37.1184
32.2255
33.5037
26.1163
17.5345
35.5011
17.7347
14.8115
42.4128
24.7433
15.0505
40.833
21.46
14.1937
33.2743
16.1391
24.0229
29.8717
22.6709
37.425
27.2843
44.3603
34.9101
43.3914
28.9512
18.2075
24.1563
5.5932
38.5766
22.9109
25.6582
22.5318
26.4851
16.4217
27.4185
31.7066
25.6949
30.2473
8.21612
39.5489
45.046
24.1023
42.9129
21.9863
36.9002
33.7328
39.5883
25.4414
34.6993
32.8397
15.5445
29.4587
37.9378
27.8601
31.6497
37.7902
29.2414
25.1242
34.1781
38.4406
34.2795
35.8631
18.1041
31.7723
34.9582
36.9748
37.2253
25.1156
25.2907
37.1605
36.8394
34.1554
39.3229
22.6515
34.2645
24.7544
42.1445
40.9441
31.2693
31.5217
36.8069
24.8414
34.9698
25.9175
43.9274
35.227
33.2842
30.7836
40.3756
33.8333
24.5541
22.1034
42.8868
41.4011
30.5144
37.0967
22.3698
37.5715
39.7965
23.2142
33.4291
39.9321
30.1373
42.4755
32.2229
26.9106
27.3848
40.3486
29.046
17.1379
25.3816
25.8177
26.9563
23.6714
14.0276
36.2147
17.8895
22.858
36.5488
42.7252
39.1366
26.7924
38.1377
29.0158
16.7618
36.1352
46.4527
40.7811
29.6196
34.4386
29.8839
22.4223
19.5781
25.3107
24.3754
36.7229
38.9407
34.3411
43.5681
21.493
47.6276
27.9013
37.2345
35.079
40.212
27.0079
29.9122
21.3018
34.614
38.0957
30.9463
15.3966
40.9322
35.5157
24.0169
41.6669
27.8384
36.2648
24.1798
37.4695
31.3753
28.3883
30.6556
22.6147
38.9741
27.2863
25.7423
19.1374
46.8242
23.387
38.3475
15.1246
47.8269
32.6114
42.8289
3.76995
32.5366
24.6758
43.2792
34.3973
42.0522
32.6793
33.3898
24.0237
37.9335
29.8168
41.1948
21.803
32.2773
20.3142
41.0953
27.9407
31.9728
30.3348
22.6217
35.141
40.1934
23.7643
43.314
34.122
8.50863
30.7439
40.786
31.7697
35.0435
23.8338
20.5944
39.2604
34.5816
29.786
8.1036
32.5092
29.5783
30.1759
36.616
32.3571
32.8173
31.5787
40.9161
26.6618
18.6579
35.2198
31.4104
40.9625
29.614
29.203
25.393
30.8514
34.6813
11.0564
25.3272
43.3508
34.7709
21.3453
39.0051
39.2909
28.8838
42.8996
33.9025
20.2901
43.7039
39.2119
33.5958
43.5246
30.5861
42.5161
28.8024
27.3873
41.649
30.4527
28.3993
32.3066
42.1594
29.8769
31.55
28.5896
38.2939
43.2777
33.6765
27.0002
32.3358
32.9719
25.606
31.5797
38.9466
35.6132
42.7052
26.1334
34.3457
40.6453
35.108
43.0253
34.0393
29.251
42.8978
37.5459
22.8408
16.7587
41.4742
30.3467
38.0643
38.4596
32.6181
39.6418
40.9853
27.1641
37.5314
30.8805
40.291
43.7026
45.5761
37.2134
27.2924
33.5061
45.3507
41.5276
28.2047
34.9812
30.3551
40.0406
30.1869
42.429
30.8913
37.9067
7.86372
35.9217
38.2662
37.6771
42.6219
43.1588
29.9649
30.5142
19.5908
22.2336
41.4718
41.7547
22.5708
43.0796
36.6908
42.0522
37.4685
16.5031
32.7242
29.2485
28.9278
26.2038
33.9635
37.172
34.9158
23.8304
14.2679
41.1573
21.3411
42.7508
24.8065
37.3556
30.4385
24.9928
43.9414
18.9388
43.5742
46.4054
27.9462
29.5082
36.7267
23.9257
39.2992
44.5914
35.4251
21.565
38.5004
14.4014
42.1968
23.3443
22.1782
23.4988
33.9085
36.3333
19.2286
31.8443
39.3507
42.2623
28.212
39.9055
35.5603
29.8601
43.6931
35.6314
26.2362
43.8754
40.0951
27.2292
34.447
23.3294
22.6938
28.0265
28.9547
36.5782
39.339
26.2155
39.0832
40.346
8.57846
38.3393
21.4171
39.0249
19.6226
21.3191
24.7494
36.1243
34.9074
38.4908
15.9792
20.5176
39.6417
38.2833
39.071
42.1153
41.241
29.7489
27.7939
23.0632
19.5508
34.9528
21.4431
18.9452
34.6518
40.5864
29.6787
18.998
33.8101
42.0955
29.1114
31.3771
31.2358
26.7289
27.6103
33.4077
20.7114
33.0516
19.7482
34.9946
39.1179
37.633
32.458
19.3368
14.3054
22.3554
28.1196
30.7074
35.1408
34.597
38.8556
31.8254
26.9565
37.1242
23.4351
30.4408
33.5284
37.3025
31.675
25.8815
44.387
45.4396
35.8979
37.9736
36.2359
27.0609
10.823
43.3692
26.261
37.5221
36.8967
38.2809
17.6741
45.6883
27.3432
42.8179
46.1438
25.4939
38.6327
32.3311
40.0976
20.9645
17.7886
33.8872
28.5334
38.893
29.7671
31.8784
15.7101
41.7981
22.9569
29.5849
27.5265
16.2202
45.3379
19.7763
46.7412
37.5706
41.7923
39.9148
44.4332
27.1815
21.7522
40.2528
33.2431
33.7314
22.3068
38.8665
32.7285
38.442
23.0077
39.5066
44.0782
27.7853
37.8894
27.9191
27.2445
28.7225
24.5197
33.3388
27.7125
27.0238
21.6325
34.0227
18.5016
34.7744
37.2763
35.7993
17.6751
38.3058
32.9878
34.9428
27.4147
19.1388
37.7687
14.1006
34.3363
39.4348
33.2835
24.2912
31.7012
33.735
38.498
45.5732
30.9888
38.7545
23.9592
21.6119
39.5522
22.1062
26.1787
33.9885
34.1654
36.2189
32.3953
33.9579
40.3681
41.3678
29.2987
24.9582
38.6311
30.1846
35.2011
18.3201
36.2782
43.4155
36.6386
38.9463
25.1465
38.9329
44.372
40.4015
27.6256
25.9203
23.8903
42.7934
42.3454
27.272
39.8045
22.3889
21.9391
33.7722
42.9453
41.5668
44.6747
18.4204
29.8298
36.8833
45.5275
35.9333
36.123
28.8128
22.5057
40.8422
27.4411
39.7043
44.8149
28.4691
36.9026
43.1938
46.0586
30.2585
23.0094
20.8404
25.4286
43.3151
37.4063
37.1978
23.783
36.0045
27.2858
33.2383
33.8208
33.0437
42.3092
30.5961
32.9166
24.2262
14.2328
43.7158
39.106
33.479
27.0731
35.7579
19.2754
43.701
17.8772
32.0104
13.141
31.8114
17.6629
23.7477
33.5194
35.5258
29.9665
28.6987
37.055
27.8675
44.0148
39.6405
21.7368
27.8583
43.5353
31.6262
41.1864
38.2187
12.915
39.0092
29.1252
42.9388
45.6097
29.8562
21.8735
41.0664
46.2299
34.012
43.6875
25.4929
37.7572
36.1665
30.1927
37.9806
28.6174
33.7365
32.1171
33.8164
43.7796
18.9919
40.9628
18.1812
27.4533
32.3934
34.8521
40.5051
21.1075
24.3588
39.1023
37.5096
34.5961
33.824
33.9495
29.1995
28.9072
35.5677
32.9635
39.247
39.1228
37.3127
41.5485
40.8705
14.7517
38.7267
29.9439
25.8719
40.6542
41.223
7.83664
24.4633
23.8837
44.9088
17.5445
26.7275
23.526
20.5814
34.2125
39.0871
29.224
27.5168
37.1808
33.1576
25.1015
46.4571
38.5758
20.1839
31.5552
40.8359
43.4764
33.6876
27.3658
25.612
34.6758
34.7996
36.6356
17.808
31.9839
37.8661
24.2867
28.9658
42.9675
41.213
24.8514
41.7756
40.1635
41.0753
34.9929
13.2334
25.5464
37.9912
20.019
35.3968
27.5063
32.2713
38.7472
44.9183
41.168
25.7309
26.1004
21.4832
38.2841
17.6075
29.2764
39.9447
35.2932
32.5425
37.79
40.4006
37.0265
38.1674
41.8337
36.0979
44.0764
31.5947
15.0418
31.8723
17.503
27.1512
42.8144
30.445
35.8711
20.853
31.1174
30.1919
34.9237
20.9886
31.8713
23.2356
31.9681
39.2505
40.5967
29.6795
26.1596
40.5436
29.0755
45.4755
44.4966
39.2925
38.8483
27.8369
38.0644
42.191
31.3724
28.77
24.3241
42.785
36.9986
29.0827
45.9386
17.8012
28.8291
32.6201
34.6085
37.1914
33.3441
42.3366
19.6937
36.1251
14.1171
34.547
31.5546
34.12
41.4201
37.524
24.3693
34.8269
41.3671
32.2388
37.7928
27.1747
38.7106
41.3988
28.949
45.5507
20.9081
30.0582
45.6774
22.9777
30.7949
25.5743
39.6116
28.9865
34.7031
38.8698
35.8739
44.5771
38.0366
39.8977
45.4558
19.9839
38.8682
40.7453
46.5903
26.1905
31.0267
43.016
21.0469
34.4085
33.3257
27.622
30.4359
20.2112
35.364
34.7831
44.8117
22.7591
29.8072
32.2284
27.1223
38.9276
25.7963
30.7951
35.6019
42.8188
41.4445
43.5693
29.5208
24.4639
37.1505
44.6389
21.3691
45.1534
36.7975
28.5649
23.5845
32.6538
31.1821
37.0281
24.7515
33.9252
25.3264
37.6913
25.8063
31.49
28.8092
41.8792
16.2694
21.7653
37.7997
39.3396
40.7591
29.8475
38.9348
39.0694
25.8165
31.1647
34.0955
36.8584
19.7568
40.4225
42.4033
36.3401
27.8846
45.0154
39.2358
22.573
31.8456
36.9064
30.5565
21.4918
38.9842
14.8832
44.0231
19.3898
26.7871
45.3322
26.8917
16.2709
42.9959
42.5029
31.5606
37.0236
23.3774
35.9217
32.0212
38.5872
39.6842
27.4245
31.8755
30.0805
31.2782
19.8705
39.952
46.2008
39.6814
21.8907
31.92
43.5916
29.9056
35.7347
39.6077
33.8208
33.0214
24.7166
25.3677
21.0059
39.6058
42.8869
25.6405
10.715
41.2254
40.1216
29.5739
21.605
26.1494
43.1713
25.4755
33.7069
24.7979
15.9399
24.1572
27.6552
38.3113
37.6912
36.6241
34.5113
41.0684
26.4908
23.1872
23.1093
26.7459
31.1252
16.3641
23.5985
20.6294
33.2028
38.4041
27.8727
34.402
36.5742
26.4946
31.463
44.3573
41.0941
37.2486
28.5425
20.5821
25.3888
35.2634
38.9658
34.5206
42.8828
47.6816
34.6514
37.8135
41.175
26.7106
33.2232
39.2686
41.1673
26.637
32.0208
21.7215
23.8938
31.9537
28.2823
34.6851
28.7018
32.8538
38.2968
42.3982
38.9741
25.62
41.02
31.6158
22.3221
25.8008
39.9552
46.9195
38.3704
38.5991
42.7385
34.664
32.4597
34.5945
25.3669
21.3571
44.4167
25.4848
24.6745
34.2395
30.7584
35.9568
41.2935
40.2695
30.9204
41.8943
45.5585
43.5172
32.005
43.6171
34.5394
42.1058
35.315
12.1503
18.8212
37.4222
31.5734
33.5149
30.723
44.0533
17.1285
29.6864
36.7453
38.2322
43.3506
35.2973
21.1544
34.3102
40.725
31.6773
26.2236
34.616
16.9073
13.6918
15.0092
33.5418
31.3491
17.2097
34.0692
36.0769
40.1094
32.0719
18.6571
36.315
15.2969
29.4575
31.7777
36.6312
38.3662
40.795
42.0198
35.6127
22.3723
18.7297
41.9269
43.0483
27.8853
39.6416
36.3273
46.2523
38.4189
47.9609
27.9858
39.1813
41.1956
19.0165
29.8207
6.89194
34.9501
47.5389
36.0953
43.7313
23.6554
27.3376
33.7315
19.7349
24.4921
19.3171
33.8485
29.5626
46.49
28.6619
36.841
20.9707
39.34
40.9163
32.4884
36.4396
36.5661
33.4827
32.9271
15.8427
41.0343
29.6957
44.4729
32.0217
44.2428
36.2825
19.2636
22.8739
39.8171
23.2703
30.8817
29.9089
35.2473
32.6782
25.9579
21.2279
32.3791
13.1112
30.7745
35.5084
23.7662
33.5728
35.5002
39.2169
46.9252
22.9203
35.2705
41.4551
37.556
36.4683
35.3172
34.4849
20.1818
24.9195
34.2304
21.9079
32.7052
29.7412
37.825
36.8329
35.1049
35.7625
40.3313
29.9756
38.2098
32.9604
38.8809
42.4489
25.2568
45.5275
36.4586
27.3786
20.0888
37.462
34.1743
36.2353
20.4787
44.3694
42.1747
23.8705
42.5355
28.2022
25.5018
38.5207
15.1536
25.3477
27.7747
41.1694
31.3567
42.4389
22.8341
21.837
38.7523
44.7211
33.2042
19.446
26.857
36.387
35.3536
40.1713
44.3029
43.5142
40.1766
30.59
35.2381
32.4688
36.7589
23.7508
41.8254
25.8615
34.7087
12.2012
34.0086
36.9162
21.7598
43.1275
32.8605
44.7224
36.5517
30.4936
45.9242
35.3804
33.8548
37.3171
43.5976
38.3719
38.6686
41.0312
24.7541
30.9478
36.6822
34.8894
45.0168
36.5783
39.2609
38.8801
36.0827
28.6541
35.6891
39.3475
28.1488
37.8589
42.5528
33.2798
14.9081
21.037
24.3225
30.9903
32.6809
24.2888
16.7415
31.1854
28.3137
22.7579
24.6332
33.2716
29.4774
20.5111
27.0383
26.454
29.8126
23.0549
32.9831
43.4075
44.0163
31.1607
35.2174
21.0958
38.927
32.8922
23.6673
41.325
12.1011
31.011
46.9398
42.0819
30.7227
27.1547
41.4347
23.9876
12.6033
23.1355
44.1081
37.6225
32.8475
29.8821
27.8237
27.9626
30.9612
35.3964
31.6484
35.0191
37.9354
29.4841
36.0847
18.6376
23.5131
43.4059
39.5711
47.5282
25.7206
34.4334
33.0662
25.2672
19.0499
33.8876
25.7267
27.4732
31.6484
39.1823
42.0739
38.0818
22.948
44.3324
21.8694
27.2793
39.3308
38.2075
39.4004
36.2323
44.395
40.3358
16.723
38.2866
33.2441
17.6652
37.8323
32.5225
37.8625
35.9737
39.6905
36.0231
30.2358
42.4286
33.2801
16.6355
25.1251
38.2303
34.7338
39.118
27.0781
25.0933
34.2924
37.025
42.0845
44.1317
24.3223
32.7174
41.8542
44.4513
34.5824
29.9113
42.1259
32.9196
37.9312
27.7215
41.4725
43.8799
29.0441
30.8319
35.0552
41.9063
41.988
38.78
37.267
41.4244
33.147
28.7328
41.1401
30.7663
27.5331
27.5249
30.0502
43.5033
43.925
39.8244
38.2598
31.374
40.72
38.1689
37.8943
45.3924
42.3346
24.7779
36.4805
42.5051
35.7186
17.1505
28.4642
21.5257
30.7228
37.2182
43.1616
28.0094
33.5559
27.537
13.9417
33.5579
32.0692
30.1535
42.0766
42.0219
28.3158
35.1532
19.1234
15.1243
25.9416
24.6407
30.4341
19.091
39.8894
10.1004
27.6025
19.2043
39.6938
30.8833
37.6266
42.9277
30.2323
27.3762
25.1441
38.0881
27.821
16.7247
36.0873
27.1493
42.8327
24.7677
46.1389
38.0975
21.6487
30.0801
42.8612
33.2286
26.9775
35.534
34.2867
28.9073
46.4559
38.2612
38.9212
17.9014
44.362
32.9727
21.6205
21.2759
28.6537
22.8742
30.6063
23.3717
33.7957
35.7763
34.3731
34.5705
35.8707
35.2681
23.9653
40.1732
23.4743
28.1863
17.9331
19.3213
39.5131
24.4819
34.5423
41.6817
23.6283
18.1229
44.688
29.373
19.3084
39.4817
35.6265
31.8748
41.4727
37.8646
25.8356
38.87
32.9216
29.9172
36.7457
22.4875
35.1531
36.7623
36.0177
40.8767
27.825
29.6673
39.3647
17.6955
30.8879
17.0907
21.3276
34.437
42.6163
35.4594
42.3926
36.5943
17.1887
40.5287
37.2468
36.3001
22.5315
34.4029
33.1944
23.2326
32.518
30.7425
39.3297
25.3929
35.0605
39.4288
41.1131
32.7983
30.1622
28.2204
21.1672
46.1716
41.4326
40.0276
23.444
32.1616
34.9028
21.4762
35.8198
17.5289
40.4882
33.3275
40.9066
39.5243
35.8133
32.4865
33.0975
24.0422
29.4293
38.5964
20.5738
34.0475
41.0298
39.3101
19.5173
36.2472
39.2015
38.2227
42.5938
45.0411
44.7741
15.6201
28.0852
23.1567
35.8545
31.653
48.8336
44.0831
38.4189
38.351
37.5474
32.5052
24.4814
24.5682
43.6608
27.4309
23.9698
35.9521
33.1764
30.4846
26.8987
43.995
32.509
25.3873
42.7431
25.5126
35.3316
39.4832
37.5663
40.0976
43.6314
41.2911
39.7037
39.8385
42.14
16.3737
31.2018
12.7145
25.3498
44.3834
39.7643
43.4684
31.1362
34.6066
37.545
24.4746
33.7456
28.0888
22.6368
28.5524
36.7137
37.0728
42.1897
36.587
34.0237
30.0725
30.2384
18.0862
43.8825
24.016
27.7531
40.3778
34.2562
18.2974
43.2402
36.4445
24.3259
33.1602
30.5135
26.6358
39.5634
8.4138
29.0345
25.1923
23.8732
21.793
30.4263
40.2471
44.4707
39.6492
31.9809
28.4859
39.5479
26.5869
33.7635
39.3872
42.4596
31.1535
34.3733
33.6996
46.0134
33.1877
36.5958
22.1014
16.6497
36.9865
35.4116
44.6235
42.9567
46.9259
38.8102
29.5225
36.4471
42.0849
32.3052
33.7966
11.8089
38.6434
27.7402
24.4514
30.488
20.0547
37.5016
24.5154
34.2131
17.4293
27.8856
37.5473
41.8042
39.27
34.1341
32.7461
25.5123
32.7345
39.7822
37.8375
40.5032
25.2884
35.4472
36.8677
21.6606
34.5779
26.1444
20.6379
21.8603
37.8753
39.7002
47.3722
42.217
40.6599
37.2493
21.5136
29.9424
35.1979
29.1648
34.1751
39.9875
32.3385
38.0373
42.102
15.5574
24.6038
36.2598
42.9935
42.7172
41.5147
29.71
14.4918
21.6176
26.4452
22.2202
38.1078
39.8406
24.0783
30.0125
43.1005
21.2805
28.4757
19.3102
26.5799
25.1595
30.5873
28.9471
30.94
40.6354
32.7722
18.2853
34.2596
40.2145
13.0732
36.798
22.7507
38.1572
41.912
34.6801
22.2617
34.5832
18.8453
42.4822
12.6535
18.1846
24.143
31.4634
34.8627
38.6845
36.3364
22.6908
26.7794
38.8627
34.574
25.4316
29.6078
41.9231
13.0081
37.121
18.138
37.2733
40.5048
31.3538
37.5682
26.1976
29.6937
42.8558
35.2873
15.5317
26.5554
29.0541
32.2199
37.4392
44.8186
7.84437
25.3407
33.5994
32.2537
35.4325
32.7215
36.6175
28.6043
28.5137
37.6945
28.7959
22.7795
43.6038
36.7267
28.2082
28.0206
33.5889
38.5502
5.52913
42.433
40.5332
35.4382
44.3223
37.9837
37.5843
21.6948
20.8745
32.3543
39.8291
16.6463
32.9366
30.9354
20.8985
34.0776
29.5505
42.6057
40.1221
46.6862
26.3055
39.7638
37.4855
32.4863
33.1504
44.4021
38.6539
15.5951
36.4143
14.4111
29.091
27.0166
36.114
40.0797
40.6103
32.2593
41.2394
32.8582
28.4681
35.0782
38.5839
44.8787
40.3047
35.6068
38.1443
44.5188
36.1825
30.3749
34.9646
44.5782
23.1886
47.6343
43.1238
32.354
28.0594
37.5722
44.6478
31.7112
40.4654
38.0519
23.5867
40.0664
33.9889
43.2387
27.4992
38.0261
36.1648
30.6201
18.824
26.099
38.9614
33.283
39.4066
22.9906
34.7184
32.1144
29.7825
43.7111
27.2524
37.0859
28.2424
31.6709
26.8728
22.7209
27.8482
24.2524
25.2081
29.8001
36.5732
45.1344
30.0005
17.6814
36.4915
32.0764
27.654
27.7525
24.3803
38.6073
32.8805
7.82057
34.5057
26.5387
29.7077
23.2781
21.6298
35.1828
42.4851
39.3204
27.7568
37.6413
31.5075
33.6326
38.0075
39.817
43.5536
28.4797
28.8526
25.9416
29.3132
20.402
31.1155
28.8537
32.8495
36.4474
38.8365
19.7644
34.0699
19.9428
19.2341
21.2469
43.1656
37.7376
25.0688
38.335
32.2549
28.9025
23.6897
40.6074
35.3001
31.4551
41.1809
37.9328
39.3046
33.8131
18.2709
33.5253
47.3454
32.5017
34.7939
36.339
31.4651
32.4639
34.2974
39.9737
20.8669
31.2214
33.8288
34.8848
35.0437
22.0883
35.5634
20.1437
46.4748
39.6242
36.1442
31.2048
18.1245
37.5569
16.7713
21.8284
38.9257
19.7768
39.832
37.0597
35.2237
13.109
32.6999
38.4882
36.1558
41.0502
27.1858
30.4505
28.8356
36.2236
36.6779
41.5634
35.2713
39.2689
42.5609
29.7132
39.7345
21.9453
45.1098
27.4639
18.1956
39.7172
39.2924
43.4273
32.3548
19.6198
16.6363
18.1279
13.7417
31.0901
42.43
24.9094
20.7881
34.9143
44.1365
34.474
32.2257
39.8708
33.7651
27.6392
33.5205
43.7793
28.3722
28.4764
39.62
16.0182
31.1768
34.0355
36.3403
29.9795
37.0072
23.8951
35.5694
32.6807
25.136
31.9966
38.5835
32.5671
20.8965
35.9417
17.1002
35.9487
29.4294
25.287
24.168
27.389
42.7367
19.9332
20.1853
39.8517
17.7216
30.5574
21.9732
19.8347
44.9398
39.007
30.0604
24.4254
42.5042
32.6445
36.8987
26.0622
34.9584
36.9631
34.7288
34.0709
31.7761
38.5727
40.9786
31.2614
35.7004
33.88
24.2796
32.3456
18.0923
38.5475
40.704
20.2172
34.2085
14.684
28.2489
40.8218
19.746
28.7116
25.2931
46.8373
22.7405
43.9696
31.3775
41.8041
19.8085
24.0018
29.8723
22.2695
26.0487
46.8464
30.97
24.3174
32.6782
21.0775
27.8411
24.4963
33.8619
42.7856
35.0177
28.7958
44.2336
35.5897
30.6784
11.4089
40.4523
33.5093
32.6632
39.5362
27.3329
38.9841
35.3225
44.5189
33.8935
28.1129
23.2
31.3743
48.0433
26.0233
33.6262
35.1801
29.7753
33.7215
35.3498
30.4808
26.5655
39.0234
42.2168
40.9371
26.6975
20.8636
38.7077
35.3708
12.8119
31.0471
27.5373
39.6528
32.5117
41.4918
43.4977
30.8474
26.3668
40.3527
30.2384
31.4474
26.6456
30.6666
25.5823
43.3178
32.1969
19.9467
39.875
36.2462
35.2287
19.8199
31.4557
23.8738
14.6276
37.9526
44.858
25.9588
27.7329
44.1176
41.7017
38.0398
43.6672
26.5677
47.1938
31.3819
23.9979
44.0376
20.8426
40.7098
24.5322
20.416
29.9441
32.9455
22.2498
31.9682
11.8388
26.67
41.707
35.2798
22.8363
40.4038
33.7496
40.9589
37.065
30.1931
14.231
22.7924
35.6667
39.7165
28.2491
31.5787
32.311
29.674
36.5794
35.6369
36.3071
23.6514
10.4844
42.2388
40.6938
17.7457
36.2782
34.7676
45.896
31.049
38.9762
38.1927
30.0273
46.3436
20.8038
31.8719
26.4934
32.0181
23.9899
37.8852
33.219
43.5175
42.4538
27.2425
34.6941
41.595
30.706
23.5014
28.5393
34.8298
28.9848
28.708
29.8654
45.5399
38.3098
33.728
44.4879
26.0096
45.0668
28.6103
29.8562
35.9113
33.676
37.4122
43.774
22.5596
16.756
43.2662
25.5793
37.8478
39.1231
35.725
39.3309
34.6098
19.5468
23.5508
19.9556
32.2658
23.6608
16.5042
38.734
32.8058
21.119
23.57
33.0784
38.8061
44.4787
20.699
25.8086
34.4373
42.5014
36.2755
30.4496
6.59769
45.3699
35.4651
39.4463
28.7174
20.6429
16.3082
40.028
31.3641
41.3118
32.7052
39.0575
42.3343
24.6538
36.7184
38.8718
24.8217
33.7945
42.8459
41.9116
40.9804
30.5357
29.9482
41.8439
43.3192
42.3134
38.7327
44.7996
38.3821
35.7509
34.0118
36.9589
31.3667
29.9369
30.6217
35.1733
35.2741
39.6878
24.692
28.2601
30.8645
36.8336
34.3121
26.6924
40.5708
24.7876
40.7639
30.9245
32.0417
14.3105
38.2865
20.2054
32.4711
26.7573
37.9758
42.8158
43.2665
38.1482
28.4664
31.0598
42.3229
25.4554
26.5605
31.4
44.6021
30.6173
33.0648
34.174
44.7717
32.4946
23.8517
20.8684
29.9537
34.0465
20.4087
39.2148
32.6983
32.3416
20.9304
36.6488
27.5158
20.0007
31.7305
30.5619
42.7575
29.6
41.5042
32.2198
22.8489
39.6706
13.5236
33.6303
25.8501
29.7327
24.9382
19.7463
21.2076
33.9437
39.6377
29.6483
18.7521
32.874
31.3358
22.9609
42.9042
18.6003
32.2993
31.5868
32.443
33.1801
42.3895
27.4643
27.1881
45.2671
33.9198
23.0443
35.4277
41.0692
25.5837
29.1531
21.7264
28.3918
19.0639
37.5529
39.9053
32.718
33.8642
27.9627
18.2064
29.0975
28.724
23.52
44.233
33.5673
30.8946
26.9926
39.1946
29.7473
38.2285
32.8225
21.1104
33.9037
41.4661
31.0246
27.576
33.5321
41.2401
17.1408
39.2165
30.1292
29.1378
36.3801
15.0282
34.8405
37.1267
27.5326
47.8162
31.158
37.9635
32.8697
28.9176
40.6949
33.3067
41.2992
31.5174
29.72
41.4656
24.2165
33.153
35.6804
40.7226
21.45
38.5944
31.0715
33.2155
36.3329
30.0684
29.4497
40.2204
43.2784
43.6367
39.8172
27.1572
31.7565
38.3579
37.298
32.0843
34.8996
31.7955
20.8418
34.8815
24.1297
30.4012
25.536
35.4554
41.7665
28.048
14.1051
40.6842
31.2412
31.51
37.0284
30.0599
41.2249
28.3501
32.3905
35.3561
45.1968
39.3508
37.1835
44.3637
40.6107
34.5951
28.421
18.3045
36.9109
44.4303
33.4003
13.0289
35.115
28.0763
31.5975
38.8275
34.6702
32.6148
32.232
25.2148
39.5165
29.1576
25.6163
19.9275
29.4026
35.2851
30.7206
35.5142
33.167
36.7896
35.5089
28.179
38.9695
39.1512
37.6808
27.8857
31.5624
29.8774
33.1257
35.4868
37.5887
27.4521
40.3484
23.3765
23.8975
28.504
31.2908
20.2721
37.6964
8.89267
41.6929
27.2648
20.5667
33.7199
40.0486
40.8479
39.5194
29.5649
25.82
29.5733
39.9965
35.7738
32.3591
40.8544
31.9433
32.7578
42.3916
39.3059
33.4697
17.6885
37.1522
33.5675
29.7347
21.317
41.0757
26.9065
36.565
43.5096
31.0558
36.8075
33.8878
24.2463
38.6133
28.5759
39.6403
19.2072
32.7415
35.0344
30.2894
30.5661
28.0489
17.9077
31.0368
20.0866
36.336
30.4509
32.4029
30.4181
41.2531
28.3461
25.6894
31.0658
13.4791
32.8371
37.3149
39.8475
39.8634
34.4306
28.2412
34.5852
25.792
33.3979
39.4443
33.6462
20.4655
26.7771
31.0152
38.2372
43.9508
30.2521
23.6606
37.112
26.4509
35.7122
43.4197
28.8991
43.8988
38.2723
39.546
33.9943
27.1858
21.7533
37.4087
37.8105
36.1864
47.6323
34.3222
34.7605
44.2475
35.0247
38.8577
42.9062
38.2019
37.8168
17.542
27.9406
26.4798
32.3469
32.6205
36.39
42.9577
27.6315
18.0685
35.6725
39.2031
29.8856
20.2265
38.4951
44.4133
31.0436
40.443
25.2009
31.2703
39.0226
34.3243
33.6459
31.3281
17.751
24.6368
31.6251
32.3999
34.9347
33.702
41.7259
29.3387
21.8621
25.4408
32.3339
44.379
39.2616
33.6262
27.5261
40.8796
21.9593
37.2748
44.6249
21.4137
34.5405
31.6693
30.8649
40.3193
13.343
26.1849
27.6158
28.1902
43.3342
30.8845
35.7551
42.4372
47.0493
29.8632
45.1072
27.4367
41.4217
23.2687
36.3102
32.8378
22.4508
33.409
33.6663
41.4919
20.4604
34.657
33.1235
35.3615
27.1263
28.2983
29.9848
37.6387
25.4547
42.3427
34.3364
18.5161
26.2343
31.6713
40.3899
17.1937
28.7984
42.6759
35.3791
18.8207
47.2674
36.4565
39.3009
22.7288
28.2034
35.0578
34.5843
42.9937
44.1525
17.0579
30.761
27.1148
34.4073
35.6794
41.2398
23.9919
37.5956
43.9234
31.4801
41.8245
40.097
26.976
26.7702
42.3362
40.2897
40.9032
38.5523
36.5001
36.8747
39.3105
42.4463
39.348
36.9366
23.9482
34.8646
42.3661
32.1576
24.3082
43.2331
37.4678
15.4652
42.4859
23.6423
34.531
28.6242
26.8254
44.8483
30.3976
37.8523
37.8535
43.2041
39.8482
22.3337
32.6185
28.3148
30.8862
44.584
41.092
45.6201
36.9139
37.6621
33.326
21.6829
36.2054
38.2216
28.5392
27.4297
29.3246
37.0673
36.0578
32.7234
39.2838
29.5029
32.4343
30.7295
21.0867
30.4334
31.079
32.6426
30.3805
27.7476
37.2399
33.4373
28.6304
30.6236
33.3164
37.0614
21.2883
42.6255
38.2741
35.1631
28.281
9.6105
44.7479
24.7032
47.8512
39.1212
25.7278
15.8654
36.6234
28.1554
39.0435
19.3804
39.5282
24.1601
41.3515
42.6449
27.1968
39.4592
25.1511
37.1223
28.8512
29.6523
21.7388
37.0827
30.6424
31.1354
18.4723
45.764
40.6442
22.7228
28.3879
40.4796
30.0658
37.971
36.5275
34.7947
34.4307
38.863
33.9872
33.8871
24.8955
15.0352
22.2283
14.7053
29.7535
45.5905
39.1049
34.8606
23.3744
35.7995
30.6886
40.3081
35.6391
26.3697
33.4325
43.5326
28.1375
36.5004
30.8533
22.6853
28.5901
36.4425
32.1007
42.6896
29.1553
41.3029
34.4728
32.6433
15.6136
45.5517
31.2015
41.4846
34.2288
37.3003
39.9344
36.9689
13.1263
20.6493
50.5335
44.2415
30.3143
30.15
35.7771
29.2968
44.3701
29.5187
33.9133
23.6447
38.9872
39.8924
35.6914
41.1858
22.5086
33.0035
20.6642
37.7162
30.8338
36.754
32.3126
40.0622
38.9093
32.8102
31.8514
44.5802
43.0959
37.0066
32.9307
24.1209
18.7558
38.2096
26.1333
16.1561
30.1583
33.7672
20.8446
26.4015
28.7892
25.7116
34.7842
42.9008
24.0072
41.7039
35.1173
15.2493
36.4333
20.9103
39.0683
18.4976
40.1787
29.5638
42.2449
32.4844
23.3967
30.8398
33.8089
37.8165
32.1271
35.8971
24.3406
28.2471
28.8028
22.0963
29.7117
19.7013
30.811
29.333
19.7319
15.15
39.8989
33.9066
38.3524
29.739
19.8005
32.4555
26.9738
25.3396
29.7473
39.8199
22.3977
38.8478
23.7397
29.6231
24.9586
28.5732
38.1945
39.2716
22.7249
31.3265
37.4535
24.5355
39.464
30.6531
27.633
38.4601
36.1077
33.3744
20.6344
28.6046
37.8832
28.0593
35.5721
41.6184
30.6226
43.1952
30.1439
38.6694
38.7792
19.5939
31.3172
27.8978
20.8969
32.7441
32.293
25.8477
20.9759
41.9514
15.6786
40.5914
43.3042
25.1134
31.2373
36.5719
32.4484
35.1035
22.901
44.6508
37.4698
21.3793
18.1776
32.3378
38.9149
35.9982
7.88253
30.1005
15.3922
38.7363
43.1137
28.4436
36.3646
37.3437
45.5459
35.6137
34.2532
42.2829
15.3434
33.8267
25.4922
29.072
42.5526
25.2348
39.5366
26.8398
19.1699
38.0886
17.7976
33.2489
35.6079
30.5726
28.5715
25.4945
7.37024
40.6329
25.5776
46.5863
30.9246
30.6885
44.7388
46.5794
36.8806
36.607
35.6997
35.9562
34.3402
40.4359
43.0029
39.0673
29.7237
28.7968
32.1686
18.6407
35.5275
38.9893
17.8537
34.4388
31.7943
30.8392
35.3267
30.606
30.1681
28.5705
38.2891
41.1595
16.897
33.5621
40.1425
31.909
25.6642
26.3111
22.1067
34.0989
36.4447
29.0818
36.7497
17.9589
29.4417
35.9144
28.1926
33.2206
30.3224
26.5272
31.2423
35.4848
35.6528
38.0565
43.4764
41.5363
21.534
38.6846
34.0997
20.6375
33.1146
35.0237
11.0332
21.7955
35.4984
33.6509
27.8865
23.8012
44.102
29.1709
33.9091
35.3812
44.5449
22.3768
19.8678
41.881
21.0047
29.1925
33.4922
31.5028
33.2353
37.7249
25.1457
37.2797
22.8626
26.2823
28.3096
23.7523
33.9391
23.8622
29.1674
20.2824
41.1685
37.5954
34.723
29.3825
32.4001
35.3327
21.6901
35.2142
29.1234
27.3563
41.9177
17.6587
9.53828
33.7504
34.1643
43.4985
24.3555
41.6932
22.2199
38.5186
30.7318
20.4459
32.3024
43.1994
33.0394
36.693
41.5443
26.8199
33.142
36.9778
36.828
41.3418
41.9753
35.4622
37.0812
5.04082
47.199
38.7515
13.7493
41.5659
35.037
23.5566
42.2085
42.0662
14.4995
39.9257
43.7229
32.2756
39.1821
45.558
32.4464
8.28187
18.1205
26.7102
36.3695
44.3359
33.5579
35.5244
43.0297
38.1307
41.3983
28.3728
41.8988
35.1013
36.8586
31.6577
32.5304
25.387
25.6648
26.1382
34.9039
40.01
20.1189
39.4273
42.5711
42.9621
20.6195
28.437
48.3854
25.0241
35.4361
31.0438
31.8138
29.5584
31.8635
37.3949
31.9161
27.8632
42.6977
42.114
16.7961
30.9732
18.1595
11.4563
22.1021
42.6244
27.7448
22.0931
46.1736
37.676
24.3372
25.0816
17.1517
40.03
28.4989
41.4275
17.8998
28.6172
35.8184
35.3597
35.5565
22.965
19.7416
37.845
34.9685
24.5421
39.7597
22.3469
20.2719
19.5072
46.9326
37.4364
16.5667
19.714
36.6114
25.9663
40.8149
29.5488
25.2684
36.591
33.1069
26.2389
41.3003
33.8836
21.7552
18.1468
20.4059
33.4975
26.9014
32.656
15.2435
27.5778
45.3164
6.45698
23.6954
40.7063
33.729
37.562
30.8194
38.9603
38.6257
33.7027
25.0282
25.9634
35.8035
45.8065
15.4818
38.3979
16.792
23.871
30.88
27.6381
32.9079
32.3891
33.7254
19.3325
28.8432
27.6186
13.5565
34.9307
31.8617
23.6948
23.5447
42.7831
31.1129
26.8661
38.9473
33.1428
21.1573
28.9428
25.1431
42.2336
35.114
46.1685
34.7951
27.9936
38.792
19.3962
32.7358
33.0503
24.8088
32.0479
30.1903
37.0651
29.6727
31.6786
32.9995
17.2609
32.7982
6.3089
28.3069
35.2422
35.6113
19.359
43.495
38.8424
35.9258
43.609
29.1482
42.112
23.0382
27.1022
31.7525
32.5027
28.9007
30.0397
32.7156
44.6275
33.9961
29.8295
17.0804
40.7354
14.2159
33.1385
45.2113
42.8012
35.2493
40.3672
32.1366
30.9814
18.385
39.1229
31.6646
33.5606
34.4997
26.0434
20.8051
31.2979
17.3567
42.1659
19.3147
31.6536
44.1327
26.1628
36.2013
41.3495
35.2117
38.9151
27.3295
36.4991
33.584
38.1494
28.2893
34.8441
36.5337
42.7333
37.1332
35.9473
37.2842
35.5486
44.5582
29.5303
34.5097
38.5047
28.5949
33.5884
17.2502
29.7124
33.6464
40.6292
25.7217
40.7977
33.5045
37.9742
37.5432
27.3035
29.1686
39.4463
26.96
26.6575
41.5923
18.6964
33.3085
17.9234
36.7224
32.5531
27.0806
39.0159
7.65543
38.3234
30.8547
35.9688
42.3811
25.2927
24.8888
22.2415
36.3955
28.3344
36.0643
26.5694
38.5423
39.9041
37.3351
24.0023
22.7692
16.5711
38.5049
30.0911
27.2395
42.1021
36.8701
19.0062
33.2231
29.0151
42.942
34.3985
18.8807
32.2736
41.6304
34.7846
28.9385
36.3875
42.3414
35.7588
40.5958
30.9528
31.2198
36.7762
44.212
27.2561
34.4468
41.1211
4.7475
18.4685
22.7836
29.3449
16.0107
30.5189
33.6892
32.3223
33.9523
24.7351
33.3737
18.5047
40.7059
40.2853
27.9873
28.3163
29.4373
39.1
19.7725
24.4027
41.4018
31.0751
30.9872
41.1599
40.5785
29.9315
22.8006
23.6162
31.4599
34.9699
31.6788
32.9858
12.3272
21.6108
20.8606
34.4048
28.3925
24.0102
37.302
25.4124
28.936
41.8393
34.0749
30.8603
38.1509
39.967
23.3436
30.4247
35.6939
37.6082
22.9495
21.055
32.4295
37.5374
29.9412
17.6719
33.5724
32.7284
33.3736
33.0951
38.8074
33.6025
33.3597
26.6722
14.0862
27.9596
33.0176
38.1314
27.0596
33.3394
29.7777
19.3
36.7358
45.7157
40.4179
38.3991
35.0177
19.2414
43.2006
19.7417
22.9442
34.3307
37.6416
15.9483
21.2515
41.5497
28.5234
27.9154
39.6702
41.0314
29.287
29.801
41.296
41.4848
41.239
16.6244
34.4557
37.0384
31.9108
33.5927
19.8535
27.7098
32.9596
43.563
36.2539
30.9818
34.7853
35.3105
28.5815
26.2533
28.8786
33.5105
30.0221
39.9846
40.0252
38.7794
28.8021
22.1337
22.1729
45.039
38.5877
41.3163
10.9858
36.9384
35.0979
37.7458
29.6587
42.4242
31.9803
34.1697
37.9102
43.0964
39.7794
37.3245
27.8298
33.4811
23.1616
27.8096
26.1916
27.0489
36.4855
39.5162
32.8646
38.7093
36.6933
35.7079
36.808
32.2089
26.1301
40.7972
28.7727
39.4558
42.0886
22.0625
38.0816
25.025
40.2694
43.1607
43.035
33.2744
39.192
32.7955
27.5535
25.3064
42.528
39.6503
39.551
24.4976
35.5496
32.4163
30.6832
34.9588
36.3407
35.1576
35.9083
44.5112
23.5782
32.2216
29.7038
44.982
17.7983
42.4775
33.6618
37.9943
39.477
39.6036
14.8033
41.1031
29.8121
44.2212
42.5843
31.6154
26.2747
23.2757
28.9728
15.7527
46.805
27.35
22.6954
40.2625
39.0779
25.7402
32.2811
34.922
26.6907
34.8838
34.3058
26.9973
23.5855
44.1193
30.7364
33.8451
22.6739
46.3926
41.5667
42.2139
35.6599
17.1809
11.6774
36.9881
41.2095
30.1091
25.3554
33.6408
40.1751
36.4079
39.8746
19.9849
30.7662
27.3758
21.8568
33.8051
37.9357
39.3705
21.9044
42.2285
32.1399
32.0508
6.15016
40.9881
32.8564
37.6535
30.8784
11.0561
21.3714
24.9841
30.2194
36.7542
12.3818
36.5796
33.4802
34.4906
34.9654
35.9585
37.8336
23.6338
36.7599
25.2628
31.2622
35.5976
37.0399
38.368
16.1522
26.848
19.8281
41.9123
41.1766
35.1387
40.9923
34.0502
33.7756
34.3453
22.8652
38.7331
38.312
42.6732
28.454
21.1636
16.9814
40.7107
41.2506
29.908
31.4158
27.0071
19.7079
37.8183
44.7892
28.7395
44.0056
38.0189
37.1372
7.07197
28.6605
35.9493
39.0966
37.4261
24.1833
23.596
22.8154
44.664
16.5125
29.0637
19.7422
45.3841
34.6629
28.1778
34.4262
35.1629
20.0603
24.4597
30.8704
21.711
41.452
12.5152
26.9169
17.4994
32.3511
13.9171
38.9671
26.3636
26.7372
25.4472
24.9862
34.2168
24.7725
36.7367
11.3011
41.5636
39.2258
38.877
35.4287
25.2094
25.7124
33.8019
35.2317
43.6268
39.9493
41.7822
22.1694
43.2239
43.2255
29.9095
34.0735
34.5655
45.0069
23.6504
39.3055
26.1502
21.6186
26.4437
19.7065
46.6364
42.4251
27.2546
21.2734
18.5872
29.7567
33.9023
14.6946
26.9542
15.9797
38.9161
21.6328
35.4914
30.6581
24.2116
27.8413
28.7363
34.2714
38.1624
40.7822
40.464
21.8483
27.2807
37.6198
31.497
31.4895
31.7441
36.0691
34.6625
33.9324
32.6643
32.9293
43.1459
25.848
36.7365
36.0109
29.9264
47.9585
28.5997
35.4842
37.8105
27.9307
36.9994
37.344
28.6113
44.5385
25.4198
29.2903
34.753
36.9645
48.1832
32.479
39.5467
16.141
31.753
42.9728
37.8595
26.9402
40.1819
32.854
39.3139
41.9343
25.288
34.483
33.1839
31.8045
17.5525
35.1321
30.2245
35.1283
32.6366
45.0143
24.0565
36.9042
33.9373
29.2107
29.107
30.814
28.4305
44.1945
34.7669
33.4489
41.1445
22.0338
29.7928
35.9912
28.479
26.9666
20.9318
35.348
34.5127
20.5352
34.2306
25.0982
12.4268
39.1959
31.6346
37.2866
29.986
40.3193
38.4353
36.5668
36.613
43.4071
39.85
26.136
21.4322
33.4674
18.1164
23.3656
23.4118
18.9415
28.9924
24.0969
33.2645
35.9857
33.3228
32.2481
30.9914
31.6667
33.6375
26.5514
39.534
30.3009
19.5403
39.3529
35.7478
20.6814
26.4077
38.8307
42.7994
24.0398
35.9813
26.7193
24.0233
21.8343
22.7867
29.7545
37.0083
33.2526
41.2666
34.9348
40.1993
37.5339
40.7745
42.6582
41.0427
27.1088
32.1095
34.9931
32.7294
31.9471
12.6962
42.3995
42.7846
26.209
31.6711
43.0503
22.1695
30.9486
36.3964
38.26
34.9462
42.0415
49.4605
32.2655
27.8101
31.9599
19.5842
36.6381
38.3086
38.8319
26.2456
40.1301
34.8703
30.9356
35.1342
41.381
30.4546
34.3992
33.4708
30.6286
45.4238
22.4315
43.4414
31.0709
24.0875
36.2097
13.7047
29.8844
38.2765
42.0428
15.9572
42.3222
34.5914
37.4615
30.8328
26.3966
18.5886
39.3538
14.8773
23.5723
25.0318
34.7488
24.106
37.2191
39.6893
12.0238
41.9933
22.2187
21.6881
48.1756
44.4472
32.0146
28.1285
41.5033
31.7342
29.5031
33.3535
38.5284
37.8878
38.9329
35.0842
32.0385
41.0756
32.481
35.1439
35.8599
37.6127
37.147
41.4274
40.8905
37.4743
34.2451
40.2147
40.1633
28.4839
29.9945
27.9602
24.8333
22.427
21.6523
40.7068
41.7915
26.7707
21.3545
38.4315
29.222
31.9009
36.6007
36.4526
36.5129
26.3874
39.5409
29.3033
40.5369
35.2684
33.719
34.1676
30.7938
37.4202
24.9656
24.5065
18.3406
41.8052
43.8745
26.6078
40.5295
29.6083
41.5764
36.3058
38.5493
37.9114
29.2754
38.1558
27.2805
21.676
29.1745
42.221
36.3277
37.6049
36.3831
42.0373
31.2473
38.6394
32.0021
24.7778
46.8259
31.1493
38.5915
36.9801
34.3735
37.1898
40.8244
42.8998
24.7585
30.952
21.1504
42.2714
25.5814
22.9105
33.7712
27.2043
32.855
43.5924
29.7104
43.3571
41.352
36.0336
28.8981
25.4893
10.8576
26.408
17.8023
30.3075
27.2296
42.7771
40.5883
23.1887
34.8883
29.7915
41.2745
27.6368
14.5914
39.9599
31.4142
33.1773
30.6356
22.9155
25.098
21.5384
34.4888
32.5586
41.8826
27.8062
36.437
36.347
20.9036
23.969
28.9603
24.7948
33.6709
40.0841
25.1131
25.6617
28.1384
19.8447
38.5985
23.7338
27.8526
18.9538
30.283
44.4929
32.5317
30.3644
42.602
43.712
34.5288
36.2599
36.9279
29.6699
41.8286
18.4404
11.7713
25.3873
25.8809
36.3721
44.6174
36.798
26.9794
40.9145
38.8877
28.2557
45.3711
40.9981
17.1745
29.1048
33.8826
25.4706
23.1667
48.8597
42.1762
39.5128
29.2723
37.2463
21.4046
30.7926
29.7512
33.8131
37.2117
38.9529
39.5535
44.9961
35.5788
29.6354
31.379
20.4404
20.0666
37.2993
27.4977
34.0698
38.6041
20.6784
21.9492
38.6916
33.0477
38.0515
18.859
31.8949
43.7411
27.1297
30.7486
10.2901
13.7424
43.0364
39.443
23.4727
37.8153
36.2328
33.9888
21.0573
38.2462
23.2529
19.9071
35.4138
45.9654
31.9605
37.4791
36.8217
36.6794
41.8313
34.1821
38.2709
28.5367
33.5365
38.9266
32.9039
22.4892
32.4994
35.985
38.5621
15.1015
37.9607
31.3063
37.8525
37.4384
47.6471
24.4395
46.7199
20.4317
21.179
40.8677
33.2646
36.0896
32.0449
20.1576
26.5586
29.6532
33.0225
40.681
36.2955
21.888
27.2357
46.1148
36.3478
22.9387
33.839
32.5823
27.5444
19.6854
30.2867
40.7382
30.9158
32.693
20.4874
30.7154
40.0307
24.6826
17.9027
30.3719
41.7208
20.3348
30.0106
41.251
41.4187
43.1839
24.098
22.7191
33.5841
36.4799
37.7633
32.7272
37.3942
35.4512
44.2899
30.4423
20.9499
10.9547
33.2332
36.0091
12.2947
30.346
38.8693
36.8509
38.8
32.2005
41.494
24.7673
25.5481
44.3741
38.9208
16.8045
44.5541
27.429
34.0596
35.3883
30.3127
33.6376
42.0462
30.6287
40.9475
9.17367
24.6454
16.8504
34.0153
46.0459
34.6321
22.2475
20.0851
43.0449
25.5677
35.8526
38.2167
38.6195
38.2749
31.9787
33.4194
33.4983
21.9383
31.7938
27.099
23.2628
33.2506
34.2022
32.456
31.1931
35.4749
36.8931
39.0123
42.0429
38.376
31.6667
27.1322
32.7271
45.9776
35.7439
37.6534
29.1923
35.7235
40.7254
38.2195
12.4724
45.6626
31.9218
42.7454
42.3698
30.9925
21.4513
37.2996
41.074
44.9095
39.3458
41.5033
32.4362
41.6013
42.4899
21.755
35.8533
25.9856
28.392
30.6662
35.5045
38.1292
36.6234
37.8107
39.1819
32.9746
37.454
39.3723
34.3061
40.3349
22.9033
26.0088
39.6824
41.8737
31.1327
38.9047
37.7032
38.3063
38.6425
37.7742
30.1125
29.5726
40.8548
16.4968
31.3178
41.1199
32.3584
23.2897
36.4859
28.5002
20.6147
34.4741
29.4495
43.1755
32.8688
16.0406
30.8026
35.3785
41.1704
26.7164
28.1291
25.3686
23.6178
43.0835
36.2947
25.0226
26.4357
25.511
30.3945
39.8565
20.7695
33.5682
11.4899
34.1544
29.007
39.7214
43.883
35.4362
37.7753
34.6698
37.3982
46.0158
42.943
24.5632
39.3955
34.0643
45.5207
30.494
45.0656
26.3758
31.1915
36.6649
38.5271
33.8332
40.7312
45.3113
26.6104
35.5252
33.8119
27.7014
42.3126
27.5973
35.1371
25.5423
28.0182
42.031
44.2445
31.4275
35.7643
41.1472
38.8149
41.9529
25.175
38.4226
37.4543
42.1096
44.9435
28.0033
42.6665
37.5503
26.7878
27.078
41.205
27.1189
39.8416
38.7841
34.2992
31.8086
42.9959
26.812
26.6056
25.2831
43.6544
35.6585
32.8432
40.0475
39.3333
11.3819
34.1511
29.1652
18.3739
33.9331
21.8129
35.3709
33.3009
33.9772
29.4114
26.1131
40.9856
34.4062
21.9454
37.3614
24.7588
23.8015
39.5874
35.4845
32.4099
35.4417
29.7097
38.2594
38.3755
16.6764
36.3778
35.8942
45.2764
34.0877
38.8516
30.4046
22.6578
32.3566
35.7494
38.6405
31.2193
26.4213
30.6108
21.8717
36.0788
43.4972
40.5894
19.6577
27.0069
35.2661
45.4539
32.0367
26.3801
30.3759
43.5854
37.1531
29.0356
42.6729
28.2145
40.7901
33.8557
33.9189
20.3549
26.3752
29.0517
34.3394
24.8296
43.6658
27.6604
38.5783
31.0781
29.4767
25.7375
27.6344
35.2273
35.088
27.9293
35.9644
33.473
38.2052
25.7461
32.0782
29.0747
46.7634
34.3041
34.2998
28.1886
35.6655
36.3624
37.7909
29.0264
44.8834
26.3717
40.0795
40.2457
31.7798
43.3208
28.2162
43.5907
38.8145
36.598
25.6927
42.3653
35.3443
18.7471
30.1553
24.0254
27.4338
42.9485
16.864
25.7092
29.6634
40.8964
28.7464
12.8556
33.7798
34.2937
42.8103
40.7564
30.5239
26.2784
38.5441
34.2177
24.1576
22.5018
32.9315
18.1352
35.1141
45.0825
13.7104
24.1816
36.6758
40.2992
23.9138
37.3897
34.0562
29.2069
42.1482
21.7724
36.8004
49.6123
42.0314
38.939
37.1114
42.3062
42.6042
41.6601
29.7352
33.3854
40.3013
26.1035
27.9101
39.5575
34.2939
44.3968
35.7444
31.4286
12.1018
26.0133
23.8805
42.1287
34.9534
39.2651
24.0841
35.7691
40.0608
28.6173
24.5123
23.4114
40.0252
23.0075
28.7382
17.3044
23.3444
36.5612
22.1863
31.8823
36.8128
29.4748
34.1583
20.9278
37.715
31.8564
23.1961
19.5666
27.4569
39.389
38.619
41.6912
42.7754
27.4892
25.5524
37.7346
44.4206
42.1804
20.0713
21.0642
21.5026
15.9045
38.4828
22.5326
37.528
30.7336
37.9683
41.6873
30.8698
26.3845
39.7965
44.714
26.1983
23.3121
39.9337
39.5632
25.5861
37.8406
40.4919
36.3315
32.8749
12.8206
42.9865
43.254
44.4483
25.7163
31.1747
38.4943
33.3109
34.9871
21.5309
45.2472
12.5453
42.1212
43.3745
43.1539
46.5824
19.7156
35.1142
37.8277
25.5113
29.3111
38.6622
25.266
24.7049
37.1697
23.3711
41.7768
28.026
28.1443
32.8272
33.4175
35.814
41.3236
39.1906
36.4256
30.5973
37.5453
30.796
35.2625
34.5491
33.5434
32.0216
33.1603
23.7872
39.4188
42.1725
41.7806
19.3722
30.5408
35.9259
30.7947
40.4968
40.0363
41.8515
26.9693
31.8978
44.3406
19.5838
39.8205
28.8998
32.9399
20.7699
37.8082
24.849
27.3922
41.3237
29.2385
24.2355
34.2551
30.6336
30.2786
39.4513
38.481
39.9262
11.8831
31.0682
36.3203
28.5975
32.295
27.3854
23.9085
42.9625
38.4927
41.6869
34.9045
37.5518
38.7213
28.0405
42.6801
6.7161
30.8228
41.1309
26.6954
18.5625
38.799
29.766
36.2623
26.2714
32.9225
42.0402
31.3265
29.1215
28.9438
32.8634
38.7671
38.0024
29.0712
38.4814
27.2939
29.7935
42.9293
38.8517
33.001
35.3376
43.081
37.0149
21.9284
45.3805
39.5653
29.4255
44.1504
31.9763
19.9115
36.5839
25.6747
30.0935
38.7236
41.0428
38.4333
17.2424
29.5019
37.8564
34.5774
44.1634
39.2592
40.8729
34.7662
21.2318
43.9814
30.963
28.3285
28.3954
26.1696
26.4164
35.9334
27.8397
22.0986
37.1506
29.2938
35.2718
33.1977
22.5379
33.6944
28.7923
31.3064
19.0547
33.2429
29.7184
26.5458
28.1589
36.1345
22.4227
35.4459
40.0559
34.6793
38.8694
38.8909
19.9984
36.9685
18.0659
27.4564
29.1576
36.5084
36.9065
37.6045
35.429
36.0931
41.8398
23.3442
26.76
46.5328
31.8338
33.9929
28.471
36.5787
39.301
17.5527
25.3523
29.5924
31.8917
24.6384
27.0547
34.3597
40.4382
38.5637
30.4056
41.3428
17.0058
39.0658
39.5726
26.1865
29.4863
41.1519
38.1238
44.3255
39.5506
35.0033
33.2063
29.3392
24.805
34.7636
30.0098
45.0966
19.9606
34.9045
23.4219
38.5677
40.6424
31.6871
26.3625
25.6957
18.6462
35.2824
34.7935
37.3071
33.4935
32.8718
21.279
36.2706
31.594
41.6075
35.6074
34.7782
25.1227
42.9181
45.2733
31.8853
7.17422
25.4352
44.4433
34.2182
21.6996
36.9022
31.6944
21.4011
40.5803
39.1772
11.8889
32.732
48.1173
42.6162
34.3489
37.274
34.8716
37.3808
32.681
40.3861
34.9156
46.8232
10.1387
43.0518
11.0486
40.2666
9.28149
28.4485
35.3294
19.9858
39.2714
21.3325
46.7285
23.7398
27.2111
45.6794
35.1362
32.1202
43.487
21.1074
25.1281
38.9887
19.0056
25.7138
14.1026
40.4161
29.0473
25.7888
36.4207
20.3044
28.0717
27.9061
33.483
36.7485
34.5876
29.6422
27.776
15.1402
25.7171
35.803
37.5377
24.3295
22.812
36.885
39.1439
31.6509
44.833
34.2541
38.5046
25.0242
42.0509
31.7811
35.6549
37.0874
10.8631
17.0291
14.9642
31.846
17.0835
26.4056
20.3465
21.3772
25.7784
46.7667
34.7525
34.6115
31.2738
28.42
35.3829
33.0346
39.2226
30.5637
33.225
47.0193
32.9417
31.4809
23.494
31.4068
37.3095
39.352
25.9178
32.5641
39.7683
35.6947
44.2464
34.0584
37.2835
39.7092
9.42455
34.9996
34.4758
24.2993
31.4985
37.8777
30.5969
39.263
17.7843
19.9845
39.6685
29.6287
43.367
39.285
31.7666
26.4023
36.2596
37.8284
24.976
24.1749
38.8324
32.0529
32.3171
22.278
28.7251
13.8079
35.7338
34.4708
35.3855
24.1749
37.2131
30.8162
40.7918
16.0624
40.8359
39.9468
32.5965
42.6949
14.7312
37.8651
22.8355
8.38058
43.597
30.7633
41.5916
35.041
32.691
26.3855
39.8261
27.6935
46.4657
37.2607
42.3016
43.1682
39.551
28.7024
30.9584
44.2145
30.9442
20.9631
32.5342
29.9232
31.162
32.4337
36.4081
18.9627
24.8735
37.174
21.4474
36.415
41.0727
25.4981
43.222
24.3166
37.2694
30.1215
29.8549
27.5306
36.5364
18.9164
39.4568
23.6187
28.3631
32.9716
37.8269
32.6462
36.6113
31.823
31.8079
29.4857
31.2272
27.4011
44.3983
28.5361
31.8127
30.6337
31.2578
26.5196
38.4418
37.5777
38.8576
36.0914
33.4619
39.7783
36.4298
48.1066
39.4288
39.8262
28.2795
37.9472
27.8549
47.8864
29.9413
44.717
38.3741
36.7555
26.8671
38.1197
22.9933
28.3719
32.3776
32.834
29.2313
37.7332
32.7685
35.5288
22.9019
45.3262
46.1526
41.5362
27.6907
33.7777
35.8486
29.9759
33.4788
34.6485
38.8254
35.8372
30.6391
34.4435
40.8868
44.6169
45.2102
41.3855
24.7499
26.4768
36.8071
12.8523
38.7492
38.9458
22.7406
22.2462
27.42
10.3832
18.9399
26.5365
30.3748
33.448
29.6454
34.0805
29.4607
30.2681
42.0558
21.3848
32.5538
33.1662
14.893
18.7849
41.7147
48.1515
28.9027
44.2716
35.3951
21.851
32.7145
30.2992
36.4044
24.5408
43.2752
33.7591
38.4504
44.9237
34.1106
9.6961
11.1064
33.0073
22.5666
37.331
44.3705
25.8433
45.3213
24.5199
32.7195
33.532
19.5815
38.6039
34.5639
32.2944
30.9385
25.933
26.1342
35.7466
34.5918
17.7711
21.5951
44.7069
42.5195
43.5141
38.4801
26.2784
36.7852
37.2814
39.7311
34.5095
36.9985
33.827
42.2112
36.1842
28.1758
46.7981
18.3085
23.0031
19.5371
26.9708
25.5429
32.0575
21.2324
28.4838
32.7659
36.7505
33.6965
30.2348
34.1674
33.921
35.3526
34.1586
41.853
31.405
35.3161
30.9627
34.1317
31.0908
35.5467
31.0542
43.225
19.7064
37.9463
44.7823
42.646
32.9686
16.705
43.4739
29.1901
21.3653
35.5059
26.6542
40.2226
29.0591
28.2977
30.336
47.1698
27.7129
36.4038
32.2842
26.9195
36.7776
40.0616
32.1447
26.7683
29.5967
31.6385
44.4859
16.3425
36.6714
19.1902
31.3419
36.3313
37.0922
43.3365
34.6773
24.1717
42.5232
40.536
33.3233
36.9304
35.4939
22.8321
32.9375
28.389
33.4387
25.8625
24.9404
43.6201
26.3455
24.5702
36.4201
45.0973
26.9481
29.962
32.9942
40.4752
35.2182
35.9984
37.0292
38.2856
40.8681
42.4265
42.4662
42.4215
26.2971
38.9392
37.8223
35.9952
31.1609
29.4091
36.6352
32.7115
25.0951
27.4485
39.6419
16.9054
32.685
35.2243
40.4051
42.3241
31.3
33.8084
30.6099
27.0867
39.1085
37.6213
43.4562
27.6121
38.7716
10.8155
28.7167
30.2029
27.3203
24.5577
36.7655
29.953
30.213
46.2455
38.6651
16.9856
3.74673
31.6855
25.3587
37.977
32.6128
41.2077
40.0265
33.9183
41.6659
28.8316
40.7628
30.3137
39.5044
28.0621
34.4148
23.2492
40.3494
26.3263
32.1534
20.8789
29.1896
37.8055
27.2928
27.0541
38.0224
32.9945
37.333
38.2175
41.0448
44.7358
32.8024
38.7545
24.2553
41.4315
39.6824
22.741
43.449
38.0692
12.0514
28.6611
37.3298
21.1954
41.1271
28.255
29.0577
23.7959
46.3604
19.3992
28.8275
48.865
33.6366
31.3338
41.5613
41.3278
15.9364
17.7854
35.4177
39.682
40.24
35.8143
30.908
29.4304
13.643
27.8711
45.1489
33.7035
33.5566
37.9603
35.7015
25.4896
39.3333
28.3247
31.4288
32.1121
26.0687
35.3816
35.4831
39.4197
20.9888
30.3893
32.8374
21.9211
27.0829
34.7106
32.2914
39.2335
32.5861
28.6827
36.5242
38.399
43.4776
26.2489
29.7843
38.2178
19.9133
41.7748
39.2188
24.1924
40.488
32.008
21.4625
31.8801
25.8081
26.9495
22.2884
29.5478
20.9936
36.7565
35.9725
25.4415
21.029
41.7903
36.2849
25.2556
21.8575
40.2954
26.3779
42.269
39.6866
33.7935
24.1233
33.8414
23.5476
34.0196
25.4461
30.656
38.5397
44.0998
31.2326
40.083
39.8972
27.5625
10.9428
28.7532
35.4347
32.4572
32.2787
15.8453
38.6146
46.5439
29.9085
16.7926
26.7744
33.6455
42.7309
45.462
38.7587
38.9285
29.3866
40.8745
32.9943
30.0437
27.5852
34.7844
31.964
38.7452
31.1785
30.1654
45.9144
38.5199
30.8578
25.9724
32.4337
31.5119
32.4924
16.4433
36.6705
28.6279
43.9372
45.0661
38.5153
9.74625
31.2124
31.7642
21.8176
27.5746
33.8639
31.3942
35.8916
31.8361
12.8946
33.6506
35.4165
41.8515
36.3636
23.806
28.4016
39.5545
41.6597
33.4809
25.164
16.9634
34.3201
26.7242
28.6547
32.4049
17.3068
32.8261
25.3118
40.3026
24.6695
37.9962
39.0323
26.8407
40.0044
38.3794
16.8345
15.753
23.4746
43.9127
31.2046
34.4609
36.2698
41.8531
11.0955
22.0223
36.4322
34.132
38.871
32.8445
42.7899
34.5983
35.0707
34.0663
22.2559
37.9859
16.1893
29.2448
31.8094
38.9719
33.796
23.0474
37.2819
40.0644
41.0853
29.6408
43.3601
30.2042
31.5578
31.9379
39.7663
29.6127
36.4846
25.8452
8.65423
29.0126
16.7698
35.9966
39.923
39.8653
37.4142
25.2459
23.522
40.9609
38.3091
44.0772
36.0915
37.4494
22.138
34.3598
19.4142
25.9498
29.8165
24.4051
20.4132
30.0072
31.6386
36.4122
44.5953
32.3194
40.3647
26.1836
25.1785
39.8199
41.5864
42.8138
28.8524
37.9599
32.6921
35.8472
33.5971
31.7188
32.7351
25.5211
22.0826
39.0318
22.0238
18.7001
31.679
23.9754
40.3942
40.8083
43.4493
41.6167
29.9698
32.6842
34.7045
33.013
39.2874
40.0307
25.0879
34.674
26.4873
31.3314
38.2915
34.2049
35.3303
33.3701
24.5733
30.2524
28.4896
38.9407
33.134
24.4139
35.4352
29.9844
38.2587
40.4868
29.3334
37.6162
33.5869
32.421
40.1031
39.3259
19.772
27.0046
25.1546
40.6054
37.6142
19.6281
32.5174
37.4534
34.0325
34.4294
38.6194
28.4524
36.3536
29.2258
18.0928
40.4245
39.7505
42.0377
44.8605
27.4828
41.269
32.4665
20.7671
38.2187
30.3294
19.2822
27.3662
43.0683
40.4632
45.4317
43.1695
26.1423
46.2751
42.3783
20.3098
32.4839
36.3568
37.6413
40.8788
26.1892
9.77245
46.4501
21.3755
16.0161
23.2177
37.9801
27.246
21.5589
44.0577
14.6535
15.9886
47.0934
28.1807
41.908
37.1775
18.1398
26.3147
38.5816
45.8248
40.9083
38.5199
33.9326
36.5744
37.577
27.3012
36.83
28.8665
17.066
35.1386
39.9846
18.4492
29.103
32.0991
34.6336
41.8138
36.3486
33.5632
27.2797
25.9738
36.1024
40.9764
33.5902
36.1753
45.2056
28.5851
26.5727
29.4516
38.8772
41.7879
36.0976
30.5793
32.1624
32.3911
21.3964
34.9023
41.678
36.9319
21.7739
28.7854
34.9742
42.718
25.5497
22.0306
18.2083
32.6814
30.4829
22.1526
10.9353
26.0517
33.7464
31.1516
20.4328
42.0091
30.0023
11.7587
43.2684
39.8574
29.7998
41.6243
22.5087
30.9945
31.4069
40.0791
36.9429
27.6596
43.0986
31.7448
17.5798
30.2537
34.625
46.7567
29.2451
39.5095
35.4058
24.8697
36.74
30.2218
31.9776
27.2713
19.0489
14.682
29.2296
26.9462
35.6419
33.6648
22.3272
42.5024
29.1873
32.6058
41.8317
39.3819
33.0146
22.2865
39.5817
33.8262
28.9546
39.0798
38.4055
29.4671
36.3171
33.6025
34.5143
38.2699
31.3237
27.3556
20.804
37.7203
44.2962
16.6154
26.4276
45.4297
14.2488
49.2481
36.7427
34.0767
34.7439
37.7727
39.4937
25.3181
33.079
29.621
32.3244
16.7729
34.8113
35.9892
32.1574
38.1052
36.3723
32.3092
36.6114
42.4798
38.9259
39.6804
18.6576
24.8521
42.6353
25.8922
38.6124
15.0985
27.2615
31.8434
7.39426
39.769
20.2344
14.9084
41.5438
36.398
36.3773
27.0634
31.1109
18.2795
18.4136
24.5632
34.6795
27.3432
35.1449
38.0213
29.4974
32.7519
32.6882
19.8834
38.1598
29.1623
44.7349
42.1765
38.0812
25.4537
24.7958
35.7089
39.3606
35.1571
17.1937
37.3174
29.648
39.327
27.897
40.0186
33.8566
27.3705
39.3893
10.7253
32.5098
38.4676
45.4177
18.4219
28.443
16.9583
37.9832
25.1575
22.9141
28.2035
39.2625
37.8556
27.7062
24.3474
19.6189
28.6689
43.8464
31.609
32.8472
27.8325
26.4078
24.5832
34.4705
34.0537
22.417
30.5568
45.3202
41.6232
34.9
41.946
20.5292
23.7572
46.0689
40.55
15.6367
26.8832
35.9651
38.4053
17.8303
36.4591
25.6475
34.4383
30.3393
29.9737
27.4365
41.4024
39.2385
22.9979
36.0614
32.3189
21.3331
30.0482
40.8492
32.9932
34.4018
19.1088
27.5452
31.2788
32.5127
24.2303
32.4603
35.0565
39.2836
42.3289
27.7547
24.419
34.2019
39.5529
26.8073
32.9387
33.4246
39.2364
43.047
31.9677
27.5774
44.2966
37.542
35.794
39.5615
33.9381
24.7244
23.6078
42.1151
33.8578
49.4482
36.3082
34.6504
25.1484
30.5988
28.6351
39.6848
25.3569
17.625
47.3009
37.1803
28.8079
42.7946
24.9006
28.3137
37.3477
36.6499
46.7318
30.0371
32.1861
43.3907
15.6285
17.1355
41.4194
16.408
32.6247
36.6669
29.5549
43.4867
39.0887
29.3018
18.2269
32.3
21.8227
43.0975
29.4156
23.5643
38.7146
14.3919
34.9216
36.2196
19.5966
42.5779
41.6347
31.5307
16.0569
34.5328
29.0492
43.8289
28.3366
36.3436
41.9272
31.3005
21.0791
32.8813
19.9108
31.9546
39.9583
21.3223
18.1519
41.3133
38.1025
37.6359
21.7122
41.0803
40.2674
11.9728
38.5104
32.443
34.5794
30.3689
36.9128
38.1087
30.8583
39.5689
20.9107
19.2172
45.4024
31.1001
40.8919
30.1152
34.0465
41.8173
30.1435
35.551
30.7512
41.8602
35.3295
33.1664
42.5261
30.7097
25.0397
45.9623
23.6505
33.4149
32.1926
37.6284
41.3049
29.3643
33.9618
11.2668
28.6697
30.7063
19.0096
32.2678
34.5454
18.4373
31.5047
33.4578
17.8746
42.8312
29.0387
30.387
27.0169
46.1058
39.9761
16.3468
33.761
34.2345
31.095
44.6016
34.2955
14.5543
19.7757
47.0652
39.731
24.2253
25.0337
37.5685
41.343
34.3952
45.115
20.4889
47.1236
24.038
26.5992
39.3663
40.2959
42.0943
39.7662
36.1284
15.1775
27.9415
37.2649
34.5847
16.703
21.0604
16.2323
34.7503
28.5266
13.4641
34.7225
33.1106
19.0929
24.2864
24.0951
27.6243
42.0715
28.4097
46.6451
24.1095
30.2726
24.2772
39
31.5809
21.5922
11.8887
40.6303
30.0899
43.0447
22.8811
20.0403
44.6792
33.1255
39.1273
39.9437
35.095
19.5063
33.3451
40.3724
31.8972
35.4523
36.5226
43.6354
26.5741
41.8302
30.2682
42.1474
34.2696
32.8577
29.1553
31.9951
37.4414
31.8272
22.7229
30.9388
11.7909
34.3292
37.2302
40.3868
45.7704
28.6653
38.7879
31.4875
27.8581
35.8591
19.8638
45.5776
35.1036
32.1853
29.7115
32.1322
20.7444
20.3238
19.1748
28.4489
40.663
28.5649
26.633
24.8279
39.5071
36.4093
33.8202
34.5936
20.5554
42.83
36.5387
34.8606
41.1762
30.903
31.5722
39.3987
24.2936
39.9638
34.2166
34.6979
24.1658
35.9549
24.6512
40.7031
29.7163
39.564
29.0245
36.9152
33.6477
35.4903
28.1234
37.6825
29.8902
33.9386
16.2572
41.2864
38.2115
26.1981
38.939
42.1584
26.7127
37.1041
20.4122
17.9596
16.5548
29.8038
41.8314
37.3703
37.6613
35.7601
36.9405
31.506
29.2487
36.7783
32.8613
33.4491
42.3543
42.2395
39.2659
7.62825
37.8425
39.6651
20.9939
33.4115
43.5597
32.2646
20.2766
30.9313
16.4316
31.7031
37.0606
28.7652
27.1535
36.3114
32.1066
37.3283
39.8003
46.4146
30.0011
29.748
27.4042
22.4949
23.6091
46.3238
46.5847
26.8687
28.661
47.3279
30.9061
39.1632
43.4461
6.87686
41.9423
40.292
25.5686
32.9534
32.5595
19.7366
42.1528
34.0319
24.8635
38.9265
38.5276
20.136
30.859
36.6134
29.9472
35.5871
32.7257
39.6771
32.3232
31.2836
32.7765
25.8498
44.7042
43.4749
35.1567
33.3415
39.4244
43.882
39.04
21.175
29.6416
28.0497
20.2277
18.5106
22.7596
33.2168
41.5525
40.5995
39.717
18.2941
37.2818
22.5655
28.1862
10.5647
37.6511
34.2674
25.6974
36.9262
15.6002
45.6876
37.567
39.4576
25.7463
35.4156
44.8121
19.4228
26.4218
35.584
22.2927
31.6403
30.5733
41.1607
25.2437
19.118
25.7596
39.9263
19.1743
33.5354
31.4702
26.6586
31.6895
44.4482
20.3972
43.5232
28.3943
17.6935
32.1895
13.7739
40.9029
37.1271
35.8097
43.9774
43.3244
24.4042
15.3805
30.6065
32.6592
43.6616
45.0836
32.2076
43.0011
38.8071
39.1243
32.2461
21.4327
42.4331
25.3207
38.1067
23.8185
36.84
32.471
35.3476
35.7705
37.4716
36.2738
30.8976
24.2639
37.8108
26.0179
25.6197
28.3693
17.2299
37.7252
45.8158
30.8676
21.8685
30.5495
36.6139
26.1076
45.5619
21.8508
15.0025
24.459
23.9364
35.8069
20.6736
28.6343
42.5059
33.4658
36.0979
34.8736
38.4857
41.469
25.5125
29.0495
42.6032
23.5997
31.4149
25.6644
21.9654
41.5041
30.1211
31.2971
4.67538
41.5668
25.8616
45.7625
11.6988
13.7831
15.8613
41.6232
22.6623
20.8815
38.9244
20.1447
23.5321
33.0436
46.1201
22.4828
38.5703
14.1747
32.1545
28.0262
36.9046
24.2411
36.5475
38.4614
31.4561
12.6925
31.8106
32.4144
25.4234
47.0535
18.8311
26.3795
40.5563
30.6028
29.2283
41.0537
27.9179
23.0594
34.4534
23.9919
33.8056
37.0461
29.7802
41.6439
45.6579
35.173
37.3394
30.6683
27.6199
22.6687
31.087
30.9434
17.5149
44.006
35.3874
27.8495
38.8547
33.438
34.3811
24.6772
28.4183
41.3738
24.0945
9.78584
39.6734
23.3792
47.2672
40.7232
33.2542
37.4442
38.5054
27.387
37.887
44.7444
30.366
43.7651
22.3772
40.3081
21.2377
9.75849
37.6798
40.9083
39.5369
40.6358
29.157
17.6526
29.6419
42.5337
40.3344
35.54
30.9629
33.89
30.2439
29.3404
22.7077
36.2095
20.3313
34.2701
23.9772
36.07
44.2031
39.6713
24.1566
27.3947
43.305
46.4626
19.6112
34.3455
39.5257
38.6047
36.4829
37.7449
30.2858
32.5999
35.3851
10.0136
31.7576
37.7955
35.5285
30.6424
39.9301
43.767
15.2648
19.9483
43.0861
31.053
35.1018
26.2851
26.1396
30.5542
33.4546
31.0819
36.6217
40.8361
22.8498
38.7425
45.2771
39.5205
29.1114
24.5716
25.6677
39.5815
42.3091
41.1109
15.0668
39.6434
20.3003
42.3398
39.0278
39.7065
36.2732
29.8549
27.9745
14.3377
37.9005
41.8174
28.5635
38.4877
35.9438
42.8508
34.1097
20.8206
39.2665
38.9235
19.5152
30.4833
32.8096
21.7871
22.2281
30.4576
33.873
29.2276
30.347
40.4324
39.3939
27.6007
44.8241
36.4647
22.06
34.5635
28.741
46.574
40.5733
27.671
34.0776
23.9872
44.0263
43.3189
43.3942
38.3241
35.8827
32.8188
37.8819
46.7452
28.2219
29.3033
43.6967
28.5691
37.7016
45.7916
18.3218
24.9147
39.7151
26.6651
34.6955
22.3889
28.1942
10.4263
34.9825
44.3903
32.5062
8.79775
25.6768
35.8795
23.7775
35.2033
22.2544
44.5884
18.0106
23.3026
16.0965
30.7346
33.932
36.8218
46.1388
25.7394
43.6322
31.6206
31.8683
26.1591
38.1884
41.3827
28.6418
30.9093
40.4417
38.1158
40.9749
15.1517
38.2935
25.1855
32.0926
41.3321
33.8158
33.1144
45.1721
12.8265
17.8402
41.5216
30.8487
41.1791
40.2105
39.4557
17.8054
44.7362
33.659
41.9117
37.4215
44.5569
28.4779
33.9717
42.2985
25.7077
29.0567
26.1273
14.3281
30.7781
44.3514
15.8611
31.7585
27.9558
36.5123
23.746
42.7918
38.0339
37.6619
37.8018
32.4642
36.3048
35.6387
38.5733
20.7197
31.4968
23.1314
40.7706
26.9877
39.3926
44.8136
29.1601
31.9986
30.246
35.4101
29.788
31.7726
23.1702
13.1039
31.6014
29.3731
38.6736
28.3244
25.3672
33.794
44.5358
37.604
29.4776
14.267
20.5846
37.9696
32.1073
39.2094
27.0469
40.4498
35.0845
16.8638
10.9262
30.4531
41.5659
46.6738
43.4629
39.4808
26.488
44.3599
32.6805
29.1368
30.3452
20.1482
36.5018
29.253
44.0991
33.8713
44.5463
38.0019
20.1574
29.9799
45.0509
37.1012
30.8152
33.1763
43.8776
33.5759
24.5936
40.9933
35.8673
33.6438
37.202
29.7212
21.8595
37.4291
40.1205
44.6969
47.4474
12.2882
39.2273
24.4704
34.0796
26.8676
26.1474
39.4065
40.9656
41.1106
40.9477
27.1527
33.2841
34.4104
24.7558
29.0658
41.9488
35.3231
27.777
29.4523
40.7389
36.2786
24.9306
29.3534
30.6736
43.9372
29.1288
42.3142
38.2516
44.1954
17.7121
44.8796
29.9973
21.3444
43.9064
28.2234
30.6553
30.324
39.9378
22.3139
32.1778
44.8621
28.3306
37.7268
42.6283
39.7839
40.5116
15.1581
35.6802
44.68
35.7852
38.0442
42.5588
16.347
39.0569
15.9911
37.1219
33.6672
24.4918
40.4926
36.6462
29.1579
28.8762
34.4413
31.2434
31.401
18.9453
41.5416
42.0667
18.169
40.02
40.7872
18.0001
21.8802
36.7467
24.8412
30.8052
20.4249
37.4722
31.2293
36.86
34.7455
21.7152
26.0364
18.0778
23.537
25.2464
25.5627
44.3168
25.5386
30.8608
29.0765
35.0717
36.2027
34.1771
35.2168
39.4252
28.347
23.6416
31.2568
27.99
45.3728
41.0944
37.134
23.8854
22.3207
23.1614
37.2215
39.1168
21.7332
28.3772
41.4458
36.1115
42.4222
37.0407
33.8408
39.6248
30.4676
27.3861
24.5905
36.7973
28.439
34.3577
38.458
33.7433
38.3507
30.003
25.3203
37.0216
30.5619
36.0795
25.724
34.6389
42.5341
31.3774
33.0802
44.9444
19.3479
25.2311
31.6061
29.995
29.8424
20.8359
18.1046
43.0463
29.4233
35.1843
32.8251
35.6187
46.4446
29.3196
39.0924
30.5915
44.1633
36.9431
44.3805
37.6952
22.1557
20.8421
42.0577
25.7272
38.5812
33.57
23.6074
42.1755
34.3136
32.1096
20.7603
37.2247
38.4041
33.5008
38.5342
33.8339
31.2335
33.0578
19.535
39.5566
39.9016
40.19
30.2035
28.4866
33.5599
17.7779
21.2636
38.7922
35.3736
40.8391
31.1353
36.214
31.6332
35.7559
33.6674
13.4337
29.8503
27.955
36.656
44.9347
43.7322
31.1245
33.6235
36.3064
36.6247
26.8758
36.3093
35.1592
45.1659
30.0724
33.1371
33.2048
18.6919
46.4433
41.9106
31.9261
36.3103
26.8016
28.9382
27.7993
23.9795
36.5391
37.0629
12.4299
32.3315
31.6843
36.5058
36.1487
31.2864
43.8558
24.5733
38.2922
27.0974
40.7076
29.1592
42.0644
28.6243
28.4766
29.768
29.1596
36.2208
32.3398
32.5679
45.3967
35.8186
35.8694
16.5215
27.1537
38.5949
31.4712
19.4523
39.3138
39.6851
23.1238
32.9527
19.5466
31.6267
31.4873
31.8957
28.2182
31.7912
41.2738
30.7188
42.2626
44.9074
28.2085
35.8381
34.9491
40.5381
44.4841
38.1252
36.583
34.2003
13.352
31.6625
29.1864
41.2252
44.0976
43.6734
32.5269
22.3259
29.8715
31.4543
33.922
31.8955
37.0876
39.5619
34.8938
24.6498
40.9178
25.6342
40.1909
38.0199
20.0372
39.6427
36.5918
36.7495
27.3675
33.715
36.4142
35.0292
35.2535
40.63
37.7695
32.413
24.4903
41.1534
21.2645
44.0135
21.9723
40.6473
45.5324
24.543
16.2989
30.926
17.676
17.7711
41.7565
30.4867
41.3877
22.4011
31.1387
41.2719
40.3614
45.0795
34.9631
37.5411
27.7174
40.5504
24.4137
39.3375
38.6352
39.8132
