0
0
0
0
0
0
0
0
0
0
0
0
0
0
0
1.14752
0
0
0
0.100445
0
0
0
0
0
0
0
0
0
0
0
0
1.45198
0
0
0
0
0
0
0
0
0
0
0
0
0
0
0
0
0.0144629
0
8.9208
0
0
0
0
0
0
0.00333009
0.243768
0.0424002
0
0
0
0.0223753
0
0.0401342
0
0
0
0
0
0
0
0
0
0
0
0
0
1.15327
0
0
0
0
0
0
0
0
0
0
0
0
0
0
0
0
0
6.12056
0
0
0
0
0
0
0
0
0
0
0
0
0
0.50602
0
0
0
0
0
1.07335
0
0
0
0
0.244488
0
0
0
0
0
0
0
0
0
0
2.36384
0.334416
0
0
0
0
0
0
0
5.99655
0
0
0
0
0
0
0
0
0.111671
0
0
0
0
0
0
0
0
0
0
0
4.76257
0
0
0
0
0
0
0
0
0
0
0
0
0.0848485
0
0
0
0
0
0
0
0
0.208245
0
0
0
0
0
0
0
0
0
0
0
0
0
0
0
0
0
0
0
11.5322
0
0
0
0
0
0
0
0
0
0
0
0
0
0
0
0
0
0
0
0
0
0
0
0.244351
10.017
0
0
0.0641106
0
0
1.23477
0
0
0
0
0
0
0
0
0
0
0
0
0
0.565107
0
9.34193
0
0
0
0
0
0
0
17.2583
0
0
0
0
0
0
0
0
0
0
0
0
0
0
0
0
0
0
0
0
0
0
0
0
0
0
0
0
0
0
0
2.91986
0
0
0
4.85665
0
0
0
0
0
0
0
0
0
0.187791
0
0
0
0
0
0
1.15416
0
0
0
0
0
0
0
0
0
0
0
0.159997
0
0
0
0
0
0
0
0
0
0
8.64911
0
0
0
0
0
0
0
0
0
0
0
0
0
0
0
0
0
0
0
0
0
0
0.0700689
0
0
0
7.777
0
0
0.78874
0
0
0.181069
0
0
0.130525
0
0
0
0
0
0
0
0
0
0
0
0
0
0
0
0
0
0
0
0
0.00486336
0
0
0
0
0
0
0
0
0
0
0
0
0
0
0
0
0
0
0
0
0
0
0
0
0
0
0
0
2.13649
0
0
0
0
0.0461474
13.7484
0
0
0
0
0
0
0
0
0
0
0
0
0
0
0
0
0
0
0
0
0
0
0
0
0.0490113
0
0
0
0
0
0
0.496682
0
0
0
0
1.78893
0
0
0
0
0.0635849
0
0.221015
0
0
0
0
0
0
0.344845
0
0
0
0
0
0
0.264863
0
0
0
0
0
0
0
0
0
0
0
0
0
0
0
0
0
0
0
0
0.217844
0
0
0
0
0
0
0
0
0
0
0
0
1.19389
0
0
0.2144
0
0
0
0
0
0
0
0
0
0
0
0
0
16.3112
3.59141
8.05478
0.522835
0
0
0
0
0
0
0
0
0
0
0
0
0
0
0
0
0
0
0.202425
0
0
0
0
1.58894
0
0
0
0
0
0
0
0
0
0
0
0
0
0
0
0
0
0.719794
0
0
0
8.78273
0
0
0
0
0
0
0.00412089
0.0278807
0
0
0
0
0
0.561255
1.25414
0
0
0
0
0
0
0
0
13.6211
0
0
0
0
0
0
0
0
0
0
0
0
0
0
0
0
4.7026
0
0
0.317608
0.628113
0
0
0
0
0
0
0
0
0
0
0
0
0
0
0
0
0
0
0
0
0
0
0
0
0
0
0
5.48852
0
0
0
0
0
0
0
0
0
0
0
0
0
0
0
0
0
0
0
0
0
0.128448
0
0
0.444987
0
0
0
0
0
0
0
0
0
0
0
0
0
0
0
0
0
0
0
0
0
0
0
0
0
0
0
0
0
0
0
0
0
0
0
0
0
0
0
0
0
0
0
0
0
0
0
1.4033
0.596221
0
0
0.000631385
0
0
0
0
0
0
0
0
0
0
0.57682
0
3.82534
0
0
0
0.00294163
0
0
0
0.110212
0
0
0
0
0
0
0
0
0
0
0
0
0
0
0.465064
0
0
0
0
0
0
0
0
0
0
0
0
0
0
0
0
0
0
0
0
0
0
0
0
0
0
0.408025
0
0.00916881
0
0
0
0
0
0
0
0
0
0
0
0
0
0
0
0
0
0
0
0
0
0
0
0
0
0
0
1.14979
7.65059
4.6656
0
0
0
0
0
0
0.271455
0
0
0
1.47219
0
0
0
0
4.51245
0
0
0
0
0
0
0
0
0
0
0
0
0
0.0436885
0
6.79519
0
0
0
0
0
0
0
0
0
0
0
0
0
0
0
0
0
0
0
0
0
0
0
0.0625511
0
0
0
0
0
0
0
0
0
0
0
0.430233
0
0.0712712
0
0
0
0
0
0
0
0.174479
0
0
0
0
0
0
0
0
0
0
0
0
0
0
0
0
0
0.312695
0
0
0
0
0
0.798258
0
0
0
0
0
0
0
0
0
0
0
0
0
0
0
0.0420698
0
0
0
0
0
0
0
0
12.1723
0
0
0
2.36811
0
0
0
1.33731
0
0
0
0
0
0
0
12.0511
0
0
0
0
0
0
0
0
0
0
0
0
0
0
0
0
0
12.0757
0.0416079
0
0
0
0
0
0
0
0
0
0
0
0
0
0
0
0
0
0
0
0
0
0
0.140727
0
0
0
0
0
0
0
0
0
0
0
0
0
0
0
2.35034
0
0
0
0
0
0
0
0
0
0
0
0
0.923126
0
0
0
0
0
0
0
0
0
0
0
0
2.06328
0
0
0
0
0
0
0
0.303761
0
0
0
0
0
0
0
0.00773477
0
0
0
0
0
0
0
0
0
0
0
0
0
0
0
0
0.00371824
0
0
0
0
0
0
0
0
6.63169
0
0
0
0
0
0
0
0.177555
0
0
0
0
0
0
0
0
0
0
0
0
0
0
0
0
0
0
0
0
0
0.0614491
0
0
0
0
0
0
0
0
0
0
0
0
0
0
0
0
0
0
0
0
0
0
0
0
0
0
0
0
0
0
0
0
0
0
0
0
0
0
0
0
0
0
0
0
0.116373
0
0
0
1.42724
0
0
0
0
0
0
0
0
0
0
0
0.604718
0
0
0
0
0
0
0
0
0.00024795
0
0
0
0
0
0
0
1.88225
0
0
0
0
0
0
0
0
0
0
0
0
0
0
0
0
0
0
0
0
0
0
0
0.543353
0
0
0
0
0
0
0
0
0
0
0
0
0
0
0
0
0
0
1.33687
0
0
0
0
0
0
0
9.4034
0
0
0
0.539088
0
0
0
0
0.00591392
0.616421
0
0
0
0
0
0
0
0
0
0
0
0
0
0
0
0
0
0
0
0
11.9496
0
0
0
0
0
0
0
0
0
0
0
0
0
0
0
0
0
0
0
0
0
0
0.0399871
0
0
0
0.921199
0
0
0
0
0
0
0
3.27442
0.270661
0
0
0
0
0
0.31104
0
0
0
0
0
0
0
0
0
0
0
0.00788477
0
0
0
0
0
0.0127132
0
0
0
0
0
0
0
0
0
0
0
0
0
0
0
0
0.125684
0
0
0
1.09564
0
0
0
0
0
0
0
0
0
0.171207
0
0
0.0242773
0
0
0
0
0
0
0.138159
0
6.14533
0
0.609649
0
0
0
0
0
7.15297
0
0
0
0
0
0.013481
0
0
0
5.42846
0
0
0
0
0
0
0
0
0
0
0
0
0
0.204467
0
0
0
0
0
0
8.44755
0
0
0
0
0
0
0
0
0
0
0
0
0
0.0260298
0.101702
0
0
0
0
0
0
0
0
0
0
0.014629
0
0
0
0
0
0
0
0
0.0898852
0
0
0
0
0
0
0
0
0
0
0
0
0
0
0
1.83458
0
0
4.33406
0
0
0
0
0
0
0.451087
0
0
0
0
0
0
6.80422
0
0
0
0
0.0162227
0
0
0
0
0
0.298901
0
0
0.131229
0
0
0
0
0
0
0
0
0
0
0
0
0
0
0
0
0
0
0
0
0
0
0
0
0
0
0
0
0
0
0
0
0.131122
0
0
0
0
0
0
0
0
0
0.00476775
0
0
0
5.5565
0
0
0
0
0
0
0.0889609
0
0
0
0
0
0
0
0
0
0
0
0
0
0
0
0
0
0.49682
0
0
0
0
0
0
0
0
0
0
0.0963833
0
0
0
0
4.75579
0
0
0
8.49701
0
0
0
0
0.107846
0
0
0
0
0
0
0
0
0
0
0
0.264874
0
0
0
0
0.0260399
0
0
0
0
0
0
0
0
0
0
0
0
0
0
0
0
0
0
0
0
0
0
0
0
0
1.54395
0
0
0
0
0
0
0
5.37355
0
0
0
0
0
0
0
0
0.379701
0
0
0
0.0922995
0
0
0
0
0
0.0204054
0
0
0
0
0
0
0
0
0
0
0
0
0
0
0
0
0
0
0
0
0
0
0
0
0
0
0
0
0
0
0
0
0.167855
0
0
0
0
0
0
0
0
0
0
0
0
0
7.22264
2.42226
0
0
0
0.290834
0
0
0
0
0
0
0
0
0
0
0
0
0
0
0.0512453
0
0
0
0
0
0
0
0
1.13975
0
0
0
0
0
0.204367
0
0
0
0
0
0
0
0
0
0.170396
0
0
0
0
0
0
0
0
0
0
0
0
0
0.000777936
0
0
0
0
0
0
0
0
0
0
0
0
0
0
0
0
0
0
0
0
0
0
0
0
0
5.6616
6.16275
0
0
0
0
0
0
0
0
0
0.00145527
0
0
0
0
0
0
0
0
0
0
0.429441
0
0
0
0
0
0
0
0
0
0
0
0
0
0.682975
0
0
0
0
0
0
0
0
0
0
0
0
0
0
0
0
0
0
0
0
0
0
0
0
0
0
0
0
0
0
0
0
0
0
0
0
0
0
0
0
0
0
0
0
7.33858
0
0
0
0
0
0
0
0
0
0
0
0
0
0
0.865317
0
0
0
0
0
0
0
0
0
0
0
0
0
0
0
0
0
0
0.108677
0
0
0
0.0289024
0
0
0
0.0720443
0
0
0
0
0
0
0
0
0
0.288558
0
0
0
0
0
0
0
0
0
0
0
0
0
0
0
0
0
0
0
0
0
0
0.922774
0
0
0
0
0
0
0
0
0
0
0
0
0
0
0
0
0
0
0
0
0.0777973
0
0
0
0
0
0
0
0
0
0
0
0
0
0
0.0415889
0
0
0
0
0
0
0
0
0
0
0.080576
0
0
0
0
0
0
0
0
0
0
0
0
0
0
0
0
0
0
0
0
0
0
0
0
0
1.15102
0
0
0
0
0
0
0
0
0
0
0
0
8.8392
0
0
0
0
0
0
0.190528
0
0
0
0
0
6.81859
0
0
0
0
0
0
0
0
0
0
0
0
0
10.0157
0
0
0.299618
0
0
0
1.07985
0
0
0
0
0
0
0
0
0
0
0
0
0
0
0
0
0
0
0
0
0.523255
0
0
0
0.0283243
0
0
0
0
0
0
0
0
0
1.03446
0
0
0
0
0
0
0
0
0
0.431868
0
0
0
0
0
0
0
0
0.217131
0
0
0
0
0
0
0
0
0
0
1.09515
0
0
0
0
0
0
0
0
0
0
0
0
0
0
0
0
0.372038
0
0
0
0
0
0
0
0
0
0
0
0
0
0
0
0
0
0
0
0
0
0.0316852
0
0
0
0
0
0
0
0
0.346424
0.161546
0
0
0
0
0
0
0
0
0
0
0
0
0
0
0
1.37109
0.237667
0
0
0
0
0
0
0
0
0
0
0
0
0
0
0
0
5.70531
0
0
0
0
0
0
0
0.217091
0
0
0.086685
0
0
0
0
0
0
0
0
0
4.44947
0
6.56721
0
0
0
0
0
0
0
0
0
0
0
0
0
2.17948
0
0
0
0
0
0
0
0.0569937
0
0
0
0
0.327909
0
0
0
0
0
0
0
0
0
0
0.613856
0
0
0
11.1076
0
0
0
0
0
0
11.6461
0
0
0
0
0
0
0
0
0
0
0
0
0
0
0
0
6.41729
5.94237
0
0
0
0
0
5.33419
0
0.0946404
0
0
0
0.562224
0
0
0
0
0
0
0
0
0
0
0
0
5.4037
0
0
0
7.40691
0
0
0
0
0
0.0071399
0
0
0
0
0
0
0
0
0
0
0
0
0
0
0
0
0
0
0
0
0
0.291821
0
0
0
0
0.333534
0
0
0
0
0
0
0
0
0.50914
0.029462
0
0
0
0
0
0
0
0.202359
0
0
0
0
0
0
0
0.0434856
0
0
0
0
0
0
0
0
0.00417613
0
0
0
0
0
0
0
0
0
0
0
0
0
0
0
0
0
0
0
0.0817132
0
0
0
0
0
0
0
0
5.48299
0
0
0
0
0
0
0
0
0
6.34261
0
0
0.00575345
0
0
0
0
11.7413
0
0
0
0
0
0
0
0
0
0
0
0
0
0
0
0
0
0
0.0441028
0
0
0
0
0
0
0
0
0
0
0
0
0
0
0
0
0
0
0
0
0
0
0
0
0
0
0
0
0
0
0
4.91131
0
0
0
0
0
0
0
0
0
0
0
0
0
0
0
0
0
0
0
0.992731
0
0
0
0
0
0
0
0
0
0
0
0
0
1.67172
0
0
0.304378
0.490211
0
0
0.0153774
0
0
0
0
0
0
0
0
0
0
0
0
0
0.00398181
0
0
0
0
0
0.245983
0
0
0
0
0
0
0
0
0
0
0
0
0
0
0
0
0.485692
0
0
0
0
0
0
0
0.193838
0
0
0
0
0
0
0
0
0
0
0
0
0
0
0
0
0
0
0
0
0
0
0
0
0
0
0
0
0.0474271
0
0
0
0
0
6.71506
0
0
0
0
0
0
0
0
0
0
0
0
0
0
0
0
0.53773
0
0
0.188982
0
0
1.37362
0
0
0
0
0
0
0
0
0
0
0
0
0
0
0
0
0
0
0
0
0
0
0.355444
0.00103376
0
0
0
0
0
7.28578
0
0
0
0
0
0
0
0
1.19125
0
0
0
0
0
0
0
0
0
0
0
0
0
0
0
0
0
0
0
0
0
0.154087
0
0
0.946945
0
0
0
0
0
0
0
0
0
0
0
0
0.687757
0
0
0
0
0
0
0
0
0
0
0
0
0
0
0
0
0
0
0
0
0
0
0
0
0
0
0
0
0
0
0
0
0
0
0
0
0
0
0
0.122805
0
0
0
0
0
0
0
0
5.4165
0
0
0
0
0
0
0
0
0
0
0
0
0
0
0
0.139928
0
0
0.0257633
0
1.61928
0
0
0
0
0
0
0
0
0
0
0
0
0
0
0
0
0
0
0
0
0
0
0
0.0113405
0
0
0.155007
0
0
0
0
0
0
0
0
1.23154
1.60778
0
0
0
0
0
0
0
0
9.50359
0
0
0
0
0
0
0
0
0
0
0
0.11598
0.890413
0
0
0
0
0
0
0
0
0
0
0
3.28383
0
0
0
0
0
0
0
0
0
0
0
0
0.403634
0
0
0
0
0
0
0
0.953405
0
0
0
0
0
0.456125
0
0
0
0
0
0
0
0
0
0
0
0
10.1709
0
0
0
0
0.0275054
0
0
0
0
0
0
0
0
0
0
0
0
0
0
0
0
0
0
0
0
0
0
7.73663
0
0
0
0
0.0408274
0
14.6616
0.401681
0.340943
3.52442
0
0
0
0
0
0
0
0
0
5.92252
0
0
0
0
0
0
0
3.57463
0
0
0.181273
0
0
0.248913
0
0
0
0
0.321319
0
0
0
0
0
0
0
0
0.519183
0
0.0979496
0.204543
0
0
0
0
0
0
0
0
0
0
0
0
0
0
0
0
0
0.0593007
0
0
0
0
0
0
0
0
0
0
0
0
1.89171
0
0
0
0
0
0
0
0
0
0
5.70212
0
0
0
0
0
0
0
0.213569
0
0
0
0.861619
0
0
0
0.310435
0.0181982
0
0
0
0
0
0
0
0
0
0.0645739
0
0
0
0
0
0
0
0
1.05464
0
0.0613135
0
0
0
0.0918327
0.74129
0
0
0
0
0
0
0
0
0
0
0
0
0
0
0
0
1.55157
0
0
0
0
0
0
0
0.928013
0
0
0
0
0
0
0
0
0
0
0
0
0
0.168441
0
0
0
0
0
0
0
0.0807607
0
0.006448
0
0
0
0.0981548
0
0
0
0
0
0
0
0
0
0
0
6.51419
0
0
0
0
0
0
0
0
0
0
0
0
0
0.191172
0
0
0
0
0
0
1.25912
0
0
0
0
0
0
0.32437
0
0.0299398
0
0
0
0
0
0
0
0
0
0
0
0
0.649467
0
0
0
0
0
0
0
0
0
0
0
0
0
0
0
0
0.312138
0.209554
0
0
0
0
0
0
0
0
0
0
0
0
3.89338
0
0
0
0
0
0
0.3805
0.0953536
0
0
0
0
0.0929079
0
0
0.0459615
0
0
0
0
0
0
0
0
0.0737727
0
0
0
0
0
0
0
0
0
0
0
0
0
0
0
0
0
0
0
0
0
0
0.14614
0
0
0
0
0
0
0
0.149055
0
0
0
0
0
0
0
0
0
0
0
0
0
0
0
0
0
0
0
0
0
0
0
0
8.53097
0
0
0
0
0
0.0887854
6.03036
0
0
0
0
0
0
0
0
0
0
0.118745
0
0
0
0
0
0
0.228668
0
0
0
0
0
0
0
0
0
0
0
0
0
0
0
0
0
0
0
0
0
0
0
0
0
5.4431
0
0
0
0
0
1.13837
0
0
0
0
0
0
0
0
0
0.794782
0
0
0
0
0.052571
0
0
0
0
0
0
0
0
1.34094
0
0
0
0
0
0
0
0.0307551
0
0
0
6.05664
0
0
0
0
0
0
0
0.0270786
0
0
0
0
0
0.257053
0
0
0
0
4.88569
0
0
1.64945
0
0
0
0.323385
0
0
0
0
0
0
0
0
0
0.0587257
0
0
0
0
0
0.0578927
0
0
0
0
0
0
0
0
0
0
0
0
2.23281
0
0.0327971
0
0
0
0
0
0
0
0
0
0
0
0
0
0
0
0
0
0
0
0
0.642033
0
0
0
0
0
0
0
0
0
0
0
0
0
0
0.300417
0
0
0
0.20462
0
0
0
0
0
0
0
0
0
0
0
0
0
0
0
0
0.628837
0
0
0
0
0
0
0
0
0.0266111
0.131454
0
0
0
0
0
0
0
0
0
0
0
0
0
0
0
7.83844
0
0
0
0
0
0
0
0
0
0
0
0
0
0
0
0
0
0
0
0
0
0
0
0
0
0
0
0
0
0.269211
0
0
0
0
0
0.0557255
0
0
0
0
1.04796
0
0
0
0
0
0.160345
0
0
0
0
0
0
0.958712
0
0
0
0
0
0
0
0
0
0
0
0
0
0
0
0
0
0
0
0
0.422037
0
0
0
0
0
0
0
0
0
0
0
0
0
0
0
0
0
0
0.064692
0
0
0
0
0
0.177479
0.436256
0
0
0
0
4.67973
0
0
0
0
0
0
0
6.11228
0.681901
0
0
0
0
0
0
0
0
0
0
0.227478
0
0
0
0
0.0690986
0
0
0
0
0
0
0
0
0.0302711
0
0
0.605256
0
0
0
0
0
0
0
0
2.61414
0
0
0
0
0
0
0
0
0.041109
0.0590149
0
0
0
0
0
0.332076
0
0
0
0
0
0
0
0.269797
0
0
0
0.0148453
0
0
0
0
0
0
0
0
0
0
0
0
0
0.0924504
0
0
0
0.887136
0
0
0
0
2.52503
0
0
0
0
0
0
0.0732924
0
0
0
0
0
0
0
0
0
0
0
0
0
0
0
0
0
0
0
0
0
0
0
0
0
0
0
0.0278594
0
0
0
0.286393
0
0
0
0
0
0
0
0
0
0.185678
0.0142639
0
0
0
0
6.56089
0
0
0.169025
0
0
0
0
0
0
0
0
0
0
0
0.0129511
0
0
1.01477
0
0
0
0
0
0
0
0.0315949
0
0.171046
0
0.259155
0
0
0
0
0
0
0
0
0
0
0
0
5.73689
0
0
0.0136348
0
0
0
2.63594
0
0
0
0
0
0
2.70288
0
0
0
0
0
0
0
0
0
0
1.25709
0
0
0
0
0
0
0
0
0
0
0
0.134945
0
0.0596246
0
7.279
0
0
0
0
0
0
0
0
0
0
0
0
0
0
0
0
0
4.02406
0.134857
0
0
0
0
0
7.71119
0
0
0
0
0.063089
0
0
0
0
0
0
0
0
0
0
0
0
0
0
0
0
0
0
0
0
0
0
0
0
0
0.955412
0
0
0
0
0
0
0
0
0
0
0
0
7.26119
0
0
0
0
0
0
0
0
0.0317019
0
0
0
0
0
0
0
0
0
0
0
0
0
0
0
0
0
0
0
0
0
0
0
0
0
0
0
0
0
0
0
0
0
0.74594
0
0
0
0
0
0
0
0
0.233528
0
0
0
0
0
0
0
0
0
0
0
0.0982782
0
0
0
0
0
0
0
0.842045
0
0
0
0
0
0
0
0.000142651
0
0
0
0
0
0
0
0
0
0
0
0
0
0
0
0
0
0
0.121134
0
0
0
0
0
0
0
0
0.0116879
0
0
0.567939
0
0
0
0
0
0
0
0
0
0
0
0
0.90788
0
0
0
0
0
0
0
0
0.740396
0
0
0
0
0
0
0
0
0
0
0
0
0
0
0
0
0
0
0
0
0
0
0
0
0
0
0
0.0239966
0
0
0
0
0.313464
0
0
0
0
0
0
0
0
0
0.0247657
0
0
0
0
0
0
0.0136322
0
0
1.46527
0
0
0
0
0
0
0
0
0
0
0
0
0
0
0
0
0
0
7.12449
0
0
0.366737
0
0
0
0
0
0
0
0
0
0
0.00155784
0.163418
0.115435
0
0
0
0
0
0
0
0
0
0
0
0
0
0
0
0
8.31905
0
5.73754
0
0.396199
0
0
0
0
0
0
0
0
0
0
0
0
0
0
0
0
0.0191146
0
0
0
0
0
0
0
0
0
0
0
0
0
0
0.410537
0
0
1.04459
7.77291
0
0
2.85025
0
0
0
0.685958
0
0
0
0
0.0774424
0
0
0
0
0
0
0
0
0
0
0
0
0
0
0
0
6.17194
0
0
0
0
0.0522023
0
0
0
0
0
0
0
0
0
0
0
0
0
0
0
0
0
0
0
0
0
0
2.44242
4.53168
0
0
0
0.42753
0
0
0
0
14.6751
0
0
0
0
0
0
0
0
0
0
0
0
0
0
0
0
0
4.89535
0
0
0.157552
0
0
0
0.267598
0
0
0
0.0858296
0
0
0
0
0
0
0
0
0
0
0
0
0
0
0
0.0808075
0
0
0.270265
0
0
0
6.39165
0
0.142061
0
0
0
0
0
0
0
0
0
0
0
0
0
0
0
0
0
0
0
0
0
0
0
0
0
0
0
0
0
0
0
0
0
0
0
0
0
0
0
0
0
0
0
0
0
0
0
0
0
0
0
0.216629
0.179104
0
0
0
0
0
0
0
0
0
0
0
0
0
0
0
0
0
0
0
0
0
0
0
0
0
0
0
0.00221611
0
0
0
0
0
0
0
0
0
0
0
0
0
0
0
0
0
0
0
0
0.0353462
0
0
0
0
0
0
0
0
0
0
0
0
0
0
0
0
0
0
0.288711
0
0
0
0
0
0
0
0
0
0.0756695
0
0
0
0
0
0
0
0
0
3.7565
0
0
0
0
0
4.63549
0
0
0
0
0
0
0
0
0
0
0.689501
0
0
0
0
0
0
3.07489
0
0
0
0
0
0
0
0
5.92457
0
0
0
0
0
0
0
0
0
0
0
0.00990272
0
0
0
0
0
0
0
0
5.83822
0
0
0
10.8356
0
0
0
0
0
0
0
0
0
0
0
0
0
0
0
0
0.00635518
0
0
0
5.89186
0
0
0
0
0
0
0
0
0
0
0
0
0
0
0
0
0.0183375
0
0
5.0313
0
0
0
0
0
0
0
0
0
0
0
0
0
0
0
0
0
0
0.653156
0.0448088
0
0
0
0
0
0
0
0
0
0
0
0
0
0
0
0
0
0
0
0
0
0
0
0
0.0537456
0
0
0
0
0
1.25377
0
0
0
0
0
0
0
0
0
0
0
0
0
0
0
0
0
0
0
0
0.129601
0
0
0
0
0
0
0.0337772
0
0
0
0
0
0
0
0
0
0
0
0
0
0
0
0
0
0
0
1.81498
0
0
0
0
0
0
0
0
0
0
0
0
0
0
0.546128
0.0128824
0
0
0
1.2362
0
0
0
0
0
0
0
0
0
0
0
0
0
0
0
7.55986
0
0
0
0
0
0
0
0
0
0
0
0
0
0
0
0
0
0
0
0
0
0
0
0
0
0
0
0
0
0
0
0
0.0451573
0
0
0
0.490518
0
0
0
0
0
0
0
0
0
0
0
0
0
0
0
0
0
0
0
0.102954
0
0
0
0
0
0
0
0
0
0
0
0
0
0
0
0.221837
0
0
0
0
0.208449
0
0
0
0
0
0
3.0105
0
0
0
0
0
0
0.200987
0
0
0
0.0695491
0
0.33148
0
0
0
0
0
0
0
0
0
0.139326
0
0
0
0
0
0.174225
0
1.83793
2.49336
0
0
0
0
0
0
0
0
0
0
1.32883
0
0.759427
0
0
0.10616
0
0
0
0
0
0
0
0
0
0
5.44133
0.0507653
0
0
0.329508
0
0
0
0
0
0
0
0
0
0
0
0
0
0
0
0
0
0
0
0
0
4.57692
0
0
0
0
0
0
0
0
0
0
0
0
0
0
0
0
0
0
0
0
0
0
0
0
0
0
0
0
0
0
0
0
0
0
0
0
0
0
0.162623
0
0
0
0
0
0
0
0
0
0
0
0
0
0
0
0.115505
0
0
5.35712
0
0
0
0
0
0
0.00178294
0
0
0
0
1.28236
0
0
0
0
0
0.31933
0
0
0
0
0
0
0
0
0
0
0
0
0
0
0
0
0
0
0
0
0
0
0
0
0
0
0
0
0
0
0
0
0
0
0
0.054636
0.233928
0
0
0
0
0
0
0
0
0
0
0
0
2.81305
0
0.12892
0
0
0
0.0802997
0
0
0
0
0
0
0
0
0
0
0
0
0
0
0
0
0
0
0
0
0
0
0
0
0.0640432
0
0
0
0
0
0
0
0
0.164983
0
0
0
0
0.600416
0
0
0
0
0
0
0
0
0
0
0
0
0
0
0
0
0
0
0
0
0
0
0
0
0
0
0
0
0
0
0
0
0
0
0
0
0.334119
0
0
0
0
0
0
0.0535046
0
0
0
0
0
0
0
0
0.467915
0
0
0
0
0
0
0
0
0
0
0
0
0
0
0
0
0
0
0
0
0
0
0.183131
0
0
0
0
0
0
0
0
0
0
0
0
0
0
0
0.286739
0
0.0120065
0
1.97541
0
0
0
0
0
0
0
0
0
0
0
0
14.9216
0
0
0
0
0
0
0
0
0
0
0
0.037724
0
0
0
0
0
0
0
0
0
0
0
0
0
0
0.15153
0
0.0585921
0
0
0
0
0
7.12577
0
1.62967
0
0
0
0
0
0
0
0
0
0
0
0
0
0
0
0
0
0
0
0
0
0
0
0
0
0
0
0
0
8.03153
0
0.0577606
0
0
0
0
0
0
0
0
0
0
0
0
0
0
0
0
5.36297
0
0
0
0
0
0
0
0
0
0
0
0
0
0
0
0
0
0
0
0
0
0
0
0
0
0
0
0
0
0.196463
0
0
0
0
0
0
0
0
0
0
0
0.745868
0
0.0589219
0
0
0
0
0
0
0
0
0.217633
0
0
0
0
0.544105
0
0
0
0
0
0
0
0
0
0
0
2.46178
0.40367
0.211631
0
0
0
0
0
0
0
0
0
0
0
0
0
0
0
0
0.0238553
0.111641
0
0
0
0
0
0
0
0
0
0
0
0
0
0
0.297552
6.97596
0
0
0
0
0
0
0
2.2848
0
0
0
0
0
0
0.380673
0
0
0
0
0
0
0
0
0
0
0
0
0
0
0
0
0
0
0
0
0
0
0
0
0
0
0
0.507576
0
0
0
0
8.1469
0
0
0
0
0
0
0
0
0
0
0
0
0
0
0
0
0
0
0
0
0
0
0
0
0
0
0
0
0
0
0
0
0
0
0
0
7.66642
0
5.96676
0
0
0
0
0
0.333165
0
0
0
0
0
0
0.501994
0
0
0
0
5.62583
0
0
0
0.735192
0
0
0
0
0
0
0
0
0
0.347631
0
0
0
0
0
0
0
0
0
0
0
0
0
0
0
0
0
0
0
0
0
0
0
0
0
0
0
0
0.0415785
0
0
0
5.68939
0
0
0
0
0
0.0506384
0
0.155912
0
0
0
0
0
0
0
0
0
0
0
0.202232
0
0
0
0
0
0
0
0
0
0
0
0
0
0
0
0
0
6.73012
0
0
0
0
0
0
0.917408
0
0
0
0
0
3.46518
0
0
0
0
0
0
0.00109227
0
0
0
0
0
0
0
0
0
0
0
0
0
0
0
0
0
0
0
0
0
0
0
0
0
0
0
0
0
0
0
0
0
0
0
0
0
0
0
0
0
0.904077
0
0
0
0
0
0
0
2.2375
0
0.0640339
0.297279
0
0
0
0
0
0
0
0
0
0
0
0
0
0
0
0
3.67906
0
0
0
0
0
0
0.160947
0.105126
6.19084
0
1.53834
0
0
0
0
0
0
0
0
0
0
0
0
0
0
0
0
0
0
0
0
0
0
0
0
0.0250905
0
0
0
0
0
0.0358334
0
0
0
0
0
0
0
0
0
0
0
0
0
0
0
0
0.954838
0
0
0
3.26386
0
0
0
0
0
0
0
0
0
0
0
0
0
0
0
0
0
0
0
0
0.124321
6.94413
0
0
0
0
0
0.0813643
0
0
0
0
0
0
0
0
0
0
0
0
0
0
0
0
0
0
0
0
0
0.0310074
0
0
0
0
0
0
0
0
0
0
0
0
0
0
0
0
0
0
0.0893697
0
0
0
0
0
0
0
0
0
0
0
0
0.301334
0
0
0
0
0
5.65432
0
0
0
0
0
0
0
0
0
0
0
0
0
0
0
0
0
0.666201
0
0
0
0
0
0
0
0
0
0
0
2.51998
0
0
1.19832
0
0
0
0
0
0
0
0
0.0874144
0
0
0
0
0
0
0
0
0
0
0
0
0
0
0
0
0
0
0
0
0
0
0
9.86519
0
0
0
0
0
0
1.58009
0
0.164847
0
0
13.1368
0
5.29143
0
15.0775
0
0
0
0
0
0
0
0
0
0
0
2.50093
0
0
0
0
0
0
0
0
0
0
0
0
0
0
0
0
0
0
0.038738
0.0587783
0
0
6.53214
0
0
0.278304
0
0
0
0
0
0
0
1.23681
0.45571
0
0
6.34915
0
0
0
0
0
0
0
15.7018
0
0
0
0
0
0
0
0
0
0
0
1.94811
0
0
0
0
0
0
0
0
0
0.386497
0
0
0
0
0
0
0
0
0
0
0
0
0
0
5.4555
0
0
0
0
0
0
0
16.5886
0
0
0.106801
0
0
0
0
0
0
0
0.0101269
0
0
0
0
0
0
0
0
0
0
12.9649
0
0
0
0
0
0
0
0
0
0
0
0
1.90845
0
12.8434
0
0
0
0
0
0
0
0
0
0
0
0
0
0
1.33248
0
0
0
0
0
0
0
0
0
0.0226777
0
0
0
0
0
0
0
0
0
0
0
0
0
0
0
0
5.56577
0
0
0
0
0
0.00555119
0
0
0
0
0
0
0
0
0
0
0
0
0
0
0
0
0
0
0
0
0.144058
0
0
0
0.0216176
0
0
0
0
0
0
0
0
0
0
1.85938
0
0
0
0
0.681875
0
0
0
0
0
0
0
0.0537412
0
0
0
0
0
0
0
0
0
0
0
0
0
0
0
0
0
0
0
0
0
0
0
0
0
0
0
0
0
0
2.57403
0
0
0
0
0
3.09022
0
0
0
0
0
0
0.0919899
0
0
0
0
0
0
0
0
0
0.0906344
0
0
0.861274
0
0
0
0
10.1267
0
0
0
0
0
0
0
0
0
0
0
0
0
0
0
0
0
0
0
0
0
0
5.84268
5.55704
0
0
0
0
0
0
0
0
0
0
0.00299444
0
0.113295
0
0
0
0
0
0
0
7.91295
0
0
0
0
0
0
0
0
0
0
0
0
0
0
0
0
0
0
0
0
0
0
0
0
0
0
0
0
0
0.0138248
0
0
0
0
0
0
0
0
0
0
0
0
0
0
0
0
0
0
0
0
0
0
0
0
0
0
0
0
0
0
0
0
0
0
0
0
0
0
0
0
0
0
0
0
0
0.0860542
0
0
0
0
0
0
0
0
0
0
0
0
0
4.31529
0
0
0
0
0
0
0
0
1.40269
0
4.8112
5.85537
0
0
0
0
0
0
0
0
0
0
0
4.06635
0
0
0
0
0
0
0
0
0
0.0603865
0
0
0
0
0
0
0
0
0
0
0
0.455597
0
0
0
0
0
0
0
0
0
0
0.1735
0
0
0
0
0
0
0
0
0
0
0
0.341795
0
0
0
0
7.00448
0
1.53449
0
0
0.0730847
0
0
0
0
0
0
0
0
0
0.329762
0
0
0
0
0
0
0
0
0
0
0.0116951
0
0
0
0
0
5.264
0
0
0
0
0
0
0
0
0
0
0
0
0
0
0
0
0
0
0
0
0
0.0390486
0
0
0
0
0
0
0
0
0
0
0
0
0
0
0
0
0
0
0
0
0
0
0
0.914058
0
0
0
0
0
0
0
0
0
0
0
0.0387302
0
0
0
0
0
0
0
0.194181
0.0563681
0
0
0
0
0
0
0
0
0
0
0
0
0
0
0
0
0.504193
0
0.180243
0
0
0
0
0
0
0
0
0
0.260468
0
0.178448
0
0
0
0
0.293474
0
0
0
0
0
0
0
0
0
0
0
0
0
0
0
0
0
0
0
0
0
0
0
0
0
0
4.81097
0
1.79088
4.8777
10.8631
0
0
0
0
0
0
0
0
0
0
0
0
0
6.89561
0
0
0
0
0
0
0
0
0
0
0
10.114
0
0.0792861
0
0
0
0
0
0
0
0
0
0
0
0
0
0
0
0
0
0
0
0
9.436
0
0
0
0
0
0
0
0
0
0
1.16691
0
0
0
0
0
0
0.220148
0
0
0
0
0
0
0
0
0
0
0
0
0
0.0724545
0
5.05831
0
0
0.836479
0
0
0
0
0
0.0127111
0.119783
0
0
0
0
0
0
0
0
0
0
0
0
0
0
0
0
0
0
0
0
0
0
0
0
0.0930312
0
0
0
0
0
1.00576
0
0
0
0
0
0
0
0
0
0
0
0
0
5.72427
0
0
0
0
0
0
8.44111
0
0
0
0
1.22165
0
0.0628788
0
0
0
0
5.02449
0
0
0
0
0
0
0
0
0
0
0
0.105174
0.052044
0
0
0
0
0
3.82565
0
0
0
0
0
0
1.55331
0
0
0
0
0
0
0
0
0
0
0
0
0
0
0
0
0
0
0
0
0
0
0
0
0
0
0
0
0
0
0
0
0
0
0
0
0
0
0
0
0.0791528
0
0
0
0
0
0
0
0
0
0.143322
0
0
0
0
0
0
0
0
0
0.232034
0
0
0
0
0
0
0
0
0
0
0
0
0
0
0
0
0
0
0
0
0
0
0
0
0
9.53813
0
0
0
0
0
0
0
0
0
0
0
0
0
0.010692
0
0
0
0
0
0
0
0
0
0
0
0
0
0
19.1661
0
0
0
0
0
0
0
0
0
0
0
0
1.117
0
0
0
0
0
0
0.204697
0
0
0
0
0
0
0
0
0
0
0
0
0
0
0
0
0
0
0
0.221839
0
0
0
0
0
0
0
0
0
0
0
0
0
0
0
0
0
0
0
0
0
1.82475
0
0
0
0
0.331846
0
0
0
0
0
5.38665
0
0
0
0.166719
0
0
0
0
0
0
0
0
0
0
0
0
0
0
0
0
0
0
0
0
0
0
0
0
0
0
0
0
0
0
0
0
0
0
0
0
0
0
0
0
0
0
0
0
0
0
0
0
0
0
0.233106
0
0
0
0
0
0
0
0
0
0
0
0
0
0
0
0
0
0
0
0
2.06127
0
0
0
0
0
0
0
0
0
0
3.86085
0
0
0
0
0
0
0
0
0
0
0
0
0.382105
0
0
0
0
0
0
0
0
0
0
0
0
0
0
0
0
0
0
0.129556
0
0
0
0.0413714
0
0
0
0
0
0
0
0
0
0
0
0
0
5.56584
0
0
0
0
0
0.240743
0.630501
0.0669422
0
0
9.05851
0
0
0
0
0.574822
0
0
0
0.491958
0
0
0
0
0
0
0
0
0
0
0
0
0
0
0
0
0
0
0
0
0
0
0
0.0575087
0
0
0
0
0
8.90679
0
0
0
0
0
0
0
0
0
0
0
0
0
0
0
0
0
0
6.56835
5.77314
0.164964
0
0
0
0
0
0
0.385628
0
0
0
0
0
0
0
0
0
0
0
0
0.281106
0
0.0586366
0
0
0.0271274
0.0287797
0
0
0
0
0
0
0
0
0
0
2.02663
0
0
0
0
0
3.37643
0
0.00984988
0
0
0
0
0
0
0
5.03365
0
0
0
0
0
0
0
0
0
0
0
0
0
0
0
0
0
0
0
0
0
0
0
0
0
0
0
13.5932
0
0
0
0
0
0
0
0
0
0
0
0
0
0
0
0
0
0
0
0
0
0
0
0.0184946
0
0
0
0
0
0
0
0
0
0
0
0
0
0
0.0234532
0
0
0
0
0.3697
0
0
0.134373
0.024681
0.0203281
0
0
0
0
0
0.24137
0
6.123
0.457642
0.0696156
0
0
0.00990755
0
3.88407
0
0
0
0
0
0
0
0
0
0.119015
0
0
0
0
0
0
0
0.477104
0
0
0
0
0
0.0925164
0
0
0
0
0
0
0
0
0
0
0
0
0
0
0
0.0112334
0
0
0
0
0
0
0
0
1.8384
0
0
4.07619
0
0
0
0
0
0
0
0.0508126
0
0
0
0
0
0
0
0
0
0
0
0
0
0
0.184787
0
0
0
0.0520565
1.98418
0
0.0483688
7.00908
0
0.0033512
0.110338
0
0
0
0
0
0
0
0
0
0
0.376556
0
0
0
0
0
0
0
0
0
0
0
0
0
0
0
0
0
0
0
0
0
0
0
0
0
0
0
0.037333
0.690052
0
0
0
0
0
0
0
0
0
0
0
0
0
0
0
0
0
0.64539
0
0
0
0
0
0
0
0
0
0
0.149154
0
0
0
0
0
0
0
0
0
0
0
0
0
0
9.90563
0
0
0
0
0
0
0
0
0
0
0
0
0
0
0
0
0
0
0
0
0
0
0
0
0
0
0
0
0
0
0
0
0
1.91151
0
0
0
0.6225
0
0
0
0
0
0
0
0
0
0
0
0
0
0
0
0
0
0
0
0
0
0
0
0.922767
0
0
0.12459
0
0
0
0
0
0
0
0
0
0
0
0
0
0
0
0
0
0.312077
0
0
0
0.334506
0
0
0
0
0
0
0
0
0
0
0
3.02189
0
0
0
0
0.0100313
0.333283
0
0
0
0
0
0
0
0.268278
0
0
0
0.0256808
0
0
0
0
0
0.0336156
0
0
0
0
0
0
0
0
0
0
0
0
0.0104108
0
0
0
0
0
0
0
0
0
0
0
0
0
0
0
0
0
0
0
0
0
0
0
0
0
0
0
5.99666
0
0
9.0278
0
0
0
0
0
0
0
0
0
0
0
0
0
0
0
0
0
0
0
0
8.30327
0
0
0.14099
0
0
0
0
0
0
0
0
0
0
0
0
0
0
0
0
0
0
0
0
0
6.21367
0
0
0
0
0
0
0
0
0
0
0
0
0
0
0
0
0
0
0
0
0
0
0
0
0
0
0
0.0561427
0.259954
0
0
0
0
0
0
0
0
0
0
0
0
0
0
0
0
0
0
0
0
0
0
0
0
0
0
0
0
0
0
0
13.502
0
0
0
0
0
0
7.1489
0
0
12.9881
0.0365307
0
0
0
0
14.0665
0
14.2057
0
0
0
0
0.0307569
0
0
0
0
0
0.0171117
0
0
0
0
0
0
0
0
0
0
0
7.26129
0
0
0
0
0
0
0
0
0
0
0
0
0
0
0
0
0
0
0
0
0.354473
0
0
0
0
0
0
0
0
0
0
0
0.122229
0
0
0
0
0
0
0
0
0
0.0956097
0
0
0.095416
0
0
0
0
0
0
0
0
0
0
0
0
0
0
0
0.219446
0
0
0
0
0
0
0
0
0
0
0
0
0
0
0
0
0
0
0
0
0
0
0
0
0.628031
0
0.406459
0
0
0
0
0
0
0
0
0
0.820496
0
0
0
0
0
0
0
0
0.199232
0
0
0
0
0
0
0
0
0
0
0
0
0
0
0
0
0
0
0
0
0
0
0
0
0
0
0
0
0
0
0
0
0
0
0
0
0
0
0
0
0
0
0
0
0
0
0
0
0
0
0
0
0
0
0
0
0
0
0
0
0
0
0
4.4737
0
0
0
0
0
0
0
0
0
0
0
0
0
0.02251
0
0
0
0
0
0
0
0
0
0
0
0
0
0
0
0
0
0
0
0
0
0
0
0
0
0
0
0
0
0
0
0
0
0
0
0.262377
0
0
0
0
1.20642
0
0
0
0
0
0
0.0757228
0
0
0.000319954
0.830286
0
0
0
0
0
0
0
0
0
0
0
0
0.32291
0
0
0
0.288207
0
0
0
0
0.492823
0
0
0
0
0
0
0.496561
0
0
0
0
0
0
0
0
0
0
0
0
0.17741
0
0
0
0
0
0
0
0
0
0
0
0
0
0
0
0
0
0.00677543
0
0
0.856494
0
0
0
3.08692
0
0
5.52896
0
0
0
0
0
0
0
0
0
0
0
0
0
0
0
0
0
0
0
0
0
0
0
0
0
5.7499
0
0
0
0
0
0
0
0
0
0
0
0
0
0
0
0
0
0
0
0.0673936
0
9.71071
0
0
0
0
0
0
0
0
0
0
0
0
0.117281
8.99663
0
0
0
0
0
0
0
0.0246011
0
0
0
0
0
0
0
0
0
0
0
0
0
0.100746
2.10772
0
0.496263
0
0
0
0
0
0
0
0
0
0
0
0
0
0
0
0.147948
0
0
0
0
0
0
0
0
0
0
0
0
0
0
0
0
0
0
0
0
0
0
0
0
0
0
0
0
0
3.5346
0
0
0.0363645
0
0
0.293686
0
0
0
0
0
0
0
0
0
0
0
0
0
0
0
0
0
0
0
0
0
0
0
0
0
0
0
0
0
0
1.03208
0
0
0
0
0
0
0
0
0
0
0
0
0
0
0
0
0
0
0
0
0.668579
0
0
0
0
0
0
0
0.578391
0
0
0
0
0
0
0
0
0
0
0
0
0
0.592225
0
0
0
0
0
0
0
0
0
0
0
0
0
0
0
0.0188476
0
0
0
0
0
0
0
0
0
0
0
0
0
0
0
0
0
0
0
0
0
0
0
0
0
0
0
0
0
0
0
0
0
0
0
0
0
0
0
0
0.0447009
0
0
0
0
0
0
0
0
0
0
0
0
0
0
0
0
0
0
0
0
0
0
0
0
0
0
0
0
0
0
0
0
0
0.23057
0
0
0
0
0
0
0
0.117785
0
0
0
0
0
0
0
0
0
9.25729
0.390473
2.14321
1.78298
0
0
0
0.343553
0
0
0
0
0
0
0
0
0
0
0
0
0
0
0
0
0
0
0
0
0
0
0
0
0.321209
0
0
0
0
0.275314
0
0
0
1.12247
4.77576
0
0
0
0
7.15318
0
0
0
0
0
0
0
0
0
0
0
0
0
0
0
0
0
7.78042
0
0
0
0.671801
0
0
0
0
0
0
0
0
0
0
0
0
0
0
0
0
0
0.0444575
0
0
0
0
0
0
0
0
0
0
0
0
0
0
0
0
0
0
0
0
0
0
0
0
0
0.114902
0
0
0
0
0.774832
0
0
5.14047
0
0
0
0
0
0
0
0
0
0
1.33176
0
0
0
0
0
0
0
0
0
0
0
0
0
0
0
0
0
0
0.00502233
0
0
0
0.0352145
0
0
0
0
0
0
0
0
0
0
0
0
0
0
0
0
0
0
0
0
0
0
0
0
0
0
0
0
0
0
0.0174598
0
0
0
0.0013405
0
0
0
0
0
0
0.0450821
0
0
0
0
0
0
0
0
0
0
0
0
0
0
0
0
0
0
0
0
0
0
0
0
0
0
0
0
0
0
0
0
0
0
0
0
0
0
0
0
0
0.136996
0
0
0
0
0
0
0
0
0
0
0
0
9.00475
0
0
0
0
0
0
0
0
0.184711
0
0.0242092
0
0
0
0
0
0
0
0
0
0
0
0
0
0
0
0
0
0
0
0
0
0
0
0
0
0
0
0
0
0
0
0
0
0
0
0
0
0
0
0
0.00964396
0
0
0
0.0176004
0
0
0
0
0.657464
0
0.0506756
0
2.83208
0
0
0
0
0
0
0
0
0
0
0
0
0
0
0
0
0
0
0.296923
0.113558
0
0
0
0
0
0
0
0
0
0.736134
0
0
0
0
0
0
0
0
0
0
0
0
0.0819974
10.3059
0
0
0
0
0.0238436
0
0
0
0
0
0
0
0
0
0
0
0
0
0
0.153296
0
0
0
0
0
0
0
0
0
0
6.44145
0
0
0
0
0
0
0
0
0
0
0
0
0
0
0
0
0
2.81272
0
0
0
0
0
0
0
0
0
0
1.96753
0
0
0
0
0
0
0
0
0
0
0
0
0
0
0
0.139237
0
0
0
0
0
0
0
0
0
0
0
0
0
0
0
0
0
0
0
0
0
2.44747
0
0
0
0
0
0
0
0
0
12.2613
0
0
0.161123
0
0
0
0
0
0
0
0
0
2.52346
0
0
0
0
0
0
0
0
0
0
0
0
0
0
0
0
0
0
0
5.91714
0
0
0
0
0
0
0
0
7.75209
0
0
0
0
0
0
0
0
0
0
0
0
0
0
1.32229
0
0
0
0
0
0
0
0
0
0
0
0
0
0
0
0
0
0
0
0
0
0
0
0
0
0
0
0
0
0
0
0.0255694
0
0
0
0
14.8436
0
0
0
0
0
0
0
0
0
0
0
0
0
0
0
0
0
0
0
0
0
0
0
0
0
0
0
0
0
0
0
0
0
0
0
0
0
0
0
0.0538475
0
0
0
0
0.519738
0
0
0
0.382866
0
0
0
0
0
0
0
0
0
0
0.174769
2.17384
0
0
0
0
0
0
0
0
10.0671
0
0
0
0
0
0
0
0
0
0
0
0
0
0
0
0
0
0
0
0
0
0
0
0.31413
0
0
0
0
0
0
0.290201
0
0
0.0134588
0
0
0
0
0
0
0
0
0
0
0
0
0
0
0
0
0
0
0
0
0
0
0
0
0
0
0
0
0
0.0581386
9.435
0
0
0
0
0
0
0
0
0
0
0
0
0
0
0
0
0
0
0
0
0.22946
0
0
0
0
0
0
0
0
0.831482
0
0
0
0.0765505
0
0.190696
0
0
0
0
0
0
0.073681
6.4653
0
0
0
0
0
0
0.110032
1.04859
0
0
0
0
0
0
0
0
0.0985882
0
1.04248
0
0
0
0
0
0
0
0
0
1.95917
0
0
0
0
0
0
0
0.226502
0
0
0
0
0
0
0
0
0
0
0
0
0
0
0
0.000649364
0
0
0
0
0
0
0
0
0
0
0
0
0
0
0
0
0
0
0
0
0
0
0
0
0
0
0
0
0
0
0
0
0
0.0537447
0
0
0
0.0938896
0
0
7.09584
0
0
0.0488111
0
0
0
0
0
0
0
0
0
0
0
0
0
0
0
0
0
0
0
0
0
0
0
0
0
0
0
0
0
0
0
0
0
14.4437
0
0
0
0
0
0
0
0
0
0
0
0
0
0
0
0.550342
0
0
1.19479
0
0
0
0
0
0
0
0
0
0
0
0
0
0
0
0
0
0.00632566
0
0
0
0
0
0
0
0
0
0
0
0
0
0
0
0
0
0
0.863962
0
0
0.72385
0
0
0
0
0
0
0
0
0
0
0
0
0.27417
0
0
0.0577672
0
0
0
0
0
0
0
0
0
0
0
0
0
0
0
0
0
0
0
9.39801
0
0
0
0
0
0
0
0
0
0
0
0
0
0
0
0
0
0
0
0
0
0
0
0
0
0
0
0
0
0
2.01429
0
0
0
0
0
0
0
0
0
0
0
0
0.0296948
0
0
0
0
0
0
0
0
0
0
0
0
0
0
0
0
0
0
0
0
0
0
0
0.596014
0.911644
0
0
0
0
0
0
0
0
8.8247
0
0
0
0
0
0
0
0
0
0
0
0
0
0
0
0
0
0
0
0
0
0.0757196
0
0
0
0
0
10.5759
0
0
0
0
0.206168
0
0
0
0
0
0
0
0
1.45588
0
0
0
0
0
0
0
0
0
0
0
0
0
0
0
0.0568048
0
0
0
0
0
0
18.5804
0
0
0
0
0
0
0
0
0
0
0
0
0
0
0
0
0
0
0
0
0.526679
0
0
0
0
0
0
0
4.08449
0
0
0
0
0
0
0
0
0
0
0
0
0
0
0
0
0
0
0.582942
0
0
0
0
0.118737
0
13.5989
0
0
0
0
0
0
0
2.64397
0
6.74683
0
0
0
0
0
0
0
0
0
0
0
0
0
0
0
0
0
0
0
0
0
0
0
0
0
0
0
0
0
0
0
0
1.57363
0
0
0.394029
0
0
0
0
0
0
0
0
0
0
0
0
0
0
1.83993
0
0
0
0
0
0.100778
0
0
6.2954
0
0
0
0
0
0
0
6.08035
0
0
1.65198
0
0
0
0
0
0
0
0
0
0
0
0
0
0
0
0
0
0
0.144903
0
0
0
0
0
0
0
0
0
0
0
0
0
0
6.48406
0
0
0
0
0
0
0
0
0
0
0.3721
0
0
0
0.462198
0
0
0
0
0
0
0
0
0
0
0
0
8.9851
0
0
0
0
0
0
0
0
0
0
0
0
0
0
0
0
0
0
1.38847
0
0
0
0
0
0
0
0
0
0
0
0.054483
0.00977838
0
0.280865
0
0
0
0
0
0
0
0
0
0.299778
0
0
0
0
1.44621
0
0
0
0
0
0
0
0
0
0
0.0278083
0
0
0
0
0
0
0
0
0
0
0
0
0
0
0
0
0
0
0.00782467
0
0
0
0
0
0
0
3.91165
0
0
0
0
0.0257631
0
0
0
0
0
0
0
0
0
0
0
0
0
0
0.0705804
0
0
0.0996069
0
0
0
5.9715
0
0
0
0
0
0
0
0.27316
0
0
0.0112958
0
0
0
0
0.072508
0.598053
0
0
0
0.103004
0.157144
0
0
0
0
0
0
0
0
0
0
0
0
0
0
0
0
0
0
7.28593
0
0
0
0
0
0
0
0
0
0
0
0
9.26305
0
0
0
0
0
0
0
0
0
0
0
0
0
8.97396
0
0
0
0.13336
0.0808486
0
0
0
0
0
0
0
0
0
0
0
0
0
0
0
0
0
0
0
0
0
0
0
0
0
0
0
0
0
0
0
0.204786
0
0
0
0
0
0
0.251432
0
0
0
9.13587
0
0
0
0
0
0
0
0
0
0
0
0
0
0
0
0
0
0
0
0
0
0
5.83214
0
0
0
0
0
0
0
0
0
0
0
0
0.0558964
0
0
0
0
0
0
0
0
0
0
0
0
0
0
0
0
0
0
0
0
0
0.216362
0
0
0
0
0
0
