0
0
0
0
1.85165
0
0
0
0.181628
1.45515
0
0
0
0
0
0
0
2.5113
0
0
0
0
0
0.864928
0.147689
0.131134
0
0
1.84663
3.62212
2.56661
0
0
0
0.189474
3.56468
6.33326
0
0
0
0
0
0
0
0
3.58579
0
0.155587
3.67153
0
0
0
2.84972
0.121865
0
0
0
0.0214881
0
0
0
0
0
0
5.27231
2.45088
7.79955
0.149388
0
0.620547
0
1.11391
3.60547
0
0
0
0
2.05188
0
2.44751
0
1.28798
0
2.47551
5.13255
0.614879
0
0
2.15687
0
2.87865
0
0
1.21575
0
0
0
0
0
0
1.30175
2.88917
0
0.150982
0
6.25351
0.216792
0
0
3.55993
0
0
0
2.4691
0
0
0
0
0
0
0
0
0
0
2.29733
0
0
3.0095
1.30643
0
0
0
0
0
1.00713
0
0
0
0
0
2.57173
0
4.13126
0
0.145388
2.31651
0
2.42878
0.350799
0
0
2.42428
3.97511
3.11895
0
0
1.452
0
0
0
8.35475
0
0
0
0
0
0
0
0
0
0
0
0.134518
0
0
0.595664
0
0
0
0
4.34983
0
0
0
0
3.95959
0
3.51603
6.31709
0
0
0
0
0
0
0
0
0
0
0
0
0
0
1.93549
1.41192
3.17964
0
0
0.48334
0
4.42111
0
1.43644
0
1.19752
0
0
0
0
0
0
0
0
2.70639
0
0
0
0
0
0
1.81605
0
0
0
0
3.91716
0
0
1.31399
1.88449
0
0
1.45743
0
2.69393
1.75286
2.52596
4.20512
0
2.1786
0
0
0.316178
0
0.14555
0
1.61349
0
1.85077
0
0
0
0
0.0663396
0
1.59778
0.162485
0
0
0
0
0
2.59761
8.10492
0
0
0.609073
0
1.21125
0
0
0.0287978
0
0
0
0
0
0.142834
0
0
0
3.59151
0
0
0
0
5.47736
1.84772
0
0
0
2.66699
0
0
0
0
0
0
0
0
0
2.28495
1.58282
0
0
0
0
2.97075
0
0
1.50821
0
0
1.86964
0
0
0
0
0
0
0
0
7.61865
0
0
0
0
0
0
6.31274
0
0
0
0
0
0
0
0
1.43509
0
3.95026
0
0
5.52118
0
0
0
3.57911
0
0
0
0
0
0
0
0
0
0
0
0
0
0.129124
3.61061
0
1.78322
0
0
0.536306
0
0
3.39712
0
0
0
2.4906
0
1.32311
0.16252
0
1.04977
0
0
0.171032
2.03519
0
0
0
0
0
0
6.36849
0
4.17929
0
6.24602
0.755132
0
0.187153
0
0
0
0
0
0
0
0
0
3.63123
0
0
3.01036
3.90477
4.9185
0
0
0.710687
0
0
0
0
0
0
2.69781
0.139634
0
0
0
0.197816
1.12176
0
2.4378
0
2.97809
0.868628
0
0
0
0
7.56392
0
0
6.19862
0
0
0
0
0.120875
0
0
1.43572
0
1.86313
0
0
0
1.52904
0
4.83526
0
0
0
0
3.5431
4.20941
0
1.98549
0
0
0
1.27612
0
0
0
0
0
0
0
0
5.06997
0
1.12326
0
0
0
0
0
0.9043
4.194
0
0
0
0
2.38718
0
2.00273
0
0
0
0
1.25834
0
0.764109
2.36353
3.56991
0
0
0
3.65101
0
2.52587
0
0
0
0
0
0.625647
0.156098
0
2.94896
0
0
0
0
0
2.4943
0
0
0
0
0
0
0
0
0
0
1.66667
0
0
0
0
0
0
0
0
0
0
6.39407
0
0
0
2.85269
0
1.18678
0
0
0
2.03813
2.34786
0
0
0
0
0
0
0
9.02191
2.40624
0
0
0
0
0
0
0
0
0
0
0
0
0
0
0
0
6.50373
0
0
0
0
0
0.0743999
0
0
0
0
0
0
0.522675
0
3.69403
4.55714
0
0
0.895402
2.8906
0
0
2.12417
0
0
0
3.6223
0
1.94962
0
0
0
0
0
0
0
0
0
0
0
0
0
0
0.661063
0.558854
4.39733
0
0
0
0
2.09974
4.34785
0.658413
0
0
0
3.70827
2.58581
0
0
3.46176
0
0
0
0
0
0
0
0
0
1.71626
0
0
0
0
0
0.668383
0
0
0
0
0
0
3.65783
0
2.47545
0.656223
0
0
0
0
5.75844
1.51553
0
0
1.7599
0
0
6.55046
5.37923
0
1.48695
0
0
0
0
0
2.03612
0
0
0
3.65979
0
3.31532
2.82841
0
3.62687
1.28569
0
0
0
0
0.130998
0
0.243276
0
0
0
0
1.4843
0
3.17543
0
0
0
0
1.11392
0
0
0
0
0
0
0
0
3.64273
0
0
0
0
0
4.00346
0
0
0
0
6.53098
0
0
0
0
0
0
0
0
0.364393
0
0
0
0
0
0
0
0.665707
0
0
6.53651
0
0
0
1.92776
0
1.67066
0
3.45236
0
0
2.54183
0
0
0
0
0
0
0
0
0
4.77759
0
0
2.66302
0
0
0
3.75063
0
3.81436
0
0
0
4.79083
0
0
0
0
0
0
0
0
0
2.37755
0
0
4.12303
0
0
3.36495
0
0
0
0
0
0
0
0
0
0
3.75978
1.57109
0
0
0
0
0
0
0
2.85514
0
0
0
0
0
6.44432
0
0
0
0
0
6.42288
0
0
2.42685
2.9622
0.740015
0
0.577947
2.23887
0
0
0
0
0
0
0
0
4.32423
1.65987
2.11846
0
0
2.17786
0
1.87211
3.61108
1.54492
1.64098
2.72601
1.0921
0.532626
1.58902
0.654041
0.143786
0
1.04337
0
0
0
0
1.88999
0
0
0
1.81348
3.96358
0
6.45415
0
0
0
0
0
0
0
0
0
0
0.444086
0
0
0
0
0
0
0
0
0
0
0
0
5.67371
0
0
0.174023
2.6263
0
0
0
1.45055
6.60367
0.141535
2.41987
3.02547
0
1.54429
1.34889
0
0
0
0
3.6226
0
1.26765
0
0
0
0
0
0
6.08455
0.545701
0
0
0
0
0
1.66817
0
0
0
0
1.84693
2.06758
0
0
0
1.12196
0
5.81744
3.56946
0
1.10047
0
0
1.29482
6.27681
0
0
0
0
0
0
0
0
0
0
1.50243
0
2.73841
0
0.153352
0
3.48626
1.03249
0
0
5.77364
0
0
2.32564
3.5552
0
0
0
1.07532
0
3.49427
0
0
3.56683
0
0
1.19735
0
0
0
0
0
0
0
0
3.41546
3.18824
0
3.4231
0
0
0
0
0
1.4405
0
0
0
0
3.43203
0
0
0
0
0
0
0
3.60652
0
0.175874
3.10957
0
0
0
0
0
0
3.19678
0
0
5.62894
3.67677
0
1.61004
0
0
0.606605
0
5.84005
0
0
0
0
0
0
2.39251
1.59738
0
5.45192
0
0.154641
2.48172
0
2.52757
0
0
0
1.2495
0
5.24625
0
5.79719
0
0
0
0
0
0
0
0
3.52229
0.824599
0
6.61771
0
0
5.04627
0
0
0
0
0
1.25451
0.737967
0.140955
0
0
0
0
0.693134
0.143395
0
0
0
8.10079
0
0
0
0
0
0
0
0
1.56277
0
0
3.02884
0
0
0
0
0
0
0.675644
0
0
0
0
0
1.98436
0
0
0
0
6.58748
0
5.5278
0.130662
0
6.25173
0
0
0
0.133692
1.58335
3.53092
1.12122
0
3.5971
5.11796
0
0
0
0
0.774085
0
0
0
0.391919
2.63451
2.26668
9.07601
0
0
0
0
0
0.598598
0
0
0
0
0
0
2.96282
7.76555
0
0.136642
0
0
1.09824
1.14094
0
9.88153
0
0.678984
0
0
0
0
0
0
0
0
0
0
0.700189
0
0
3.54599
3.89733
0.0608482
0
1.31399
0
8.04033
0
0.673711
0
0.866616
3.37876
0
0
0
5.61282
0
0
0
0
0
2.45653
6.51931
1.51375
4.36638
0
6.44942
0
0
0
0
0
2.56202
0
1.03631
0
0.131928
0
0
3.36475
6.4552
3.66141
0
4.418
0
1.03777
0
0
0
0
0
0
0
0
0.131235
0
5.03722
0
0
3.98312
0
0
0.159455
0
0.677733
0.345216
0
0
0
0
0
0
1.83324
0
0
0
0
0
0
0
0
1.66368
0
0
1.10201
0.169682
0.125069
1.88661
6.43473
0
5.40286
0
0
0.155919
0
0
0
0
0
0
4.30251
0.640279
0
0
0
0
0
0
1.28946
0
0
0
0
0
0
0
1.39343
5.23011
0
0.638174
0
2.79883
0
0
0
0
0
0
0.155371
2.29241
0
0
0
0
0
6.53994
0
6.54419
2.62453
0
3.349
0
0
0.669414
0
3.18372
0
1.72924
0
4.81917
2.55196
0
0.649398
0
0
0
0
1.0845
3.1419
0
0
0
0
0
0
0
0
2.93349
3.41457
0
0
0.141023
0
2.37637
7.83389
0
0
0
0
0
0
0
1.39746
0
0
0
0
0.129065
0
3.31023
0
0
0
1.08747
0.339951
0
0
0
1.50071
0
4.4715
0
0
1.13199
0
0
0
0
0
0.128453
0
0
0
0
0
2.31402
0
0
0
0
0
0
0
0
0
3.05444
0
4.6488
0
3.65193
0
2.13292
0
0
0
0
0
0.14354
0
0
0
0
1.10167
0
2.43237
0
0.434575
0
0
0
0
0
0
0
7.12408
0
0
0
0
0.169711
2.67205
0
0
1.15633
0
0
0
1.96817
2.884
0
0
0
0
0
0
0.227733
0
0
6.81521
0
0.7642
0
0
0
0
0.136723
0
0
0
3.86407
1.14458
0
0
0
1.10764
0
2.60847
0
0
1.5439
0
0
0
0
0
4.40341
0
0
1.98165
0.52108
0
8.36731
0
1.577
0.669322
0
0.138179
7.12236
0
0
0
0
0
0
0
1.56389
0
3.50323
0
0
0
0
0
0
0
2.02254
5.52437
0
0
6.27815
0.0969114
0
0
2.13806
0
0
0
0
0
0.124367
3.40989
0
0
0.177686
0
0.804964
0
0
0
3.58743
0.121296
0
0.453398
0
0
0
0.707222
0.157027
0
0
3.71821
0
0
0
0
1.13677
0
0
0
0
0
3.54533
1.26185
1.15449
0
0.129824
0
0
0
6.39925
3.52825
0
0
0
0
0
0
2.51871
5.14461
0
0
0
0.126526
2.18283
0
0
0
0
0
0
0
0
0
0
0
1.86772
0
0.14013
0
0
0
0
2.47774
3.60423
0
0
1.9959
0
0.507908
0
0
0.866892
3.64318
0
0
1.8439
0
0
0
0
0.554827
0
0
0
0
6.60349
0
0
0
2.04487
0
0
0
0
0
0
0
0
0
0
0
0
0
0.475586
1.30132
0
0
0
0
0
0
0
0
0
0
0
0
0
0
0
0
0
0
3.23029
0
0
3.25186
0
0
0
0
0
0
0
0
0
0
2.01356
0
0.136875
0
2.33363
0
0
0
3.50084
0
0
0
0
0
0
0
1.1635
0
0
8.3624
0
0
0
0
0
5.23456
8.13234
0
0.139108
0
0
2.01178
5.60032
0.637617
0
0
0
0
1.14937
0
1.48074
0.812249
0.153269
0
0
0
0
0
2.55303
0
0
0
0
0
0
0.169596
2.56402
1.66748
6.26314
0
0
0
0
0
0
2.01417
0
3.95787
0.579611
5.82812
0
0
0
0
3.98359
0
0
0
0
0
0
0
0
0
0.383354
0
0
1.21976
0.15557
2.67284
0
0
0
1.69441
3.67061
0
0
0
1.29471
0
0
0
2.57289
0
0
0
0
0.163115
1.1452
8.19414
0
0
3.54562
0
3.67498
3.45308
1.96132
0
0
1.5558
0
0
0.17844
2.41314
0
0
2.43517
0
9.01845
0.133432
3.87252
0
0
0.656703
1.88994
0.724634
0
0
0.877748
8.76776
0
0.291458
1.77916
1.62133
3.22223
0
0
0
0
1.17933
0
0.687716
3.58492
2.35564
5.3066
4.29162
0
2.09791
0
1.65756
0.607904
3.59652
0
0
0
0.334241
0
0
3.53107
0
0
0
0.822446
0
0
0
0.167074
4.46702
0
5.79756
0
0
0
0
3.60248
0
0.499747
2.50311
0
0
0
0
0
0.367761
0
0
0
1.06624
0
0.154096
0
0
2.3648
4.06517
2.50075
0
0
0
0
0
3.6564
0
0
0.147115
2.73944
8.07211
0
0
1.07922
0
0
0
0
0
2.05967
0
3.51305
0.149996
0
0
0.95976
1.14478
0
3.7785
0
0
0.145732
0.173328
0
0
0
0
2.55169
0
0.0855324
0
0
0
2.40699
1.22754
0
2.39715
0
2.91393
0
6.35807
1.91919
4.12848
0.232472
1.16268
0
0.948109
0
0
0
0
0
0
4.20838
0
2.65228
0.98444
2.34934
0
0
0
0
0
0
0
4.89302
0
0
3.703
0
2.36629
0.9013
0
0.859492
0
0
0
6.42216
2.6173
0
0
0
0.141699
0
0
0
0.133428
0
3.47754
2.5921
1.15181
0
1.01552
4.21502
0
0
0
3.76141
0
0
2.45257
0
1.18015
0
0
0
7.55258
0
0
0
0
0
3.08526
0
4.19624
0
2.05241
0
0.63994
2.19688
0
0
2.53995
0
4.07324
0
0
0.681153
0
0.639937
0
0
0
2.54386
0
3.98029
0
0
0
0
0
5.94902
0
0
0
0
0
0
0
2.49087
0
0
0
0
0
3.40433
0
2.95936
0
0.162897
0
6.3819
0
0
0
1.22213
0
0
0
8.32484
0
0
0
0
0
0
2.13332
7.37714
0
3.63207
0
0.344925
0
0
0.386
0
0
6.50605
0
6.04674
1.2816
0
1.91817
0.838473
0
0
0
0
0
0
0
0
0
2.57166
0
0
0
1.20519
0.265032
2.38312
0
0.134001
0
0
0
0
0
0
0
0
0
3.67523
2.11705
2.95613
8.30333
0
2.03377
0
0
0
3.60028
0
0
1.12556
4.60262
3.88992
0
2.15819
0
0
0
0.723808
0
0
0.877074
0
0.650414
0.361565
0.856858
0
0
3.55084
0
0
0
4.37561
0.608134
0
0
1.55443
0
3.97378
1.21876
0
0
3.21834
0
0
0
0
0
0.495292
0
0
0
0
0
0
0
0
6.59943
0
0
0
2.56205
0
0
0
0
0
0
0.12724
0
0
0
0
0
0
3.74485
0
3.54808
0
0
0.273821
0
0
0
0
0
0
5.28029
0
0
2.41039
8.06602
0
0
0
7.47367
0
0
6.62974
0
0
4.03124
0
0
0
4.44058
0
0
0
3.42913
0
0.155318
2.72726
0
0
0
0
0
0
0
0
0
0
0
0
0.142102
0
0
0
0
0
0.158839
3.702
3.60247
0.456648
0
2.32038
2.55058
0
2.88339
1.19828
0
0
0
0
0
0
0.144594
0
3.6733
3.55574
0
0
0
0
0
2.47741
0
2.42595
0
0
0
0
0.152179
2.03927
0
0.597508
0
0
5.68242
1.37398
0
0
0
2.12857
0
2.62868
0
0
0
1.05724
0
0
9.46144
0
0
0
0
0
0
0
0
0
0
2.80652
1.10034
0.134519
0
2.04156
0
0
0
0
0
0
0
0
0
1.56412
0
0
0
0
0
4.78651
5.57238
3.69226
0
0
1.30616
0
0.102013
5.3813
0
0
0
0
3.54542
0
0
0.0498481
2.45004
0
5.52359
2.60463
0
4.05989
0
4.31597
0
2.02842
0
8.85319
0
1.63252
0
0
0
0
4.63026
2.04798
6.3409
0.160838
7.41208
0
3.43548
0
0
0
3.51859
0
5.84381
3.55873
0
0
0
0.223776
0
0
0
0.119402
0
0
0
0
1.83996
3.06842
0
0
0
0
3.7884
6.5706
0.139569
0
6.49404
0
6.26645
0
0
3.58919
0
0
0
1.04764
3.52242
0
0
0
0
0
0
0
0
0
0
1.83943
5.57856
0.135223
0
4.9318
5.05597
3.6083
0.608985
0
0
0
0
3.55335
0.160495
2.72985
2.37674
0
0
0
0
5.55171
0
2.12711
3.66956
3.6576
1.70297
0
0
0
0.638739
6.9974
0.16017
0.27561
0.415599
0
0.14303
0.546398
2.39455
0
0
0
0
0
0
0
0
0.874378
4.24789
0
0.332806
1.51871
0
0
0
0
0
0
0
0
0
0
0
0
0
0.154984
0
0.64772
0
0
2.22096
0
0
0
3.63702
0
5.19705
1.34316
0
0
0
0
0
0
4.66602
0
0
0
1.77766
0
0
0
0
0
0.104368
0
0.157849
0
3.57624
0
0
1.54018
2.3538
0
0
0
0
0.403954
0
0
0
0
0
1.76827
0.141262
0
0
3.08147
0
3.57571
0
0
0
0
0
2.44701
0
0
2.09928
0
0
9.01305
0
1.62403
0
0
0
0
5.59718
0
0
2.10073
0
0
0
0
0
0.313659
3.63313
0
0
0
0
0
0.17313
0
0
3.3038
0
6.37741
0
0
0
0
0
0
0
2.17091
0
0
0
1.59162
0.874113
0
0
2.40111
0
0
0
2.27555
6.51792
0
0
1.10115
2.39826
2.7018
0
0
0
0
0
0
2.47959
0
0
0
0
0
0
0
0
0
0
1.53441
0.833702
0
3.55381
0
0.153696
0
0
0
0
0
0.463525
0
0
0
0
0
0
0
0
0
0
0
0
7.81572
0
3.60608
0
0
7.77988
3.22129
0
0
0
0
0
0
0
0
0
0
0
0
0
0
0
0
0
0
0
0.278386
0
1.61593
0
0
0
5.89206
0
0
0
3.61386
3.3212
0
0
1.81319
3.75627
0
0
4.92996
0.500533
5.32038
4.35576
0
0
0
0
0
0
0
0
0
0.16779
0.159174
0
0
0
0
0
0
0
0
6.44685
6.04869
0
1.18271
0
5.66699
0
0
0
0
0
4.35241
0
0
0
3.64059
0.160227
0
0
0
0
0
0
0
0
0
1.92675
0
0
2.73032
0
0.145185
0.114383
2.45579
0
0.137404
0
0
0
0
1.59099
0
3.31598
0
0.14055
2.1085
0
4.04399
1.02948
0
2.00418
0
0
0
0
0
0
0
3.60375
0
0
0
1.12353
1.89962
0
3.49954
3.71015
0
0
0
0
0
0
0
0
0
0.157153
0
0
0
0
3.01543
0
3.55813
0
1.04307
0
0
0
0
1.11831
5.55777
0
0
0
0
0
0
0
1.94591
0
0
0
0
0
0
0
4.44206
0
0
0
0
0
0
0
1.14883
0
0
0
0
0
0
0
0
0
2.36415
3.48929
2.06693
0
0
0
0
2.36465
0.228281
0
0
0
0
3.35948
2.16415
0
0
1.42659
0
0
0.566091
0
0
0
0
3.04521
3.29528
0
0
2.40921
0
0
0
1.98376
1.79593
0
0
2.62615
3.04272
0
0
0
0
3.61469
0
0
1.69144
0
0
0
0
0
0.737022
0
4.18398
0
0
0
0
0
0
0
0
3.36731
0
0
0.498858
0.680584
0
0.163556
0.157711
0
0
0
0
0
0.199171
0
0
0
0
0
2.62773
0
0
0
0
3.57626
3.62025
0
0
5.13024
5.51685
2.91107
0
1.27922
0
0
1.02014
3.27679
0
0.133228
0
5.56439
2.22922
0
2.56728
0
0
0
0
0
0.147239
0
0
0
2.76365
0.944709
4.70568
0.151225
0
0.12273
0
0
0
1.14157
0.180866
0.688106
0
3.70673
0
1.56842
0
3.74843
0
0
0
1.18858
0
2.46254
0.630956
0
0
1.85129
0
1.10273
0
0
0
1.72118
0
0
3.87945
0
0
0.14268
0
0
0
0.112924
0
0
0
0
0
0.644065
0.645643
0
0
0
0
0
0
0
0.114342
0
3.65469
0
3.83793
0
0
0
0
3.80166
1.83668
2.47598
0
0
1.45417
0.303011
1.00705
5.11154
0.185294
0
0
0
0
0.0795704
12.79
0
0
3.74724
0
0
0
3.39798
3.41345
0
0
1.52799
0
0
1.08226
0
0
0.149055
2.00314
0
6.58057
0
0
0
0
0
1.82446
0
0
0.706496
0
0
0
0
0
2.52536
0
2.63996
0
0
0
0
1.13963
0
3.48993
0
0
0.629028
1.51459
6.41906
3.65062
0.132227
0
0
0
0
0.872557
2.50702
0
0
0
1.15443
0
0
8.01794
2.56429
0
0.60703
0.406346
0
0
0
0
1.72276
0
0
0
4.22729
1.89407
0
0
0
3.02653
2.93857
0
1.75044
0
0
0
0
0
0
0
0
0
0
0
4.65663
3.87277
0
0.649575
0.167031
0
4.40043
0
0
0
0
0
0
0.594525
0
0.137014
0.113835
0
1.60336
2.47086
0
0
0
0
0
0
0
0
0
0
0
1.11342
0
0
0
0
0
0
8.85513
0
0
0
0
0
0
0
0
0
0
6.34864
2.70147
0
0
0
2.53828
0.777878
0
0
0
1.84331
0
0
0
0
0
0
3.52769
0
0
0
4.76788
1.96836
0
0
0
0
0
4.08724
1.40928
5.02017
6.40764
0
0
0
0
0
1.16933
0
0.312015
0
0
0
0.151784
0
0
3.65618
0
0
0
0
0
0.346448
0
0
0
0
0
0
5.04555
0
0
0
0
0
0
2.50297
0
0.199601
0
0
0
2.4584
0
0.137097
0
0
0
0
0
0
0
0
0.599454
3.33704
0
0
0
0
0.696829
0
0
0
5.37293
0
0
0
0
0
0
0
0
5.49857
0
5.26323
0
0
0
0
0
0
3.64894
0
2.61128
0
0
0
0
0.723194
4.86909
0
1.35354
2.87695
0.60745
0
0
2.38012
2.72038
1.7323
2.38693
0
0
0
1.67175
0
0
0
0
0
0
0.154995
0
6.51475
0
0
0
2.41427
0
0
0
0.634639
0
0
0.128865
0
3.84791
1.22545
0
4.24966
1.78559
0
0
0
3.31704
0
0
0
0
2.91385
0
0
0
0
0
0.165153
0
0
0
0
0
0
0
0
0
0
1.53402
0
0
0
0
0
0
0
1.17267
0
0
0
0
0
0
0.777924
0
1.62209
0
0.139722
0
0
0
0
4.0079
0
0
0
0
0
0.24938
1.58169
0
0
0
0
0
0
0
0
0
0
0
0
0
0
0
0
0.106332
0.691097
0
2.84076
0
0
0
0
0
0
0
0.352331
0
6.42161
0.323689
5.44273
0
0
0.136862
3.6037
5.64839
3.4358
0
0
0
0
2.38513
0
0
3.54925
0.68605
0.488665
0
0
0
0
0
0
0
0.469188
0
0
5.29779
0
0
0
6.45339
0
0
0
0
0
0
0
0
0
1.64665
0
0
0
0
0
0
0
0
0
0
1.44111
0
0
0
0
0
1.11127
2.74437
0.627505
1.17251
3.76175
4.32441
0.306036
0
0
2.57951
0.369603
0
0.602031
0
0
0.517009
1.60304
0
0
1.12724
0
0
0
0
0
0
0
0
0
0
0
0
0.146594
0
0.549233
0
0
0
2.26625
0.606225
0
0
1.76367
0
0
0
0
0
2.68216
0
0
0
0
0
0.360047
0
0
4.7099
0
0
0
0
1.11038
0
3.5073
0
0
5.27492
0
0
0
0
1.94022
0
7.95423
0
0
3.47575
0
0
0
0.61332
8.75457
0
0
0
3.56386
0
0.769186
0
0
0
0
0
4.92021
3.49426
0
0
2.30697
0
0
0
0
0
0
0
0
0
0
0
0
0.15576
0.133837
1.42754
3.53378
0
0
0
0.475355
0
0
0
0
0
0
0
0
0.726232
0.119817
0
0
0
3.2921
0.15153
1.86074
1.59196
0.157801
0
6.4197
0
0.618
0
0
0
0
0
0
2.22454
4.22457
0
0
0
0
0.146411
4.40749
0
0
3.57629
0
5.8308
1.10618
1.78961
0
0
0
0.440623
0
2.65799
0
0.69184
0
0
0
0
0.716739
0
0
0
1.64013
0
0
0
0
0
0
1.20417
2.47913
1.04665
6.26492
0
0
0
0
3.53222
0.165167
0
3.27342
1.04934
0
0
0
0
0
0
3.99118
0
2.29988
0
0
0
0
0
0
0
0
0.18858
2.47628
0
0
0.122254
0
0
0
0
0
0
0
4.03732
0
3.41776
0
0
0
0
0
0
2.59214
0
0
0
0
0
0
0
0
0
0
0
0
0.626255
0
0
5.39289
3.24718
0.600222
3.91161
0
0
0
1.29076
0.147273
0.141206
0
0
1.5012
6.09743
0
0
0
1.89234
0
0
0
0
0
1.81359
2.37892
1.63588
0
0
0
0.646397
0
8.35974
3.42636
0
5.30021
0
0
2.00775
0
4.14498
0
0.160358
2.65236
0
1.33632
2.63816
0
0
0
0
7.41419
0
2.52731
0
1.46461
0
0
0
0
0
0
0
0
0.67477
1.05137
0.829289
0
0
0
2.47539
0
0
0
2.50806
0
0
0.15522
0
1.0134
0.144112
6.37897
0
0
0
0
0
0
1.09898
0
0
0
0
0
0
0
0
0
0
0
3.27517
0
4.55045
0
0
0
0
0
0
0.80855
0.165264
0
1.56598
1.21681
0
0
4.00356
2.74563
2.54417
0
0
0
0
1.90034
0
0
3.55839
1.42689
0
0
0
0
0
0
0
0
0
0.813502
0
0
0
0
0.131478
0
0
1.02273
0
0
0.149262
0
0
6.52094
0.134378
0
1.96449
0
0
2.07701
2.06725
0
0.142339
1.81609
0
0
0
3.50826
1.92301
0
0
0
0
2.09281
0
0.114306
0.136118
0
0.487755
0
0
6.31899
0
0
0.134196
3.45692
0
0.154961
0.168379
0
2.60604
0
6.45503
4.27437
0
0
0
0.892076
0
2.2377
0
2.51973
3.93583
0
0
2.4179
0
3.58854
3.9513
0
0
0
0.124953
0
0
0
0
0
0
0
2.52288
0
4.42165
0
0
3.28113
1.34892
0
0.157868
0
2.09705
0
0
0
0
1.52162
1.69504
0
0
0
0
0
1.83741
0
0
0.188627
0
0
5.10613
2.9972
1.84633
3.65803
0
0
0
1.7698
0
0
2.78457
0.378767
2.49033
0
0
3.61739
0
0
0.142021
0
2.5318
3.55803
2.96761
2.23447
0
0.729132
0
2.50405
0
0
0
0
0
0
0
0
0
0
2.76252
0
0
0
0
0
3.10472
1.84711
0
0
0
0
1.75765
0
0
0.15705
0
0
3.67251
0
0
0
0
0
0
0
0
0
0
2.52615
0
0
3.39147
3.66486
0.142082
0
0
0
0
2.07993
2.13178
3.69746
0
0
0
0
3.20625
0
0
0.540695
0.242626
2.50571
0
0
0
0
0
0
3.66804
0.495179
0.125207
0
0
0
0
0
0
0
4.27165
0
3.82162
0
0
0
0
2.87305
0
0
0
0
0
0
0.615627
0
0
0
0
0.777781
0
0
0
0
1.99085
0
0
0
0
3.85625
0
2.45939
6.75062
0
7.90871
0
3.6004
0
0
0
0
0
0
0
0
0
0
0
0
3.79387
1.3162
0
0
0
0
1.11798
3.37478
0
0
0
0
0
0
0
2.55694
0
0
0
0
0
0.205735
0
3.24782
0
0
0
0
1.56208
0
1.14972
0
0.318498
2.6518
0
0.159543
0
0
0
0
0.150781
6.41985
0
4.98415
1.3652
3.62418
0
0
0
0
0
0
4.87623
7.12294
0
0
0
2.66982
0
0
0
0
0.118128
1.11308
2.61401
0
0
0
0
0
0
0
0
0
0
3.99348
0
0
0
0
0
1.21441
0
1.80221
0
0
0
0
3.51453
0
1.50672
0.812792
0
0
0
0
0
3.46272
0
0
0
0
0.956668
0
2.55795
3.36699
1.52219
6.37361
0
0.7561
0
0
2.13837
0
0
1.11162
3.66124
4.91883
0
0
3.98065
3.69541
0
0
0
3.60146
4.07043
3.44727
0
0
0
0
0
0
0
0
0
0
2.29142
0.624317
0.53282
4.26054
0
0
0
3.64586
0
1.4865
0
0
0.156376
0
0
3.39101
0
0
0
5.22724
0
0
0
0
0
0
0
0
2.56546
0
0
0
0
0
1.11013
0
0
0.155969
0
0
0
2.55914
0
0.14015
0
0
0
0
0
0
0
0
0
3.65541
0
0
0
0
0
0
0
1.74626
3.60714
0.859654
3.72985
0
0
0
0
4.96853
0
0
0
0
0
0
1.92341
3.62315
0
3.38537
0
0
0
0
0
0.149676
0
0
0
0
2.33757
2.34642
0
0
0
4.7825
6.40837
0
1.83873
0
2.56829
0
0
0
0.800911
0
1.96505
0
0
0
2.89199
0
0
0
3.52523
0
0
0
0
0
3.41802
0
0
0
0
1.65953
2.91175
0
0
2.26537
3.06904
0
0
4.84333
0
0.373856
2.17004
0
0.166656
3.09334
0
0
0
0
0
0
3.60548
0.156222
0
3.53447
0
0.148189
1.65365
0
0
0
0
0
0
3.39374
2.35632
0
0
0
0
1.76687
2.57256
0
0
0
0.452168
0
0
0
0
0
4.06429
0
0
3.11078
1.28055
0
0
1.1676
0
3.02399
1.20363
3.29581
6.60052
0.150008
0
3.53756
0
1.19246
0
0
0
0
0
0
3.09316
0
5.12354
0
0
0
0
0
0
0
0
0
2.35868
0
0
0
3.2579
0.131164
0
0.512726
1.10631
0
2.03553
0
0
2.43438
0
0
0
0
0
1.25517
0
0
1.9592
0
0
1.0627
6.29521
0
0
0
0
5.63467
1.12904
0
0.133643
0
0
3.59926
0.678077
0
4.5979
0
3.56586
0
0
0.131744
0.59445
0.622905
0
1.10618
3.67998
0
0
0
0
1.60326
0
0
0
0
1.99591
0.755914
0
0
0
0
0
0
0
0
0
0
0
0
0
0
0
6.49785
5.02593
0
0
0.164125
0
0
0
0
0
0
0
0
0
4.23468
0.603681
0
0
0
0
0
0
3.39252
0
3.98597
3.01811
0
0
0
0
3.53708
2.30919
5.57872
2.50278
0.0486608
0
0
0
0
0
0
0
0
1.889
0
0
0
4.36331
0
0
0
0.616
0
0
0
0
0
0
0
0
0
0
0
0.990297
0
0.627897
0
0
0
0.165465
0
0.143476
0.46374
0
5.07516
0
0
0
0
0
0
2.60951
0
7.06683
0
0
0
0
0
0
0
0
0
0
0
2.96506
0
0
0
0
1.1146
2.32183
0
0
1.88822
0
0
0
0
1.75635
2.70095
0.660803
0.163564
6.63374
0
0
0
0
0
0
0
0
1.16638
0
0
1.95143
0
0.658214
0.807723
0
0
0
0
0
0
0
7.73675
0
0
0
0
0
0
0
0
6.39867
2.39351
0.651871
0
0.831481
0
0.295828
0
0
0
0
0
0
0
0
0
0
0
0
0.147617
0
0
0
4.31541
3.29452
0
0
0
0
0
3.1381
0
0
3.68826
0
0
0
0
0
0
5.62036
0
0.151301
2.18607
0
0
0
0
0
0
0
0
0
3.54989
0
0
0
6.48646
0
0
0
2.65628
0
3.51734
0
0
0
0
0
0
0
0
0
0
5.83453
0.837314
0
2.95878
0
5.48
3.62259
0
4.30577
2.4526
0
0
4.82427
0
0
0
0
0
0
1.77584
3.56111
0
0
6.53823
0
0
0
0
0
2.54929
3.2872
4.10794
0
0.769279
0
0
0
6.33938
0
4.54335
0
0
0
3.39193
0
0
0
0
0
2.53971
0
0
0
0
0.134391
3.4765
0
2.93488
0
0
0
0
0
3.31769
0
0
1.65001
0
1.08403
0
0
1.72708
0.478966
3.61292
0
0
5.73376
3.64728
1.11538
0
2.8477
3.22371
0
0
0
2.38402
4.07677
4.04334
0
0
0.259252
0
3.64422
4.55742
0
0
3.7387
0
0
0
3.6648
0
4.31369
3.08886
0
0.177828
0
0
0
0.152432
0
0
0
2.09832
0
0
1.74701
0
0.947052
0
0
0
0.471619
0
0
0.352104
0
0
0
1.00919
1.83336
0
2.50381
0
0
0
0
0
0
4.51264
0
0
0
0
2.04546
0
0
0
5.68507
0
0
3.41629
0
0
0
0.152709
0
0
0
0
0
0
0
0
0.0442881
0.145148
0.308843
0
2.64795
0.152782
0
0
3.05664
0
0.153291
0
0.823367
0
0
0.841853
0
0
2.47612
0
0
1.18355
0
0.150085
6.48238
0.592902
0
3.64481
0
0
0
1.91425
0
0.128922
1.4411
0
0
0
0
0
0
0
0
1.52893
2.28486
0
0
0
0
0.149173
0
0
0
0
0
0.433448
0
0
0
0
0
0
0
0
0
0
5.10587
2.94423
1.27656
0
1.96424
0.0172504
0
0
10.924
2.57356
0
0
0
0
0
0
2.39415
2.27014
4.46384
0
5.25588
0
0
0
4.38556
3.58244
0
0.151579
0
0
0
0.138769
2.66308
3.31868
0
1.10022
0
0
0
0
2.72075
3.55529
2.67411
3.40807
0
0
0
0
7.98084
0
0
0
0
3.79976
0
0
0
0
0
5.70407
3.11348
0
0
2.50545
2.25756
0
1.05509
7.98215
0
0
0
0
0
7.25098
0
0
0
3.45015
0
0
0.595102
0
3.01196
3.40585
0
0
0
0
0.642868
0
0
0
0
2.37057
0
4.79759
3.40427
0
0.978917
0
0
1.28869
0
0
0
0
0
0
0.673059
0
5.83676
0.138419
0
3.7153
0
0
2.60422
0
0
3.75479
0
0
0
0
0.144806
0
0
4.45792
0
0
0
0
0
1.17951
0
0
0
0
0
1.64245
0
0.710373
0.158259
0
0
0
0.656914
0
0
0
2.92687
0
0
0
8.23568
0
1.15192
0
0
0
0
0.740066
3.1784
0
0
0
0
0
0
3.59631
0.851356
0
2.4627
0
0
0
4.10978
0
0.118914
2.60133
0
0
0
0
3.50338
6.34503
2.95311
0
0.166334
0
0
2.48505
0
0
0.130216
0
3.56187
7.40102
0
0
0
0
1.3361
0
0
0
7.11245
0
0
1.5462
0
0
0
2.18522
0.622377
0
4.88894
8.17215
0
0
0.548871
0
3.62006
0
0
0.574938
0
0
6.21638
0
0
0
0.317337
0
0
1.78061
0
3.48554
0
0.669527
0
0
3.55096
0
0
0
0
0.59778
0
6.41365
0
0
0
0
2.13876
0
0
0
2.06314
0
0
7.21389
0
0
0
0
0
1.13074
0
0
0
0
0.32024
0
0
0
0
0
3.28771
0
1.50825
1.14803
0
0
0.922771
0
0
1.48352
0
3.21377
0
2.61929
0
5.90936
0
0
2.44667
0
5.68651
3.64409
4.35874
0.0571254
1.66787
0
0
3.54751
0
3.58499
6.46345
0
0
0
0
0
3.18927
3.08649
0
4.62486
0
2.61846
0
0.867894
0
0
0.122864
0.135909
0
0
0
0
0
0
0
0
0
1.48633
0
0
0
0
0
0
0
0.912818
0
0
3.79366
3.4631
0
0
3.5761
1.85154
4.05415
0
0
0
0
0
0
0.374767
0
4.5447
0
3.63387
0
8.64563
0.170295
0
0
0
1.55294
0
0
0
0.339653
0
0.862069
3.60724
3.47375
2.55102
0
6.69614
2.72984
0
0
0
0
2.4707
3.5825
5.03861
0
0
0
0
0
0
1.5274
0.34604
0
0
0
0
0
0
0
0
0
0
2.55787
0.22598
5.27031
2.60018
0
0
0
0
2.32773
0
0
0
0
0
2.03838
0
0.131462
0
0
3.62929
0
0
1.19553
0
1.15041
0
1.30314
0
0
0
0
0
0
0
1.58229
3.47466
6.47925
3.86365
0.142999
0
7.92616
0
0
2.61548
0
0
0
0
0
0
0
3.55776
6.88122
0
0
0
1.14441
0
0
0
0
0.155294
2.46468
4.39609
0
0
0
0
0
7.36508
0
0
0
0
9.20651
0.632909
0
0
0
5.71378
0
0
0
0.165984
0
3.5949
0
0.135101
0.673757
0
0
0.851325
1.21778
0
3.64351
0
0
0
0
3.46401
0
2.45654
0
0
0
0.327301
8.73009
6.52467
3.4961
2.67775
0
3.63874
0
0
0
0.676145
0
1.83314
2.5814
0
0
0.154293
3.5577
0
0
7.04138
3.57251
2.1565
2.79996
1.1143
6.57603
4.06471
3.64919
0
0
4.34878
1.13654
0.0614953
0
0
0
0
1.07626
0
2.71281
1.97149
0
0
2.37511
0
0.150956
0
0.125836
6.38089
0
0.536634
0
0.127955
0
0
0
2.04959
3.56138
3.35866
0
0
4.51326
0
0
0
0
0
1.61399
0
2.175
0
0
0.234188
0.158459
0
0
0.925864
0
0
0
0
0
0
0.719394
0
0
0
5.16078
0
0
1.31398
0
0
1.94802
1.56774
0
2.44278
0.752695
0
0
0
0
0
0
0
0
5.09617
0.594787
0
0
0
0
3.7594
0
0
3.73333
3.6051
0.656664
0
5.74985
0
2.05458
0
4.69931
0
0
1.09697
1.6178
7.73479
0
0
1.28177
0
0
0
0
0
0
0
0
2.39155
0
0.170289
0.156313
0
0
0
0
0
0
8.26859
0
1.55158
3.21685
0
0
5.5227
0
5.07425
2.0841
0
0
0
0.150815
0
0
0
0
2.5458
0
0
0.711102
0
0
0
2.41538
0
0
0
1.1104
0
0
0
0
0
0
0
0
0
0
6.36574
0
1.8732
0.132467
0
1.5404
0
0
1.03498
0
0
0
0
2.03532
1.78395
0
0
0
0
0
0.169582
0
0
0
0
2.71018
0.862387
0.145589
0
0
0
1.79917
0
0
0.612765
0
0
0
0
0.133782
2.00419
0.00822465
0
4.01198
0
0
0
0
2.4218
0.122398
0
0
0
5.39804
0
0
0
0
0
0
2.38793
1.27477
0
0
0
0.164157
0
0
0
0
0
3.66196
1.79143
0
0
4.24012
0
0
0
0
0.134767
0
0
0
0
0
0
0
0
0
0
0
0
0
0
0
0
0
0
0.166645
0
0
0
0
0
0
0
0
0
1.8277
0
0
1.57009
0.762444
0
0.609691
0
3.13689
2.3561
0
0
0
1.88773
0
0
0.888394
12.585
0
0
0
3.68441
0.163395
0
0
0
0
0.861189
0
0
0
2.42016
0
0
0
3.76208
0
0
0
0
0
5.86753
0
0
0.133079
0
0
0
0
0.160091
0
0
0
7.37659
0
0
0
3.39867
0
0
0
0
0
1.95306
0
0
0
1.06703
0
0
4.15227
0
0
0
0
0
0
0
0
0
0
1.14563
0
0
1.78473
0
0
0
0.897729
0
0
0
3.67809
0
0
0
0
0
0
0
0
0
0
0
0
0
0
3.61095
0
4.82558
0
0
0
7.23326
0
0
0
0
0
0
0
0
0
0
0
0
0.16576
3.56306
0
0
2.50312
2.72017
0.135938
0
0
0
3.48867
0
0
0
0
0
0
0
0
0
0
0
0.15514
3.34603
0
0
7.38208
0
0
0
0
2.01928
6.38246
3.43389
0
0
0
0
0
0
2.03818
0
3.67385
3.50702
0
0
3.39895
1.30348
0.149452
0
0
0
0
0
0
3.16957
8.02952
0
1.14334
0
0
0
0
0
0.163739
2.78174
0
0
2.45135
0
0
2.53246
0.165561
0
0
0
0
0
0
2.06865
0
0
0
1.91239
0
0.622462
0
0
0.790852
0.149208
3.37442
4.32935
3.42997
0
1.32201
0
0
0
0
0
1.51576
4.2176
0
2.573
0.534522
2.36416
1.09854
0
0
0
0
0
0.840623
0
0.160779
0
0
0
0
0.545549
0
6.35245
2.24841
1.18431
2.58418
0
0
0
2.87446
0
0
0
0
0
0
0.665436
0
2.03937
0
0
1.30361
0
0.852481
0
0
0
0.669843
0
0
3.28905
0
6.42786
0
0.121727
0
0
0
0.87271
6.33169
0
2.64708
0
1.2452
0
0
0
0
0
0
0
0
0
0
0
0
0
0
0.165042
0
0
0.473705
1.993
0.155409
0
3.65889
2.71559
0
1.04829
0
0.130343
0
0
0
0
1.10247
0
0.139618
2.84379
0
3.61627
0
0
0
0
6.47375
2.64845
0
0
1.94343
0
0
2.4645
0
0
0
0
0
4.85297
0
0
0
0
3.09879
0
0
0
0
0
0
0
0
0
0.747975
0
0
6.36247
3.48458
0
0
0
0
0.184529
2.62758
4.31804
0
0
0
0
0
0
2.16754
3.93041
0
0
3.96138
0
1.51997
0
0
0
0
0
0
0
0.836836
0
0
0
0
0
0.144416
0
0
0
0
0
0
0
0
0
0
1.94859
0.488276
0
0
0
0.637874
0
0
0
0
0
0
0
0
0
0
1.83961
0
0
0
1.61754
0
0.995084
0
1.81234
0
0
0
0
0
0
0
0
0
4.02297
0
0
2.75167
0.132063
0
0
0
1.69704
0
7.19274
1.82133
0
0
0
0.118016
0
0
0
0
0
0.139944
0
0
0
0
0
1.05684
3.91387
0
2.90769
8.10094
0
3.96079
0
3.25697
0
3.30612
0
0
0
0
6.75925
0
0
0
0
0
0
7.93872
0
6.44957
1.84325
0
0
0
0
0
4.24835
0
0
0
0
0.673681
3.39635
0
0
0.169685
0
0
3.10966
5.18994
0
4.2195
2.52912
0
0
0
0.96378
0
0
0
0
0.464872
5.64214
0
1.75088
0
3.50436
0
0.0698823
0
0
1.02689
3.68416
0
0
0
0
0
0
0
2.46394
0
3.95234
0
2.75131
0
2.27982
0
0
0
0.119628
0
0
0
0
0
0
0
4.5259
3.83302
0.0544189
0
0
0
0.155825
0
0
2.74615
0
2.60259
1.13911
5.80742
0
0.137806
0
0
0
0
0
0
0
0
0
0.14089
0
1.42274
2.90516
0
0
0
0
0
0
0
0
0
0
0
0
0
2.21563
0.797592
3.45642
3.45005
4.53898
4.17396
0
0
0
0
0
0
0
0
0
1.53096
0
0
0
1.79477
1.05677
0
0
3.59914
0
0
0
2.69096
0
0.142147
2.04858
0
0
0.890932
0
3.67845
0
0.144411
0
1.55097
0
1.08751
0
0
0
0
0
0
0
1.87677
0
0
0
3.34871
0
0
0
0
0
0.125044
0
1.9646
4.32019
0
0
0
0
0
2.42424
0
5.1947
0
1.91586
0
0
1.85801
0
0
2.47318
0
1.00672
0
0
0.108146
0
0
0
0
0
2.58439
0
0.119606
0
0
0
0.154561
2.04059
0
0
0
0
1.5553
0
2.82128
0
0
0
2.66649
0
1.60385
1.13199
0
0
1.90745
0.582876
0
0
3.43257
0
0
2.4053
0.0972375
0
5.49621
0.671443
0
0
0
0
0
5.09785
0
0
0
0
0
0
0
0
1.25288
0
0
0
0
0
0
0
3.53572
0.377697
0
0
0
0
0
1.13705
1.5641
0
0
4.3144
0
3.87444
0
2.70414
0
0
0
0
0
0
0
0
0
0
0
0
4.3872
0
0.654625
0
0
0
0
6.34006
0
0
0
0
0
2.13007
0
2.68419
2.02547
0
4.18387
0
2.41126
0
0.104965
8.84099
0
0
1.1244
3.23351
0
0
0
0
0
0
0
0
0.174427
3.42158
0
2.2028
0
0
0
0
0
1.13388
0
0
1.20891
1.1603
0
0
0
0
0
0
0
0
3.63172
0
1.91144
0
0.684055
0
0
0
0
0
0.627234
0
1.11552
0
2.01512
0
0
0
0
0
0.126908
0
0
0.83573
3.49808
0
4.8398
0
0.507145
0
0.152584
0
0
0
0
0
8.96093
0
0.661634
0
0
0
2.48175
0.841505
0
0
0
0.167243
0
0
0
1.51051
0
0
4.29732
0
0
0
0
0
0
0
0
0
5.38463
1.49406
0
0
0
0.119707
2.51292
0
0
1.56283
0
0
0
0
0
1.5449
0.157752
6.52788
0
3.54557
0
0
0
0
0.630297
0
0
0
0
6.32406
0
0
0
3.07997
3.43625
0
0
0
0
4.042
2.24733
0
0
0
0
0
3.65752
0
0
4.93327
0
0
4.45913
0
0
0
0
5.92783
0
2.38836
0
0
0.239508
0
3.65389
8.19389
0
0
5.32876
0.0798945
2.79209
0
5.23011
0
0
0
0
0
0
3.62994
2.50215
0
0
0
0
0.129891
2.95787
0
3.62703
0
2.00563
0
0
0
0
0
3.23958
0
0
0
0
0
0
4.13668
0
0
0
0
0
2.5738
0
0.877491
4.14404
1.06272
0
0
0
0
0.165434
0
0.119795
0
0
0
0
0.168251
4.98131
0
7.32307
0
1.5412
0
0
0
0
1.99777
0.214081
0
0
0
0.145568
0.0995206
0
0.359739
0
0
2.58517
0
2.79684
0
0
0
3.64837
0
3.24612
2.49924
0
0
0
0
1.13519
0
0
0
0
0
0
1.06934
0
0
0
1.88688
0
0
3.58547
0
0
0
0
0
0
0
0
0
0
0
0
0
0
0
0
0
0
0
3.495
0
0
0
0
0
0
0
0.907264
0
0
0
0
0
0.57506
0.130015
0
0
0.128068
1.02578
0
0
0
0
0
0
3.71978
2.41005
0
0
0
0
0.139188
0
0
0
0.651283
0
1.07319
3.5501
6.04436
0
0.167155
0
0
0
1.00331
0
1.45767
2.94332
0
0
0
1.04779
0
0
0
0
0
1.07361
0
0
0
0
2.09146
0
0
0.220818
0
0.591745
0.769989
0
0
5.69892
0
0
0.366797
3.55251
1.6813
0
0
0
0
8.19211
0
0
0
1.72919
0
0
0
0.133609
0.26422
0
0.172548
0
0
0
2.64695
0
0
0
0
0
0
0
0
0
0
0
0
0.686989
3.27462
2.53577
0
0
0
0
0
2.46766
0
0.906609
6.10992
0
0
0
0
0
1.58712
3.69378
1.87207
0
0
0
0
0
1.75256
0
0
0
0
1.12213
0
0
0.128291
0
0
0
0
1.2735
0
0
0
0
0
0
0
0
3.75505
0
6.52513
0
0
0
0
0
0
0.636125
3.51283
0
0.830308
7.38334
0
0
1.14471
0
0
0
1.2407
0
0
0
0
4.1363
3.5742
3.54366
2.44533
1.71009
0
0.824471
1.11311
0
4.08353
0
0
0.51973
0
0
4.22758
2.62205
0
0
0
0
0
3.62809
0
0
0
0
0
0
0
0
5.58619
0
0
1.45765
1.98624
1.11132
0
3.05787
1.03229
5.28691
0
0
0
0
0
4.0186
0
0
0
0.200507
4.30986
0.134075
0
0.627119
0
0
0
0
1.99956
5.11789
1.29602
0
0
0
3.27084
3.44994
0
2.38712
0
0.139274
0.610261
0
0
0
0
0
0
3.95664
0
0
2.51307
0
2.44343
0.136989
2.39325
0.161154
0
0
0
7.90308
0
0
0
6.22234
0
0
1.89309
0
0
0.144147
0
0.0715769
0
0
1.14937
0
0
6.38394
0
0
3.63234
2.73989
0
0
0
0
6.44309
0
0
0
0
3.18785
0
0
0
2.47562
0
0
1.86002
0.164467
0
5.43855
0
0
0
2.04822
0
0
2.18268
3.54573
1.77099
0
4.79779
3.18743
0
0.860365
0
8.09991
0.737117
0
0
0
0
0
0
0
0
0
0
0
0
0
0
2.06935
4.18449
5.56289
0
0
0
0.149742
0
0
0
0.731466
0.16164
0.147214
0
3.04861
0
0
0
4.24957
0.856658
0
0
0.334588
0
0
0
0
3.42295
0
2.49213
0.163785
0
0
3.53648
6.116
0
0.121266
6.28199
0
0
3.628
0
0
1.09008
1.79831
0
0
0
2.49207
0
0
0
0
2.38697
0.266974
0
0
0
0
5.19072
0
1.51261
0
1.68097
0
0
0
0.342439
0
3.51152
0
0
0
0
0
0
0
0
4.20383
0
0
0
0
0
2.79684
0
0
1.26096
0
0
0
6.79871
0
4.90297
0.607513
0
0
0.142334
0
0
1.27549
6.27451
0
0
8.02322
0
0
0
0
0
9.11824
3.81109
0.146476
0
0
1.63968
0
0
0
0
0
2.47808
0
0
0
0
0
0
0
0
0
0
0
0
0
0
3.86949
0
0
0
0
0
0
0
0
6.29991
0
5.80458
0
0
0
0
0
0
1.85687
0.892026
4.72071
3.01626
0
0
0
0
0
0.829666
0
0
0
0
0
1.00658
0
0
3.73773
0
0
0
0.42989
0
4.10026
8.25468
0
0
3.55679
0
0
0
0
0
0
0
3.83278
3.68263
4.96569
3.98064
0
0
1.73675
0
0
5.20359
0.127185
0
0
0
0
0
0
0
0
0
2.52957
3.57624
1.05173
0
1.39792
0
0
0
0
0
0
2.8707
0
0
2.3845
0
0
0.765942
0
0
2.41748
0
0
0
3.4504
0
0
0
0
0
0
0
2.43331
0
0
0
0
0
1.52313
0
1.80792
0
3.49635
2.61797
0.585616
3.20793
0
0
0
0
0
0
0
0
0
0
0
0
0
0
0.681631
0
0
0
0
0
0
0
0
0
0
0
4.15299
0.153012
0
0
1.81178
0
0
0
0
0
0
0
0
3.03005
0
0
0
2.58925
0
0
0
1.24429
5.57669
0
0
4.25798
0
0
0
0
1.16282
5.68157
0
0
0
0
0
0
0
0
0
3.61993
1.98753
0
1.07431
0
2.60837
0
0.619309
0
0
0
0
0
0
5.477
3.4741
0
0
0
0.565247
0.168186
0
0.605537
0
0.657231
1.48054
0
0.151291
4.03543
0
0.119377
0
3.53082
4.47919
0
0
0
6.42538
0.721976
0
1.30571
0
0
0
0
0
1.16754
0
0
0.225482
0
0
1.76325
3.32679
0
0
0
0
0
0
0
0
0
0
0
0.16634
3.62263
0
0
0
0
0
0
0
1.35798
2.59707
0
9.91105
1.80819
0
6.47624
0
0
3.42429
0
0
0.127893
0
0.473519
0
0.236854
3.5222
0
0
0
0
0
0
0.0696026
0
0.425297
0.153793
0
2.59665
3.46686
3.40416
4.25167
0
0.126208
0.370935
0
3.34032
0.128368
1.14142
0
0
0
0
0
0
0
1.62801
0
0
2.77469
0
3.68664
0
0
4.02567
0
0
2.80143
0
0
0
1.5854
0
0.70009
0
0
0
0
0
0
2.56591
0
0
0
0
0
0
1.74486
0
0
0
0
0
5.04269
0
0
0
0
0
0
0
0
0
0
0
0
1.89497
0
1.05634
0
0
0.568647
0.116083
0
0
0.159488
0
0
0
0
0
0
3.58614
0
0.800319
0
0
0
0
0
2.65205
0
0
0
0
0
0
0
0.143296
0.158822
0
0
6.38018
0
0.406026
0
0
0.506272
0
5.71485
0
0
0.638007
1.15718
1.3255
0
0
0
3.84387
0
0
0
0.496484
0
0
0
3.00867
0
0
0
1.74043
0
0
0
0
0
0
0
0
2.49866
0
0
0
1.29097
0
1.80652
0
0
0
0
3.5039
1.992
0
0
0
0.451521
0
5.7014
2.95225
0
0
2.02909
0
0
0
0
0
0
0
0
2.95864
0
3.5821
0
5.70863
0
0
0.128159
0
2.82243
0
0
0
0
0
0
0
0
0.158298
0
0
0
1.85959
0
4.71636
0
0
0
0
0.723331
0
0
3.49423
0
0
0.863062
0
0
1.51649
0
0
0.860644
0
0
0
0
0
3.35477
0.109908
0
0
0
0
1.40242
0
0
1.2183
0.657409
0
2.40737
0
0
0
0
0
0
1.97024
0
0
0
6.48161
0
2.52277
0
0
0
6.42985
0
0
0
2.46896
0
0
0
2.3961
0
0
0
0
0
0
0
0.152825
0
0
0
0
0
0
3.62155
0
0
7.06738
4.69479
0
0
0
0
0
0
0
0
0
0
0
0
0
0
0
0
0
0
0
0.244942
0
3.53483
0
0
0.0561923
0
6.38235
1.59928
0
0
0.63455
0
0
0
1.77403
6.38913
0
0
0
0.562275
10.2756
0
2.50826
0.578955
0
2.18226
0
0
0.476497
1.40902
0
0
0
0
0
0
0
0
1.41434
5.61505
0.254612
0
2.42893
0.347702
0
0
0
0
0
0
2.57375
3.67122
0
0.149854
0
0
0.128003
0
0
0.169693
0
0
6.40278
0
0
0
0
0
0
0
0
2.43483
0
0
0
1.52774
1.82195
0
0.676859
0.134512
0
0
0
0
0
2.95465
0
0
0
3.70379
0
0
0.673785
0.164799
3.53025
0.648948
0
0
0
0
0
0
0
0
0
0
0
0
0
3.51708
0
3.57997
0
2.49496
0
0
0
0
0
3.81643
0.177855
0
0
0
0
0
0
0
0
1.18568
0.915371
6.18012
5.10012
0
2.54585
7.72042
0
1.73392
0.169065
0
2.38899
0
0.173536
0.323381
1.45591
3.59733
0
0
0
0
3.5555
2.29042
5.34664
0
0
0
0.846052
3.00515
0.556107
0
1.05786
0
1.11341
0
0
0.109133
0
0
0
3.65623
0
0
0
0
0
3.13894
0
0
0
2.615
0
0
0
0
0
0.156319
0
0
8.35614
3.62526
0
0
0
0
0
0
0
0
5.66919
2.56164
0.336671
0
0
0
1.3143
0
0
0
0
1.55688
3.56318
0
0
0
0
0.156668
0
0
0
6.29
0
0
8.2654
0
0
0
0
1.13308
5.07809
0
0
0.135924
0
0
0
0
0.617505
7.96451
0
0
3.65435
0.105546
0.757615
0
0
0
0
0
0
1.7309
0
0
1.09047
0
0
0
0
0
2.9872
3.29085
0
0
1.26017
0
0
1.70061
0
0
2.39861
0
0
0
0
0
0
2.49285
1.68653
0
0
0
2.3832
0
0.279587
2.42485
0
2.30067
6.36597
1.42971
0
0
0.866208
0
0
4.22664
0
0
0
0
0.405438
2.94928
0.254054
0
2.55227
4.79719
0
0
0
0
0
0
0
3.94232
0
0
1.30538
0
1.0043
0
0
0
0
3.01402
0
0
1.01204
0.353118
0
3.27993
1.23294
0.14621
6.55831
0
0
1.77923
0
0
0
0.844949
0
0
0
0
0
1.10117
0
1.13891
0
0
0
0
1.01183
0
0
0
0
0
0
0
0
0
0
0
0.53092
0
1.54486
0
0
0
7.4209
0
0
0
0
1.63389
0
3.53816
0
0
0
0
0
0
1.68232
0
0
0
0
0
0
1.26299
0
0
8.10006
0
0
0
1.57
0
0
0
4.25972
4.39233
0
0
0
1.51676
0
0
0
4.26333
0
0
0
0
0
0
0
0
0
0.791859
3.04107
0.167266
0
0
0
0
0
7.81583
1.07789
0
0
1.60049
0
0
0.154246
0
2.29447
0
0
0
0
0
0
0
3.61509
0
0
0.990972
0
0
0
0
2.45896
0
0
0
0
0
0
0
0
0
0.243271
0
0
0
2.68628
0.591545
0
0
0
0
0.647798
0
0.324791
0.645796
0.153896
0.404927
0
0
0
0.152012
0
0
0
0
0
0
0
3.7502
0
0
1.53957
0
0
0.134128
0
2.5166
4.877
0
0
0.317889
0
0
0
0
0
3.66094
0.137905
0
1.38492
0
3.5823
0
0
0
0
0
0
0
0
2.77796
0
0
0
0
0
0
0
0
0
1.93753
0
0
0
0
1.62805
3.08413
0.139853
0
0
0
0
0
0
4.39637
0
0
0
0
0
0.15511
4.31758
0
1.4551
0
8.3421
2.95143
0
0
1.92807
0
0
0
0
0.703794
0
0
0
1.97617
0
0
0
0
0
0
0
0
4.09588
0
0
1.75358
0
0
1.14258
0.140068
0
0
0
0
2.42681
0
0
0
0
5.13406
0
0
0
0
0
0.586665
0
0
0.736863
0
0
0
0
0
2.41526
0.94004
0
1.1003
6.31851
0
0
0.976742
0
0
0.172991
0
0.117659
0
0
0
0
0
0.261906
0
0
0
0
1.45354
0
0
0
0
0
2.4468
0
0
0
0.0556691
0
0
0
6.52264
0
0
2.09961
0.317887
0
0
0
1.00109
2.07729
0
0
0
0
0
0
0
0
0
0
0
6.32592
0
4.63915
0.699952
0
0.809655
0
0
1.20638
0
3.07691
0
0
0
0
0.690097
0
0
1.1452
3.68329
0
0
0
0
0
0
0
2.2437
0
1.5993
0
0
0
0
0
0
0
0
0
0.15825
1.92652
0
0
1.19663
3.59244
0
0
2.08388
0
0
0
0
0
0
0
3.37597
0
0
0
0
0
0
0.167176
0
0
0
0
2.65148
0
0
3.70571
5.01016
0
0
0
0.168916
0
0
0
0
0
7.81416
0
0
0
0
0
0
1.81015
0.141447
0
0
0
0
0
0
0
0.623809
2.47976
0
0
0
0
0
0
0
0.749074
0
0
0
0
0
0
0
0
0
6.5322
3.43574
0
0
3.58862
0
0
0
2.03419
4.44656
0
1.5689
2.47461
0
0
0
2.61224
0
0
0.651683
0
0
0
0.137711
0
0
0
0
1.11216
0
0
0
0
1.30995
0
0
0
0
0
0
0
0
0.132289
0
0
3.322
0
5.25181
0
0
0.672306
0
0.0859524
1.34378
0
0
3.71082
0
0
0
0
0
0
0
2.4654
6.37577
0.247269
0
5.79244
0
0
0
0
0.159263
0
0
0
0
0
0
1.27735
0
0
0
0
0
0
0
0.358308
1.82129
0
0
0.143938
0
0
0
0
0
4.58043
2.35009
1.99952
0
1.1932
0
0
0
1.12864
0
0
0
2.44946
0
0
6.49475
0
0.145319
2.91851
0
5.10246
0
0
0
0
0
0
1.7455
0.149897
0
0
0
0
0
1.08064
0
0
0.154268
2.56942
1.9422
5.40387
0
2.4369
0
0.148016
1.94751
1.82173
0
3.62686
0
0
0
0
0
0
0
2.04148
0
0
0.893566
0
2.13475
0
0
0.13852
0
6.53761
1.68493
0
0
0
0
0
0
0
0
1.16976
3.66358
0
0
1.13989
0
3.457
0
0
0
0
0
0
0
0
0
0
0
0
0
0
3.32078
2.83352
3.45453
1.8814
0
0
0
0
0
0.294186
0
0
0
0
0
0
0
0
0
0
3.09062
0
0
0.0678449
0
0
0.21248
0
0
0
0
0
0
0
0
0
3.6029
2.65045
0
0
0
0
0
1.17398
5.10906
0
0
3.59197
0
0
0
2.39107
0
0
0
1.28748
0
0
0
0
0
3.71515
1.12941
0.665255
0
0
0
1.48428
0
0
0.841984
0
0
1.55128
1.04892
0
2.53429
0
0
0
0.13935
1.65223
0
1.62763
0
0
0
0
0.159842
2.80581
0
0.950033
1.03254
0
0
0
0
0.71781
0
0
3.58996
0
0
0
5.22399
0.850089
0
1.35828
3.05861
0
4.48066
0
0
0
7.60017
0
0
0
0
2.95967
10.3805
0
0
0
0
0
0
1.23073
0
0.562336
0
0
0
0
0
0
0
0
0.160741
0.149951
0
3.78562
0
0
2.63553
0
6.75137
0
2.47447
8.09813
0
1.48588
0
0
3.57357
0
2.21287
0
0
0
3.43973
0
0
2.98426
0
0
0
3.22583
0
0
3.74127
0.148064
1.99395
1.25225
0
0
0
1.8174
0
3.67054
0
0.664133
0
0
1.3709
0
6.17951
0
4.54438
0
0
0
0
0
0
0.157913
0
0
0
3.62709
0
0
0
0.705717
2.77632
3.22432
3.81703
0
0
0
0
0
0
0
0
0
0
0
0
0
0
0
0
0
0
3.54881
3.92705
0.677926
5.38269
0.355844
2.97416
0
0
0
0
0
0
1.35371
0
2.33691
0
0
0
0
0
1.82699
0
0
0
0
0
3.44611
0
0
0
0
0
0
0
0
0
0
0
0
0
2.44232
0
0
0
0
3.6247
0
0
3.61375
0
0
0
0
0
1.10583
1.04852
4.8314
0
0
0.136101
0
0.157916
0
3.38419
0
0.771894
0
0
0.708751
0.773781
0.832857
0
0
0
0
0
0
5.66135
0
4.17984
0
0
0
1.14951
3.48479
0
0.142119
0
0
1.35848
3.74195
0
1.66698
0
3.49165
2.30113
0
0
0
0
1.13001
3.56082
0
0
0
0
0
0
0
1.61637
0
0
0
0
6.3469
1.72719
0
0
0
0
0
0
0
0
0
1.8798
3.05461
0
0
0
0
0
0
1.2382
0
0
0
5.08465
2.95086
0
3.58485
5.37326
0.719115
0.140407
0.291873
0.577954
1.06876
0
0
0
0
0
1.60685
0.135181
0
0
0
0
2.01601
1.79012
3.72599
1.68286
0
0
0
0
0
6.87691
0
0
0
0
0
0
0
0
0
1.84322
0
2.02307
0
0.703237
0
0
0
2.08725
7.23106
0
1.15346
0
0
0
3.74154
0.31455
4.95433
0
0
0
0
2.33979
0
0
0
0
0
0
0
0.598817
0
0
0
0
0
0.280741
0
1.81439
0.62974
1.92063
1.93579
0
0
0
0
3.54584
5.06611
0
0
2.53389
0
0
0
0.679538
3.72091
0
0
0
0
0
0
0
0
0
6.53431
0
0
0
4.6823
6.41192
0
1.79688
2.17787
2.61383
0
3.51261
0
0
2.22544
0
6.93592
2.37418
0
0
2.29422
0
0
0
0
0
8.24998
0.125501
0
0
0
0
0
0
0
1.80063
0.790614
3.97949
0.15055
0.600698
2.05058
0
0
3.81296
0
0
0.216245
0
0
0
0
0
0.57105
5.5513
0
3.55396
0
0
0
0
0
0.368109
0
0
0
2.03556
0
2.37898
3.40908
0
0
0
0.297268
0
0
0
0
1.98246
0
0
0
4.1452
0
4.04966
0
0.656064
0
0
0
0
0
0.378776
0
0
0
0.197514
0
0
0
3.55789
0
2.42409
3.06009
3.57551
0.156637
4.64213
0
0
0
0
0
3.62587
0
1.71273
0
0
0
2.9584
1.75842
1.5083
0
1.79492
1.01162
0
0
0
0
0
0
0
2.41152
0
0
2.02624
0
0.178517
0
0
0
0
0
0.660976
0
0
0
0
0
0
0.493809
0.106952
1.08239
1.27975
0
0
0
1.13505
0
0
0
0
2.38871
0
0
0
0
0
0
0
0
0
2.40132
1.94066
3.48126
0
0
0
3.30791
0
0
1.15802
0
0
3.53336
0
0
0
0
0
0
0
0
2.71597
0
6.48769
0.133268
0
0
0
1.53964
0
0.142758
0
0
0
0
0
0
0
0
0
0.868169
1.4892
1.49815
0
0
5.3929
0
0
0
0
0
0
0
0
0
0
0
0
0
0
0
0
0
0
0.515595
0
0
0
0
0
0
0.153974
0
0
2.76111
1.82543
0
0
0
0.0901349
2.18417
3.223
0
0
0
0
0
0
1.00765
0
0
0
0
0
5.1773
0
0
0
0
2.82589
0.175485
0
0
0
0
0
0
0
0
0
0
0
0
0
0.160863
3.55777
0.155662
2.00305
0
0
0.156723
0
4.16487
0.165845
0
2.4013
0
0
0.681327
0.660785
0
0
0
0
5.72133
0
3.39319
6.26947
0
1.81739
0
0
0
0.163085
0
2.64267
0
0.919731
0
0
0
0
0
0
0.34325
0
4.17148
0
1.78726
0
0
0
0
0
0
0
0
0
3.05363
1.56149
0.620837
1.96863
0.60098
0
1.96473
0
0
0
1.41817
0
2.50439
0
0
3.36118
0
0
0
0
3.72411
0
0
2.46193
2.06426
0
3.29129
0
0
0.335543
0.686054
0
0
3.30918
2.32641
0
0
0
0
3.32415
0
0
0
0
0
0
0
0
0
2.49329
1.51949
0
0
0
3.65142
2.14265
0
4.03115
0
1.95438
1.8803
0
1.1166
0
0
0
0
0
3.53949
0.135662
0
0
0
2.06453
0
1.27673
3.67654
0
0
0
0
3.6135
0
1.9783
0
0
0
0.568134
0
1.42389
0
0
2.49836
0
0
3.63082
0
0
0
0
0
0
0
0
2.5727
0
0
0.148321
2.99234
0
0
0
0
0
1.179
0
2.01949
3.17778
5.57024
0
0
4.2974
0
6.34294
0
1.4017
0
0
0
0
1.59934
1.72679
1.92151
0.0209285
0
0.140154
0
0
0
0
1.11623
0
0
0
3.37893
0
0
0
5.69578
0
0
2.23787
0
1.28846
0.599701
2.44394
0
0
2.8599
2.61729
5.63091
0
3.42038
0
0
2.55362
1.35588
0
1.525
0
1.60633
0
5.65423
0
0
7.98706
0
0
0
0
0
0
0
2.48154
0
0
