0
0
0
0
1.50242
0
0
0
0.0950885
0.967808
0
0
0
0
0
0
0
0.928683
0
0
0
0
0
0.655473
0.0438071
0.0597562
0
0
1.48945
0.496898
2.24054
0
0
0
0.0519847
0.680909
0.383832
0
0
0
0
0
0
0
0
0.55957
0
0.0869825
0.091378
0
0
0
0.450719
0.0640897
0
0
0
0.00167735
0
0
0
0
0
0
0.295203
0.0628599
0.406041
0.0353547
0
0.384375
0
0.806854
0.211135
0
0
0
0
0.225611
0
0.132452
0
0.97728
0
0.510948
0.441575
0.455388
0
0
0.110782
0
0.102034
0
0
0.925453
0
0
0
0
0
0
0.968196
0.0761807
0
0.0843325
0
0.238021
0.0175177
0
0
1.96336
0
0
0
0.147253
0
0
0
0
0
0
0
0
0
0
2.09319
0
0
0.872233
1.1071
0
0
0
0
0
1.69926
0
0
0
0
0
0.984423
0
0.155805
0
0.0833129
0.0350583
0
0.584366
0.113282
0
0
2.1195
0.12077
0.677716
0
0
1.22079
0
0
0
0.338088
0
0
0
0
0
0
0
0
0
0
0
0.0709473
0
0
0.384393
0
0
0
0
0.217112
0
0
0
0
0.263376
0
0.515483
0.290477
0
0
0
0
0
0
0
0
0
0
0
0
0
0
0.167283
1.17596
0.0304698
0
0
0.323825
0
0.15111
0
1.16955
0
0.903793
0
0
0
0
0
0
0
0
0.697444
0
0
0
0
0
0
1.54635
0
0
0
0
0.33387
0
0
1.07134
0.120939
0
0
1.10712
0
0.986812
1.47499
2.16407
0.276195
0
1.83458
0
0
0.154494
0
0.051448
0
1.29748
0
1.48804
0
0
0
0
0.0106096
0
1.28184
0.0271474
0
0
0
0
0
0.0681093
0.330657
0
0
0.4496
0
0.946098
0
0
0.00502876
0
0
0
0
0
0.0807708
0
0
0
0.403469
0
0
0
0
0.290007
1.46512
0
0
0
0.652226
0
0
0
0
0
0
0
0
0
0.0713108
1.23113
0
0
0
0
0.545306
0
0
1.21615
0
0
1.62399
0
0
0
0
0
0
0
0
0.202937
0
0
0
0
0
0
0.104616
0
0
0
0
0
0
0
0
1.14214
0
0.217507
0
0
0.179168
0
0
0
0.298199
0
0
0
0
0
0
0
0
0
0
0
0
0
0.0662555
0.73506
0
0.108573
0
0
0.375358
0
0
1.38402
0
0
0
0.543081
0
1.07385
0.0275967
0
0.799018
0
0
0.0294969
1.53033
0
0
0
0
0
0
0.838127
0
0.177439
0
0.242186
0.558638
0
0.11581
0
0
0
0
0
0
0
0
0
0.202891
0
0
0.135771
0.21482
0.0854885
0
0
0.554462
0
0
0
0
0
0
0.135786
0.0709677
0
0
0
0.0929653
0.960774
0
2.1186
0
0.545221
0.479562
0
0
0
0
0.179765
0
0
0.0124742
0
0
0
0
0.0587708
0
0
1.2424
0
1.48717
0
0
0
1.10538
0
0.300331
0
0
0
0
0.0419747
0.138924
0
0.203499
0
0
0
1.03336
0
0
0
0
0
0
0
0
0.127973
0
0.939419
0
0
0
0
0
0.698671
0.26522
0
0
0
0
0.776907
0
0.123326
0
0
0
0
1.0121
0
0.576408
0.55792
1.40456
0
0
0
1.38357
0
0.276314
0
0
0
0
0
0.379109
0.085912
0
0.506316
0
0
0
0
0
0.0764309
0
0
0
0
0
0
0
0
0
0
1.19987
0
0
0
0
0
0
0
0
0
0
0.193031
0
0
0
3.58142
0
0.983586
0
0
0
0.0958023
0.704776
0
0
0
0
0
0
0
0.577167
0.267475
0
0
0
0
0
0
0
0
0
0
0
0
0
0
0
0
0.0194371
0
0
0
0
0
0.0163817
0
0
0
0
0
0
0.367935
0
0.144868
0.265684
0
0
0.609961
0.673348
0
0
0.412103
0
0
0
0.459675
0
1.52304
0
0
0
0
0
0
0
0
0
0
0
0
0
0
0.509034
0.314266
0.101311
0
0
0
0
1.84915
0.0239655
0.458657
0
0
0
0.666221
0.134
0
0
0.271522
0
0
0
0
0
0
0
0
0
0.0391357
0
0
0
0
0
0.503516
0
0
0
0
0
0
0.0890134
0
0.903258
0.405123
0
0
0
0
0.0923487
1.20826
0
0
1.20527
0
0
0.180075
0.101908
0
1.20272
0
0
0
0
0
1.75248
0
0
0
0.204857
0
0.135521
0.73972
0
0.267881
0.92552
0
0
0
0
0.0649039
0
0.0998009
0
0
0
0
1.11785
0
0.596515
0
0
0
0
0.670734
0
0
0
0
0
0
0
0
0.09472
0
0
0
0
0
0.83955
0
0
0
0
0.0782999
0
0
0
0
0
0
0
0
0.235867
0
0
0
0
0
0
0
0.464472
0
0
0.502983
0
0
0
1.57567
0
1.34183
0
0.104159
0
0
0.61194
0
0
0
0
0
0
0
0
0
0.237366
0
0
0.130396
0
0
0
0.0392157
0
1.55853
0
0
0
0.124688
0
0
0
0
0
0
0
0
0
0.305036
0
0
0.260866
0
0
0.29303
0
0
0
0
0
0
0
0
0
0
0.0336462
1.16877
0
0
0
0
0
0
0
0.242961
0
0
0
0
0
0.16183
0
0
0
0
0
0.152052
0
0
0.878654
0.152429
0.457122
0
0.416497
2.90457
0
0
0
0
0
0
0
0
0.123202
1.35324
1.87541
0
0
1.84134
0
2.64054
0.53834
1.30308
0.117272
0.213584
0.927875
0.342105
1.34624
0.43667
0.0778247
0
0.809774
0
0
0
0
1.41612
0
0
0
0.283582
0.522964
0
0.136773
0
0
0
0
0
0
0
0
0
0
0.227037
0
0
0
0
0
0
0
0
0
0
0
0
0.558464
0
0
0.0239732
0.0935051
0
0
0
1.18969
0.224381
0.0288932
0.371466
0.0395315
0
3.11811
1.08856
0
0
0
0
0.167938
0
0.969313
0
0
0
0
0
0
0.357516
0.302642
0
0
0
0
0
1.42735
0
0
0
0
1.56578
0.044477
0
0
0
0.870742
0
0.193924
0.202492
0
0.8518
0
0
1.06415
0.103717
0
0
0
0
0
0
0
0
0
0
0.0392794
0
0.0221798
0
0.0419336
0
0.188538
0.659249
0
0
0.16312
0
0
2.06477
0.0930404
0
0
0
0.909467
0
0.306476
0
0
0.3157
0
0
0.985835
0
0
0
0
0
0
0
0
0.112066
0.0920796
0
0.520702
0
0
0
0
0
2.21127
0
0
0
0
0.184595
0
0
0
0
0
0
0
0.0918583
0
0.104997
0.111735
0
0
0
0
0
0
0.904708
0
0
0.207865
0.100485
0
0.0831344
0
0
0.398424
0
0.296328
0
0
0
0
0
0
0.479134
0.0289132
0
0.0917142
0
0.0545396
0.137896
0
0.469965
0
0
0
0.894524
0
0.116717
0
0.18436
0
0
0
0
0
0
0
0
0.111104
0.495131
0
0.462644
0
0
0.286856
0
0
0
0
0
0.876192
0.501895
0.0763036
0
0
0
0
0.45157
0.0803152
0
0
0
0.445042
0
0
0
0
0
0
0
0
1.34486
0
0
0.0657074
0
0
0
0
0
0
0.522121
0
0
0
0
0
0.0169827
0
0
0
0
0.247479
0
0.231379
0.0660489
0
0.736181
0
0
0
0.0703594
1.30526
0.923606
1.82736
0
0.0992934
0.259016
0
0
0
0
0.617633
0
0
0
0.19016
0.50479
0.152798
0.177399
0
0
0
0
0
0.437436
0
0
0
0
0
0
0.947643
0.11458
0
0.0711613
0
0
0.917024
0.810479
0
0.223702
0
0.530179
0
0
0
0
0
0
0
0
0
0
0.456614
0
0
0.296884
0.427378
0
0
1.04689
0
0.0814461
0
0.463353
0
0.580726
0.161652
0
0
0
0.286973
0
0
0
0
0
2.01062
0.494333
1.23009
0.496922
0
0.440762
0
0
0
0
0
0.0168993
0
0.853697
0
0.0636287
0
0
0.229885
0.093087
1.28712
0
0.157735
0
0.687053
0
0
0
0
0
0
0
0
0.0361765
0
0.2503
0
0
0.55259
0
0
0.0905672
0
0.436506
0.226609
0
0
0
0
0
0
0.204257
0
0
0
0
0
0
0
0
1.42236
0
0
0.722885
0.0824248
0.0622914
0.112889
0.171251
0
0.174282
0
0
0.0415553
0
0
0
0
0
0
0.560933
0.481765
0
0
0
0
0
0
1.08591
0
0
0
0
0
0
0
1.18885
0.152212
0
0.422751
0
0.0670157
0
0
0
0
0
0
0.0540676
1.92432
0
0
0
0
0
0.201539
0
0.124318
0.281156
0
0.241565
0
0
0.31437
0
0.928409
0
1.4838
0
0.497761
2.12172
0
0.446231
0
0
0
0
0.853204
0.37299
0
0
0
0
0
0
0
0
0.27528
0.145338
0
0
0.0769171
0
0.0458891
0.330134
0
0
0
0
0
0
0
1.1888
0
0
0
0
0.0684345
0
0.410861
0
0
0
0.881215
0.174051
0
0
0
1.2514
0
0.168945
0
0
0.901729
0
0
0
0
0
0.0709255
0
0
0
0
0
0.14152
0
0
0
0
0
0
0
0
0
0.101824
0
0.245736
0
1.8781
0
0.288078
0
0
0
0
0
0.0801492
0
0
0
0
0.848707
0
2.07883
0
1.2369
0
0
0
0
0
0
0
0.0867887
0
0
0
0
0.0168165
0.156135
0
0
0.904689
0
0
0
0.316438
0.115931
0
0
0
0
0
0
0.0691575
0
0
0.126054
0
0.603781
0
0
0
0
0.0733861
0
0
0
0.153745
0.899089
0
0
0
0.837539
0
0.412903
0
0
2.26514
0
0
0
0
0
0.112735
0
0
0.094505
0.280417
0
0.258752
0
1.25711
0.365706
0
0.0808055
0.041661
0
0
0
0
0
0
0
0.0682441
0
0.0993732
0
0
0
0
0
0
0
0.230513
0.228049
0
0
0.418093
0.0429597
0
0
0.0364693
0
0
0
0
0
0.0632973
0.896156
0
0
0.0217102
0
0.555997
0
0
0
0.199303
0.0603827
0
0.329794
0
0
0
0.498726
0.0943619
0
0
0.427152
0
0
0
0
0.869633
0
0
0
0
0
0.314689
0.940233
0.721328
0
0.0656024
0
0
0
0.0422113
0.34909
0
0
0
0
0
0
0.144069
0.0906405
0
0
0
0.0617037
0.292644
0
0
0
0
0
0
0
0
0
0
0
0.207652
0
0.0780237
0
0
0
0
0.161982
0.489479
0
0
1.74061
0
0.351781
0
0
0.636558
0.451348
0
0
1.60205
0
0
0
0
0.346722
0
0
0
0
0.140177
0
0
0
1.6285
0
0
0
0
0
0
0
0
0
0
0
0
0
0.260637
1.11101
0
0
0
0
0
0
0
0
0
0
0
0
0
0
0
0
0
0
0.533629
0
0
0.143465
0
0
0
0
0
0
0
0
0
0
1.65947
0
0.0749811
0
0.526969
0
0
0
0.192797
0
0
0
0
0
0
0
2.15678
0
0
0.29873
0
0
0
0
0
0.121399
0.0978504
0
3.34602
0
0
1.77239
0.314486
0.401083
0
0
0
0
0.79563
0
2.27372
0.568244
0.0452651
0
0
0
0
0
0.45876
0
0
0
0
0
0
0.014166
0.162054
1.3678
0.320408
0
0
0
0
0
0
1.70874
0
0.385672
0.418879
0.193966
0
0
0
0
0.203665
0
0
0
0
0
0
0
0
0
0.221789
0
0
0.952458
0.00152388
0.505855
0
0
0
1.45161
0.186976
0
0
0
1.07873
0
0
0
0.0319712
0
0
0
0
0.0223884
0.823869
0.135379
0
0
0.1828
0
0.392198
0.131417
0.257499
0
0
1.19425
0
0
0.116717
3.00393
0
0
2.12367
0
0.288217
0.0626573
0.274039
0
0
0.4082
0.0429471
0.457329
0
0
0.699637
0.338674
0
0.138912
1.50768
1.35506
0.115363
0
0
0
0
1.81493
0
0.375666
0.314429
0.274618
0.345146
0.77584
0
0.263702
0
1.41683
0.391728
1.10385
0
0
0
0.186939
0
0
0.214814
0
0
0
0.668961
0
0
0
0.018804
0.400408
0
0.102306
0
0
0
0
0.988153
0
0.336613
0.786196
0
0
0
0
0
0.204107
0
0
0
1.78205
0
0.0426817
0
0
0.331281
0.211947
2.18757
0
0
0
0
0
0.352092
0
0
0.0824147
0.764096
0.130687
0
0
0.751457
0
0
0
0
0
1.60778
0
0.340132
0.0846369
0
0
0.721779
0.809647
0
0.112291
0
0
0.00804998
0.0744694
0
0
0
0
0.120753
0
0.0219628
0
0
0
0.220465
0.939033
0
0.297269
0
0.0216133
0
0.15627
1.65031
0.287268
0.10044
0.955398
0
0.762172
0
0
0
0
0
0
0.223003
0
0.164581
0.728194
0.137463
0
0
0
0
0
0
0
0.180353
0
0
0.263169
0
0.153597
0.702899
0
0.50029
0
0
0
0.0816856
0.477731
0
0
0
0.0767588
0
0
0
0.0733825
0
0.137748
0.113945
0.847764
0
0.805644
0.202258
0
0
0
0.570354
0
0
0.345633
0
0.827213
0
0
0
0.171744
0
0
0
0
0
0.16008
0
0.195658
0
0.528903
0
0.398426
0.614794
0
0
0.0358033
0
0.086943
0
0
0.464718
0
0.39027
0
0
0
0.0276252
0
0.669454
0
0
0
0
0
0.075196
0
0
0
0
0
0
0
0.0351259
0
0
0
0
0
0.150087
0
0.213178
0
0.0127764
0
3.88826
0
0
0
0.922104
0
0
0
0.117651
0
0
0
0
0
0
1.83693
0.556122
0
0.108381
0
0.166549
0
0
0.225758
0
0
0.1753
0
0.197586
0.987906
0
1.58952
0.540092
0
0
0
0
0
0
0
0
0
0.119526
0
0
0
1.04154
0.107984
0.232726
0
0.072738
0
0
0
0
0
0
0
0
0
0.213864
1.73218
0.0664173
0.217366
0
0.0144506
0
0
0
0.244852
0
0
0.911581
0.306685
0.0999934
0
0.0508153
0
0
0
0.556454
0
0
0.693354
0
0.496091
0.21503
0.57176
0
0
0.168523
0
0
0
0.161404
0.418088
0
0
1.15815
0
0.0895738
0.973219
0
0
0.419319
0
0
0
0
0
0.338464
0
0
0
0
0
0
0
0
0.189451
0
0
0
0.28011
0
0
0
0
0
0
0.0642979
0
0
0
0
0
0
0.203135
0
0.0142705
0
0
0.130623
0
0
0
0
0
0
0.291486
0
0
0.457251
0.347525
0
0
0
0.380534
0
0
0.0967122
0
0
0.0776121
0
0
0
0.232139
0
0
0
0.0905297
0
0.0895398
0.0387485
0
0
0
0
0
0
0
0
0
0
0
0
0.0572658
0
0
0
0
0
0.0961686
0.292744
0.582826
0.241849
0
0.709771
2.2303
0
0.181716
0.86674
0
0
0
0
0
0
0.0822374
0
0.625389
0.0599113
0
0
0
0
0
0.277371
0
0.857764
0
0
0
0
0.0621151
0.127008
0
0.388773
0
0
0.145803
1.15364
0
0
0
0.113657
0
0.856642
0
0
0
0.691822
0
0
0.262195
0
0
0
0
0
0
0
0
0
0
0.0761002
0.935677
0.0719336
0
1.62631
0
0
0
0
0
0
0
0
0
1.20269
0
0
0
0
0
0.232317
0.191647
0.373363
0
0
1.02203
0
0.0396151
0.092462
0
0
0
0
0.621157
0
0
0
0.320191
0
0.073992
0.350118
0
0.212972
0
0.0375972
0
1.66471
0
0.135298
0
1.30836
0
0
0
0
0.0899866
0.481092
0.226384
0.0551224
0.29676
0
0.180073
0
0
0
0.178965
0
0.395187
0.0871792
0
0
0
0.152369
0
0
0
0.0553592
0
0
0
0
0.221836
0.150859
0
0
0
0
0.168599
0.105152
0.076393
0
0.11406
0
0.330766
0
0
0.0842245
0
0
0
0.637139
0.0984098
0
0
0
0
0
0
0
0
0
0
0.0233971
0.0982712
0.0753199
0
0.596965
0.402265
0.118362
0.306342
0
0
0
0
0.11514
0.049175
0.195659
1.94554
0
0
0
0
0.137465
0
0.259159
0.187246
1.05164
1.39459
0
0
0
0.47072
0.552739
0.0173919
0.116032
0.215017
0
0.0720773
0.30435
0.144291
0
0
0
0
0
0
0
0
0.508673
0.114785
0
0.179418
1.21732
0
0
0
0
0
0
0
0
0
0
0
0
0
0.062068
0
0.480426
0
0
2.02514
0
0
0
0.356766
0
0.594072
1.0017
0
0
0
0
0
0
0.0443851
0
0
0
1.34804
0
0
0
0
0
0.0439688
0
0.0951379
0
0.0485602
0
0
1.22337
2.14963
0
0
0
0
0.186325
0
0
0
0
0
1.44893
0.0735796
0
0
0.69279
0
0.137145
0
0
0
0
0
0.848197
0
0
1.74741
0
0
0.248646
0
1.14824
0
0
0
0
0.409481
0
0
1.72342
0
0
0
0
0
0.173998
0.0654994
0
0
0
0
0
0.0126148
0
0
0.271224
0
0.112383
0
0
0
0
0
0
0
0.55752
0
0
0
1.3474
1.73282
0
0
0.555919
0
0
0
0.511544
0.277431
0
0
0.855756
2.18322
0.285661
0
0
0
0
0
0
0.0657679
0
0
0
0
0
0
0
0
0
0
1.29106
0.47653
0
0.669547
0
0.0912619
0
0
0
0
0
0.214631
0
0
0
0
0
0
0
0
0
0
0
0
0.368898
0
0.294315
0
0
0.157291
1.0118
0
0
0
0
0
0
0
0
0
0
0
0
0
0
0
0
0
0
0
0.1356
0
1.25626
0
0
0
0.209665
0
0
0
0.052027
0.0397891
0
0
1.65213
0.209894
0
0
0.352727
0.251259
0.217321
0.0900196
0
0
0
0
0
0
0
0
0
0.0154841
0.00295185
0
0
0
0
0
0
0
0
0.281512
0.115754
0
0.884697
0
0.198878
0
0
0
0
0
0.189919
0
0
0
0.174268
0
0
0
0
0
0
0
0
0
0
1.67753
0
0
0.113653
0
0.0850612
1.06613
0.0897229
0
0.0731425
0
0
0
0
1.28571
0
0.636834
0
0.0789286
0.180651
0
0.422226
0.633201
0
1.66742
0
0
0
0
0
0
0
0.018322
0
0
0
0.933556
1.5466
0
0.141147
0.325421
0
0
0
0
0
0
0
0
0
0.0367558
0
0
0
0
0.882937
0
0.381405
0
0.815322
0
0
0
0
0.76924
0.0523023
0
0
0
0
0
0
0
1.65033
0
0
0
0
0
0
0
0.785622
0
0
0
0
0
0
0
1.96501
0
0
0
0
0
0
0
0
0
2.20871
0.145921
1.83062
0
0
0
0
0.219408
0.0560821
0
0
0
0
0.377094
0.217245
0
0
1.19294
0
0
0.364759
0
0
0
0
0.666963
0.35998
0
0
0.259087
0
0
0
0.10001
1.39124
0
0
0.129353
0.276272
0
0
0
0
0.201978
0
0
1.48949
0
0
0
0
0
1.44249
0
0.693695
0
0
0
0
0
0
0
0
0.387854
0
0
0.342351
0.434767
0
0.0177066
0
0
0
0
0
0
0.0592015
0
0
0
0
0
0.192481
0
0
0
0
0.0424619
0.0412805
0
0
0.0968387
0.212878
0.507007
0
1.02854
0
0
0.715737
0.124996
0
0.0634621
0
0.13348
1.95825
0
2.28681
0
0
0
0
0
0.0645656
0
0
0
0.056495
1.77562
0.0966438
0.0311736
0
0.0648762
0
0
0
0.782757
0.108845
1.3445
0
0.0154031
0
1.32533
0
0.563482
0
0
0
0.988509
0
0.0293402
0.428645
0
0
0.141026
0
0.855059
0
0
0
1.47596
0
0
0.0678057
0
0
0.0827186
0
0
0
0.0508285
0
0
0
0
0
0.434178
0.349224
0
0
0
0
0
0
0
1.06963
0
0.130105
0
0.329407
0
0
0
0
0.144499
1.48121
0.386864
0
0
1.12113
1.16355
0.769023
0.0374666
0.0266956
0
0
0
0
0.0228015
0.682298
0
0
0.393039
0
0
0
0.126741
0.105994
0
0
1.26486
0
0
0.678318
0
0
0.0233759
1.5567
0
0.23369
0
0
0
0
0
1.57516
0
0
0.483517
0
0
0
0
0
0.146938
0
0.1491
0
0
0
0
0.787945
0
0.153272
0
0
0.381206
1.21064
0.074334
0.0814249
0.0708728
0
0
0
0
1.66971
0.490072
0
0
0
0.863161
0
0
0.468639
1.09799
0
0.455421
0.24076
0
0
0
0
0.0714416
0
0
0
0.329433
1.65087
0
0
0
0.229357
0.13348
0
1.40129
0
0
0
0
0
0
0
0
0
0
0
0.0114978
0.250682
0
1.50044
0.098928
0
0.332714
0
0
0
0
0
0
0.210635
0
0.0709178
0.0505177
0
0.0674007
0.575924
0
0
0
0
0
0
0
0
0
0
0
0.949873
0
0
0
0
0
0
0.31404
0
0
0
0
0
0
0
0
0
0
0.233958
0.207414
0
0
0
2.2937
1.61134
0
0
0
0.129307
0
0
0
0
0
0
0.707897
0
0
0
0.568306
1.67471
0
0
0
0
0
0.133727
1.02173
0.208787
0.166286
0
0
0
0
0
0.861517
0
0.195254
0
0
0
0.0635084
0
0
0.409384
0
0
0
0
0
0.133728
0
0
0
0
0
0
0.228594
0
0
0
0
0
0
0.463258
0
0.134017
0
0
0
0.218183
0
0.0757882
0
0
0
0
0
0
0
0
0.275258
0.984675
0
0
0
0
0.468303
0
0
0
0.287714
0
0
0
0
0
0
0
0
0.0760137
0
0.291939
0
0
0
0
0
0
0.254857
0
0.14505
0
0
0
0
0.568848
0.124167
0
1.05709
0.156776
0.37387
0
0
0.12488
0.0957533
1.31698
1.92436
0
0
0
1.33451
0
0
0
0
0
0
0.0163833
0
0.129349
0
0
0
0.530977
0
0
0
0.468482
0
0
0.0754319
0
0.227595
0.814786
0
0.345182
0.210178
0
0
0
0.942308
0
0
0
0
1.35432
0
0
0
0
0
0.0156022
0
0
0
0
0
0
0
0
0
0
1.30998
0
0
0
0
0
0
0
0.847595
0
0
0
0
0
0
0.486092
0
1.29316
0
0.000634835
0
0
0
0
0.371147
0
0
0
0
0
0.10532
1.16034
0
0
0
0
0
0
0
0
0
0
0
0
0
0
0
0
0.0416078
0.528119
0
1.01658
0
0
0
0
0
0
0
0.189591
0
0.346384
0.195319
0.237449
0
0
0.0739819
0.0448477
0.644925
0.260646
0
0
0
0
0.154214
0
0
0.10701
0.524507
0.238111
0
0
0
0
0
0
0
0.328823
0
0
0.343038
0
0
0
0.339517
0
0
0
0
0
0
0
0
0
1.41494
0
0
0
0
0
0
0
0
0
0
1.11827
0
0
0
0
0
0.961317
0.473056
0.421648
0.908633
0.237401
0.159948
0.142463
0
0
0.572044
0.21783
0
0.413585
0
0
0.347993
1.29735
0
0
0.75414
0
0
0
0
0
0
0
0
0
0
0
0
0.0218794
0
0.348728
0
0
0
1.93356
0.486947
0
0
1.42995
0
0
0
0
0
0.876178
0
0
0
0
0
0.215209
0
0
0.197709
0
0
0
0
0.909449
0
3.19815
0
0
0.347312
0
0
0
0
0.0750496
0
0.353259
0
0
0.607505
0
0
0
0.402345
0.225948
0
0
0
0.120129
0
0.252094
0
0
0
0
0
0.20443
0.28183
0
0
0.140736
0
0
0
0
0
0
0
0
0
0
0
0
0.0938778
0.0660356
1.17978
0.0481919
0
0
0
0.225881
0
0
0
0
0
0
0
0
0.486998
0.0523539
0
0
0
1.20533
0.0694164
1.50662
1.40394
0.0319615
0
0.108651
0
0.279412
0
0
0
0
0
0
0.138492
0.128385
0
0
0
0
0.021212
0.0644349
0
0
0.251207
0
0.182133
0.577537
0.0309749
0
0
0
0.194656
0
0.59807
0
0.475062
0
0
0
0
0.467025
0
0
0
1.30894
0
0
0
0
0
0
0.932328
0.152462
0.836652
0.180027
0
0
0
0
0.262206
0.0244838
0
1.74075
0.804436
0
0
0
0
0
0
0.111352
0
0.661532
0
0
0
0
0
0
0
0
1.07215
2.24225
0
0
0.0594207
0
0
0
0
0
0
0
0.107674
0
0.304738
0
0
0
0
0
0
0.53579
0
0
0
0
0
0
0
0
0
0
0
0
0.445581
0
0
0.110992
0.137387
0.406945
0.0518611
0
0
0
1.03999
0.0826918
0.0802198
0
0
1.23441
0.0967541
0
0
0
0.301837
0
0
0
0
0
0.039519
1.97685
1.24751
0
0
0
0.393956
0
0.111675
0.203245
0
0.51248
0
0
0.0940948
0
1.19674
0
0.0356599
2.2689
0
0.977937
0.361129
0
0
0
0
0.201569
0
0.118846
0
1.09687
0
0
0
0
0
0
0
0
0.425987
0.834854
0.54442
0
0
0
0.154862
0
0
0
0.490609
0
0
0.0371382
0
0.74593
0.0830457
0.256463
0
0
0
0
0
0
0.732649
0
0
0
0
0
0
0
0
0
0
0
0.389457
0
0.16956
0
0
0
0
0
0
0.50427
0.0157696
0
1.12323
0.859964
0
0
0.0572503
0.621652
0.339362
0
0
0
0
1.48491
0
0
0.11945
1.14953
0
0
0
0
0
0
0
0
0
0.657463
0
0
0
0
0.0682673
0
0
0.640307
0
0
0.010778
0
0
0.540132
0.0684424
0
1.75631
0
0
0.405696
0.459309
0
0.075291
0.0737652
0
0
0
0.0197048
1.60079
0
0
0
0
1.87168
0
1.07021
0.0761812
0
0.284862
0
0
0.26022
0
0
0.0691238
0.120925
0
0.0859871
0.099718
0
0.568469
0
0.185478
0.0969796
0
0
0
1.61599
0
1.94684
0
0.0469918
0.0851511
0
0
0.127598
0
0.169903
0.0130057
0
0
0
0.0610608
0
0
0
0
0
0
0
0.0868096
0
0.170018
0
0
0.221593
1.11073
0
0.0144224
0
1.89587
0
0
0
0
0.0343797
1.37438
0
0
0
0
0
1.58806
0
0
0.0767879
0
0
0.311814
0.125933
1.51209
0.0218009
0
0
0
0.165502
0
0
0.739073
0.182208
0.327976
0
0
0.907501
0
0
0.0835773
0
2.28907
0.0683989
0.10139
0.451423
0
0.479351
0
0.618231
0
0
0
0
0
0
0
0
0
0
0.13518
0
0
0
0
0
0.329325
1.60148
0
0
0
0
1.37822
0
0
0.0512819
0
0
0.154332
0
0
0
0
0
0
0
0
0
0
2.04277
0
0
0.0677175
0.0877663
0.0819829
0
0
0
0
1.85721
1.79032
0.089311
0
0
0
0
0.263897
0
0
0.292126
0.0796603
0.108966
0
0
0
0
0
0
0.0875586
0.252039
0.0612476
0
0
0
0
0
0
0
0.104779
0
0.283193
0
0
0
0
0.514689
0
0
0
0
0
0
0.365602
0
0
0
0
0.528297
0
0
0
0
0.113067
0
0
0
0
0.13506
0
0.712315
0.323833
0
0.600353
0
0.326831
0
0
0
0
0
0
0
0
0
0
0
0
0.151708
1.03042
0
0
0
0
0.829898
0.180506
0
0
0
0
0
0
0
0.0130614
0
0
0
0
0
0.054709
0
0.265709
0
0
0
0
1.28392
0
0.818594
0
0.173517
0.339782
0
0.0929852
0
0
0
0
0.0902796
0.181749
0
0.0689192
1.02112
0.524791
0
0
0
0
0
0
0.16416
4.62839
0
0
0
0.140088
0
0
0
0
1.07583
0.728981
0.0113652
0
0
0
0
0
0
0
0
0
0
0.031815
0
0
0
0
0
1.00708
0
2.46996
0
0
0
0
0.196453
0
1.29806
0.51802
0
0
0
0
0
0.163339
0
0
0
0
0.76155
0
0.519931
0.434506
1.19399
0.0689088
0
0.510004
0
0
0.258843
0
0
0.784275
0.202234
0.294278
0
0
0.14813
0.225701
0
0
0
0.248892
0.340796
0.141717
0
0
0
0
0
0
0
0
0
0
0.148685
0.391691
0.305255
0.165754
0
0
0
0.907818
0
1.13557
0
0
0.024225
0
0
0.417138
0
0
0
0.275952
0
0
0
0
0
0
0
0
0.104403
0
0
0
0
0
0.869792
0
0
0.0312282
0
0
0
0.157666
0
0.0733234
0
0
0
0
0
0
0
0
0
0.766973
0
0
0
0
0
0
0
1.42507
0.0970835
0.6252
0.206922
0
0
0
0
0.105423
0
0
0
0
0
0
0.223851
1.1408
0
0.189203
0
0
0
0
0
0.0830749
0
0
0
0
0.324211
0.0828082
0
0
0
0.0919716
0.169757
0
0.220747
0
0.0718031
0
0
0
0.640324
0
0.495985
0
0
0
0.107779
0
0
0
0.255564
0
0
0
0
0
0.672012
0
0
0
0
1.33943
0.145109
0
0
0.0172561
0.562793
0
0
0.16499
0
0.217493
0.0877264
0
0.00997467
0.0276226
0
0
0
0
0
0
0.467889
0.0796473
0
0.07857
0
0.0858165
0.172791
0
0
0
0
0
0
0.236494
0.616673
0
0
0
0
1.41058
0.732179
0
0
0
1.29815
0
0
0
0
0
0.12117
0
0
0.0631419
1.0153
0
0
0.857917
0
0.0495968
0.919434
0.127282
0.298631
0.0897523
0
0.238927
0
0.86429
0
0
0
0
0
0
0.134274
0
0.118319
0
0
0
0
0
0
0
0
0
0.0448717
0
0
0
0.025308
0.0682932
0
0.348512
0.74703
0
4.25651
0
0
0.0486031
0
0
0
0
0
0.857051
0
0
0.219624
0
0
0.848776
0.0431332
0
0
0
0
0.0934617
0.935854
0
0.0405953
0
0
0.190773
0.524752
0
0.343762
0
0.412889
0
0
0.0729226
0.344421
0.460174
0
0.779737
0.457655
0
0
0
0
1.32945
0
0
0
0
1.74744
0.594673
0
0
0
0
0
0
0
0
0
0
0
0
0
0
0
0.434217
0.217479
0
0
0.0487471
0
0
0
0
0
0
0
0
0
0.130669
0.438691
0
0
0
0
0
0
1.01927
0
0.350803
0.320625
0
0
0
0
0.175675
2.11749
0.192024
0.197555
0
0
0
0
0
0
0
0
0
1.57116
0
0
0
0.0567156
0
0
0
0.459437
0
0
0
0
0
0
0
0
0
0
0
0.740186
0
0.377927
0
0
0
0.0320176
0
0.0847701
0.302831
0
1.27821
0
0
0
0
0
0
0.895
0
0.365163
0
0
0
0
0
0
0
0
0
0
0
0.372552
0
0
0
0
0.726192
0.315533
0
0
1.52139
0
0
0
0
1.45664
0.164599
0.448503
0.1005
0.717128
0
0
0
0
0
0
0
0
0.90225
0
0
0.0396153
0
0.438977
0.47994
0
0
0
0
0
0
0
0.164803
0
0
0
0
0
0
0
0
0.418752
1.99576
0.493403
0
0.614538
0
0.142554
0
0
0
0
0
0
0
0
0
0
0
0
0.0857859
0
0
0
0.134641
0.0492254
0
0
0
0
0
0.185811
0
0
0.127104
0
0
0
0
0
0
0.765828
0
0.0842765
0.570385
0
0
0
0
0
0
0
0
0
0.0835015
0
0
0
0.322931
0
0
0
0.955739
0
0.227485
0
0
0
0
0
0
0
0
0
0
0.087086
0.578138
0
1.13382
0
0.0714273
0.0222822
0
0.0729587
0.0640663
0
0
0.0910393
0
0
0
0
0
0
0.0315459
0.0709332
0
0
0.290541
0
0
0
0
0
0.490463
0.374514
0.196159
0
0.501853
0
0
0
0.224779
0
0.1401
0
0
0
0.154126
0
0
0
0
0
0.848434
0
0
0
0
0.0764224
0.105145
0
0.13599
0
0
0
0
0
0.203542
0
0
1.26785
0
0.725468
0
0
1.29629
0.281004
0.406741
0
0
0.0302036
0.0360642
0.865406
0
0.139417
0.623895
0
0
0
2.04792
0.303236
0.268851
0
0
0.152351
0
0.0409458
0.73614
0
0
0.70331
0
0
0
0.527343
0
0.10569
2.85861
0
0.0183078
0
0
0
0.085266
0
0
0
0.116457
0
0
1.41849
0
0.586595
0
0
0
0.310779
0
0
0.135615
0
0
0
1.7356
0.0254042
0
0.136942
0
0
0
0
0
0
0.203897
0
0
0
0
0.0153351
0
0
0
0.232364
0
0
0.023507
0
0
0
0.0918096
0
0
0
0
0
0
0
0
0
0.0790423
0.161735
0
0.10477
0.0385122
0
0
0.822276
0
0.0919839
0
0.432471
0
0
0.552919
0
0
0.785308
0
0
0.992406
0
0.0830017
0.457523
0.348877
0
0.204889
0
0
0
1.68018
0
0.0612196
1.23519
0
0
0
0
0
0
0
0
1.16174
0.280435
0
0
0
0
0.0827848
0
0
0
0
0
0.280266
0
0
0
0
0
0
0
0
0
0
0.17749
0.350679
0.947442
0
0.354498
0.00354485
0
0
0.585842
0.0253671
0
0
0
0
0
0
2.19059
0.0233867
0.577797
0
0.0959654
0
0
0
0.209559
0.303693
0
0.0283381
0
0
0
0.0757786
0.0631578
0.446846
0
0.884061
0
0
0
0
0.480035
0.337854
0.0906989
0.0733661
0
0
0
0
0.681781
0
0
0
0
0.238177
0
0
0
0
0
0.220682
2.86677
0
0
0.664614
0.44701
0
0.820083
0.351983
0
0
0
0
0
0.333798
0
0
0
0.0620681
0
0
0.288663
0
0.103458
0.173297
0
0
0
0
0.42622
0
0
0
0
0.0379044
0
0.172164
0.239326
0
0.600355
0
0
0.707583
0
0
0
0
0
0
0.517829
0
0.0986129
0.0704667
0
0.291675
0
0
0.495011
0
0
0.375656
0
0
0
0
0.0312246
0
0
0.0243709
0
0
0
0
0
0.935304
0
0
0
0
0
0.155685
0
0.49746
0.0468889
0
0
0
0.52537
0
0
0
2.59463
0
0
0
0.263465
0
0.798087
0
0
0
0
0.580513
0.151633
0
0
0
0
0
0
1.08493
0.611066
0
0.301676
0
0
0
0.117982
0
1.90152
0.261549
0
0
0
0
0.118242
0.230162
3.02875
0
0.0951531
0
0
0.160366
0
0
0.0635616
0
1.1928
0.125287
0
0
0
0
1.0969
0
0
0
0.207416
0
0
1.20302
0
0
0
0.333709
0.376357
0
0.081083
0.177631
0
0
0.392185
0
0.0967498
0
0
0.413116
0
0
0.0810202
0
0
0
0.155419
0
0
1.37686
0
0.410165
0
0.422058
0
0
0.457206
0
0
0
0
0.384286
0
0.0401914
0
0
0
0
1.70553
0
0
0
0.112438
0
0
0.235092
0
0
0
0
0
0.706739
0
0
0
0
0.152788
0
0
0
0
0
0.414104
0
1.15347
0.794543
0
0
0.724517
0
0
1.08717
0
0.354675
0
1.09318
0
0.145537
0
0
0.0792538
0
0.327391
0.137984
0.109726
0.0064126
0.0940791
0
0
0.153031
0
0.128055
1.06126
0
0
0
0
0
0.203243
5.46113
0
0.0384197
0
1.04743
0
0.715763
0
0
0.058262
0.0708941
0
0
0
0
0
0
0
0
0
0.95581
0
0
0
0
0
0
0
0.675862
0
0
0.341059
0.62693
0
0
0.294327
0.0543149
0.224764
0
0
0
0
0
0
0.21233
0
0.0438842
0
0.0216418
0
0.171232
0.0328107
0
0
0
1.02484
0
0
0
0.129958
0
0.652986
0.240413
0.181663
0.154749
0
0.387041
1.02809
0
0
0
0
0.296954
0.268403
0.347085
0
0
0
0
0
0
1.21039
0.187319
0
0
0
0
0
0
0
0
0
0
0.080757
0.0685907
0.284549
0.286042
0
0
0
0
0.353281
0
0
0
0
0
0.0634919
0
0.0710176
0
0
0.0753759
0
0
0.910746
0
0.648824
0
2.08077
0
0
0
0
0
0
0
1.2498
0.228781
0.252114
0.509685
0.0849528
0
0.0530575
0
0
0.253797
0
0
0
0
0
0
0
0.338182
0.208028
0
0
0
0.893252
0
0
0
0
0.0155714
2.10849
0.12535
0
0
0
0
0
0.474069
0
0
0
0
0.373381
0.426412
0
0
0
0.154707
0
0
0
0.10348
0
0.200587
0
0.0749924
0.389058
0
0
0.649118
0.968704
0
0.0100299
0
0
0
0
0.181587
0
0.128674
0
0
0
0.171314
0.284601
0.192742
0.236872
0.432344
0
0.0478162
0
0
0
0.524144
0
1.59864
0.0629601
0
0
0.035707
0.245692
0
0
0.302975
0.0996387
1.92513
1.22007
0.899746
0.089999
0.172227
0.0531149
0
0
0.0733895
0.787564
0
0
0
0
0
0.859648
0
0.224785
0.176262
0
0
2.02738
0
0.0394374
0
0.0580212
0.082929
0
0.275025
0
0.0618145
0
0
0
0.320537
0.107314
0.646133
0
0
0.698681
0
0
0
0
0
1.19494
0
0.495716
0
0
0.0195847
0.00982349
0
0
0.594094
0
0
0
0
0
0
0.503049
0
0
0
0.145906
0
0
0.987707
0
0
0.347529
1.31592
0
2.21432
0.602786
0
0
0
0
0
0
0
0
0.146274
0.433952
0
0
0
0
0.176357
0
0
0.556617
0.092444
0.464433
0
0.250172
0
0.26164
0
0.143123
0
0
0.781822
1.26042
0.24288
0
0
1.03333
0
0
0
0
0
0
0
0
0.56594
0
0.0494736
0.0628843
0
0
0
0
0
0
0.556345
0
1.34251
0.447353
0
0
0.254878
0
0.357576
0.358838
0
0
0
0.0301706
0
0
0
0
0.182542
0
0
0.498581
0
0
0
0.326085
0
0
0
0.866844
0
0
0
0
0
0
0
0
0
0
0.129506
0
1.56407
0.0401914
0
1.17982
0
0
0.696336
0
0
0
0
1.64617
1.595
0
0
0
0
0
0.0349271
0
0
0
0
0.0625644
0.676928
0.0841258
0
0
0
1.5088
0
0
0.400387
0
0
0
0
0.0706277
0.28661
0.000235305
0
0.178256
0
0
0
0
0.366719
0.0592973
0
0
0
0.107822
0
0
0
0
0
0
2.17168
0.908168
0
0
0
0.061303
0
0
0
0
0
0.585921
1.54636
0
0
0.163376
0
0
0
0
0.0714612
0
0
0
0
0
0
0
0
0
0
0
0
0
0
0
0
0
0
0.0438459
0
0
0
0
0
0
0
0
0
0.285093
0
0
1.34361
0.61341
0
0.4507
0
0.102572
0.0746081
0
0
0
1.61542
0
0
0.747285
0.98944
0
0
0
0.383362
0
0
0
0
0
0.505787
0
0
0
0.626431
0
0
0
0.17739
0
0
0
0
0
0.402758
0
0
0.0678773
0
0
0
0
0.0044752
0
0
0
0.113665
0
0
0
0.124849
0
0
0
0
0
1.72447
0
0
0
0.84882
0
0
0.195261
0
0
0
0
0
0
0
0
0
0
0.897179
0
0
2.49144
0
0
0
0.615824
0
0
0
0.0499184
0
0
0
0
0
0
0
0
0
0
0
0
0
0
0.233746
0
0.450057
0
0
0
0.0740607
0
0
0
0
0
0
0
0
0
0
0
0
0.0425394
0.045662
0
0
0.218095
2.32352
0.067116
0
0
0
0.148485
0
0
0
0
0
0
0
0
0
0
0
0.0473627
0.145728
0
0
0.43489
0
0
0
0
1.82267
0.289146
0.0586102
0
0
0
0
0
0
0.201425
0
0.0845144
0.416901
0
0
0.212224
1.05634
0.0822288
0
0
0
0
0
0
0.0571497
8.10302
0
0.925937
0
0
0
0
0
0.0639698
0.0736994
0
0
0.235819
0
0
0.142955
0.0140449
0
0
0
0
0
0
1.65694
0
0
0
0.128821
0
0.391693
0
0
0.630361
0.0278031
0.382464
0.152605
0.291552
0
0.993945
0
0
0
0
0
1.12585
0.217872
0
0.399244
0.37883
0.807353
0.851718
0
0
0
0
0
0.564067
0
0.0969579
0
0
0
0
1.34592
0
0.150564
1.80868
0.854778
0.135746
0
0
0
0.0995709
0
0
0
0
0
0
0.47453
0
0.087318
0
0
0.971125
0
0.649425
0
0
0
0.430414
0
0
0.917591
0
0.43044
0
0.0557355
0
0
0
0.580986
0.21488
0
0.652297
0
1.00034
0
0
0
0
0
0
0
0
0
0
0
0
0
0
0.0353432
0
0
0.258723
1.75225
0.0300978
0
0.447632
0.0491594
0
0.669054
0
0.0719021
0
0
0
0
0.891499
0
0.074472
0.679312
0
0.0176837
0
0
0
0
0.25665
0.145048
0
0
0.0582649
0
0
0.404929
0
0
0
0
0
0.160732
0
0
0
0
0.0860847
0
0
0
0
0
0
0
0
0
0.487653
0
0
0.128797
0.0319522
0
0
0
0
0.0847199
0.332836
0.333036
0
0
0
0
0
0
1.90433
0.189786
0
0
0.189024
0
1.17466
0
0
0
0
0
0
0
0.606678
0
0
0
0
0
0.0824087
0
0
0
0
0
0
0
0
0
0
1.73768
0.349883
0
0
0
0.305758
0
0
0
0
0
0
0
0
0
0
1.52155
0
0
0
1.25771
0
0.789548
0
1.50763
0
0
0
0
0
0
0
0
0
0.26323
0
0
0.226173
0.0702088
0
0
0
1.4967
0
0.430988
1.57358
0
0
0
0.0617198
0
0
0
0
0
0.0770975
0
0
0
0
0
0.827244
0.454245
0
0.0773442
0.590568
0
0.128328
0
0.253769
0
0.230399
0
0
0
0
0.168781
0
0
0
0
0
0
0.199023
0
0.205854
1.6058
0
0
0
0
0
0.387091
0
0
0
0
0.42572
0.252254
0
0
0.104149
0
0
1.04169
0.184781
0
0.699901
0.251982
0
0
0
0.624036
0
0
0
0
0.264307
0.319605
0
1.47422
0
0.0589641
0
0.0128937
0
0
0.874896
0.338651
0
0
0
0
0
0
0
0.0200062
0
0.272764
0
0.288854
0
0.433278
0
0
0
0.0592974
0
0
0
0
0
0
0
0.364972
0.191894
0
0
0
0
0.0593971
0
0
1.0643
0
0.313988
0.89458
0.196715
0
0.079609
0
0
0
0
0
0
0
0
0
0.0755429
0
1.20843
0.352181
0
0
0
0
0
0
0
0
0
0
0
0
0
1.85954
0.580797
0.509317
0.591173
0.130158
0.278396
0
0
0
0
0
0
0
0
0
1.17758
0
0
0
0.150525
0.62836
0
0
0.351058
0
0
0
0.0793706
0
0.0819154
1.6987
0
0
0.670852
0
0.249049
0
0.0415815
0
1.33189
0
0.864077
0
0
0
0
0
0
0
0.0396535
0
0
0
0.156351
0
0
0
0
0
0.066511
0
1.6985
0.0931142
0
0
0
0
0
0.782336
0
0.200707
0
0.403916
0
0
1.57475
0
0
0.471818
0
0.789602
0
0
0.0436124
0
0
0
0
0
0.138994
0
0.0530011
0
0
0
0.00428918
0.0783971
0
0
0
0
1.34117
0
0.282483
0
0
0
2.43297
0
0.0592007
0.931127
0
0
0.186922
0.427762
0
0
0.131783
0
0
2.027
0.0451883
0
0.0856759
0.423778
0
0
0
0
0
0.541709
0
0
0
0
0
0
0
0
0.908931
0
0
0
0
0
0
0
0.200497
0.224507
0
0
0
0
0
0.801158
1.33377
0
0
0.0190162
0
1.32092
0
0.333891
0
0
0
0
0
0
0
0
0
0
0
0
0.0586203
0
0.404353
0
0
0
0
0.213958
0
0
0
0
0
0.12022
0
0.0982718
0.40311
0
0.237317
0
0.151917
0
0.0402107
0.184519
0
0
0.873991
0.314413
0
0
0
0
0
0
0
0
0.0331964
0.279152
0
1.89469
0
0
0
0
0
0.762289
0
0
0.992821
0.940176
0
0
0
0
0
0
0
0
0.496083
0
0.229229
0
0.467859
0
0
0
0
0
0.389417
0
0.776881
0
0.290521
0
0
0
0
0
0.0654243
0
0
0.497932
0.199831
0
0.375186
0
0.305524
0
0.014525
0
0
0
0
0
0.717828
0
0.410756
0
0
0
0.367802
0.682378
0
0
0
0.103418
0
0
0
1.15814
0
0
0.108825
0
0
0
0
0
0
0
0
0
0.148081
1.17993
0
0
0
0.0582002
0.0974056
0
0
1.25524
0
0
0
0
0
1.1979
0.011858
0.323146
0
0.327418
0
0
0
0
0.432859
0
0
0
0
0.0980707
0
0
0
0.029359
0.0388538
0
0
0
0
0.12672
0.201428
0
0
0
0
0
0.195142
0
0
0.619817
0
0
0.16431
0
0
0
0
0.200809
0
0.848201
0
0
0.0234563
0
0.579046
0.270504
0
0
0.76386
0.017444
0.0934764
0
0.364543
0
0
0
0
0
0
0.176026
2.06804
0
0
0
0
0.0679198
0.469618
0
0.337277
0
1.62556
0
0
0
0
0
0.144728
0
0
0
0
0
0
0.135157
0
0
0
0
0
0.0408788
0
0.665865
0.155057
1.91767
0
0
0
0
0.0164208
0
0.0589858
0
0
0
0
0.022233
0.171644
0
0.120571
0
1.3001
0
0
0
0
0.529645
0.0674964
0
0
0
0.083523
0.0356959
0
0.20641
0
0
0.054528
0
2.45369
0
0
0
0.170948
0
0.12606
0.0355341
0
0
0
0
0.890601
0
0
0
0
0
0
0.838256
0
0
0
1.60751
0
0
0.130538
0
0
0
0
0
0
0
0
0
0
0
0
0
0
0
0
0
0
0
0.0248325
0
0
0
0
0
0
0
0.639989
0
0
0
0
0
0.360756
0.0417725
0
0
0.0606217
0.716629
0
0
0
0
0
0
0.134219
2.1044
0
0
0
0
0.0753759
0
0
0
0.472556
0
0.824209
0.577761
0.351932
0
0.0641407
0
0
0
0.64107
0
1.29296
0.452013
0
0
0
0.830472
0
0
0
0
0
0.826184
0
0
0
0
1.67162
0
0
0.0905307
0
1.39227
0.581414
0
0
0.195812
0
0
0.186719
0.324805
1.31931
0
0
0
0
0.164286
0
0
0
1.35223
0
0
0
0.0711314
0.11332
0
0.0682278
0
0
0
0.889318
0
0
0
0
0
0
0
0
0
0
0
0
0.444876
0.149233
0.805495
0
0
0
0
0
0.152414
0
0.66556
0.184475
0
0
0
0
0
1.3207
0.112804
2.4383
0
0
0
0
0
1.52997
0
0
0
0
0.59548
0
0
0.0634861
0
0
0
0
1.0819
0
0
0
0
0
0
0
0
0.294179
0
0.364024
0
0
0
0
0
0
0.427454
0.115656
0
0.628835
0.184667
0
0
0.704804
0
0
0
0.842961
0
0
0
0
0.248944
0.140496
0.139196
0.0371964
1.56411
0
0.551458
0.854893
0
0.180192
0
0
0.274828
0
0
0.246441
0.834456
0
0
0
0
0
0.0846694
0
0
0
0
0
0
0
0
0.140305
0
0
1.26813
0.121981
0.721658
0
2.72645
0.783115
0.242658
0
0
0
0
0
0.295712
0
0
0
0.135896
0.39548
0.0672685
0
0.417018
0
0
0
0
0.0679386
0.11599
0.991251
0
0
0
0.238654
0.115704
0
2.0103
0
0.0783144
0.44536
0
0
0
0
0
0
0.215065
0
0
0.152863
0
0.128446
0.0723213
0.213639
0.004818
0
0
0
0.126224
0
0
0
0.408991
0
0
1.64835
0
0
0.0418207
0
0.0121121
0
0
0.945774
0
0
0.191027
0
0
0.59165
0.0985542
0
0
0
0
0.330412
0
0
0
0
0.185837
0
0
0
0.18295
0
0
0.0175476
0.0168338
0
0.150623
0
0
0
0.264405
0
0
0.373556
0.480775
1.42971
0
0.159982
0.192611
0
0.555773
0
0.421107
0.575281
0
0
0
0
0
0
0
0
0
0
0
0
0
0
0.158204
0.085371
0.176538
0
0
0
0.0857198
0
0
0
0.407105
0.0364552
0.0865518
0
0.1593
0
0
0
0.458578
0.487313
0
0
0.150456
0
0
0
0
0.0729611
0
2.06979
0.0233877
0
0
0.302842
0.0309404
0
0.0576224
0.515869
0
0
0.119468
0
0
0.873383
0.246537
0
0
0
2.16616
0
0
0
0
2.16037
0.17401
0
0
0
0
0.247583
0
2.28274
0
1.2988
0
0
0
0.130929
0
0.436281
0
0
0
0
0
0
0
0
0.106996
0
0
0
0
0
0.072624
0
0
1.07137
0
0
0
0.404533
0
0.0135403
0.374174
0
0
0.0786016
0
0
1.08537
0.129439
0
0
0.312535
0
0
0
0
0
0.242685
1.84528
0.0804484
0
0
1.36414
0
0
0
0
0
2.17865
0
0
0
0
0
0
0
0
0
0
0
0
0
0
0.366203
0
0
0
0
0
0
0
0
0.115821
0
0.148877
0
0
0
0
0
0
0.05931
0.724813
0.160416
0.348552
0
0
0
0
0
0.627068
0
0
0
0
0
0.646333
0
0
0.123177
0
0
0
0.209698
0
0.0852232
0.663736
0
0
0.261092
0
0
0
0
0
0
0
0.0912134
0.64837
0.0362914
0.150975
0
0
1.54076
0
0
0.174381
0.0578805
0
0
0
0
0
0
0
0
0
0.105172
0.00834792
0.78097
0
1.15859
0
0
0
0
0
0
0.0721061
0
0
0.222093
0
0
0.549762
0
0
0.134469
0
0
0
0.449354
0
0
0
0
0
0
0
0.659148
0
0
0
0
0
1.24486
0
0.0468875
0
0.606028
0.0536024
0.33595
0.178088
0
0
0
0
0
0
0
0
0
0
0
0
0
0
0.397605
0
0
0
0
0
0
0
0
0
0
0
0.433855
0.0891207
0
0
1.4766
0
0
0
0
0
0
0
0
0.568918
0
0
0
0.163385
0
0
0
0.864497
0.0476107
0
0
0.237625
0
0
0
0
0.957555
0.22497
0
0
0
0
0
0
0
0
0
0.21584
1.60837
0
0.824436
0
0.164063
0
0.452213
0
0
0
0
0
0
0.0917708
0.130235
0
0
0
0.317767
0.0320961
0
0.451643
0
5.05634
1.24185
0
0.0416709
0.0768759
0
0.061755
0
0.1769
0.247118
0
0
0
0.347534
0.491304
0
1.06837
0
0
0
0
0
0.923908
0
0
0.140223
0
0
0.237704
2.88097
0
0
0
0
0
0
0
0
0
0
0
0.0216147
0.15039
0
0
0
0
0
0
0
2.1966
0.0448923
0
0.267724
1.57974
0
0.24728
0
0
0.134075
0
0
0.0615068
0
0.32016
0
0.172317
0.45582
0
0
0
0
0
0
1.02948
0
0.226621
0.0451141
0
0.665365
0.218391
0.391139
0.204497
0
0.0651636
0.208708
0
0.0962301
0.0640285
0.859394
0
0
0
0
0
0
0
1.3837
0
0
0.174555
0
0.151469
0
0
0.396508
0
0
0.342543
0
0
0
1.12824
0
0.408212
0
0
0
0
0
0
0.363748
0
0
0
0
0
0
1.36628
0
0
0
0
0
0.161377
0
0
0
0
0
0
0
0
0
0
0
0
1.6088
0
0.811058
0
0
0.287284
0.0550267
0
0
0
0
0
0
0
0
0
0.206294
0
0.50719
0
0
0
0
0
0.18635
0
0
0
0
0
0
0
0.0756887
0.0538034
0
0
0.374528
0
0.156947
0
0
0.328196
0
0.142211
0
0
0.422024
0.868623
1.00949
0
0
0
0.0907314
0
0
0
0.261347
0
0
0
0.346902
0
0
0
0.216931
0
0
0
0
0
0
0
0
0.403799
0
0
0
1.03132
0
1.49144
0
0
0
0
0.121945
1.69971
0
0
0
0.294373
0
0.28174
0.548943
0
0
0.0843789
0
0
0
0
0
0
0
0
0.026498
0
0.585782
0
0.156398
0
0
0.0690251
0
0.497774
0
0
0
0
0
0
0
0
0.0328751
0
0
0
0.299051
0
0.0826556
0
0
0
0
0.482587
0
0
0.0979256
0
0
0.597224
0
0
1.27856
0
0
0.592978
0
0
0
0
0
0.0239154
0.0456207
0
0
0
0
1.18884
0
0
1.00448
0.439653
0
2.02321
0
0
0
0
0
0
1.62446
0
0
0
0.0984725
0
2.27613
0
0
0
0.406672
0
0
0
2.23832
0
0
0
0.33167
0
0
0
0
0
0
0
0.0111859
0
0
0
0
0
0
0.0542263
0
0
0.307198
0.579471
0
0
0
0
0
0
0
0
0
0
0
0
0
0
0
0
0
0
0
0.963166
0
0.114382
0
0
0
0
0.39777
1.22195
0
0
0.351931
0
0
0
0.0665455
0.368829
0
0
0
0.397374
0.383786
0
0.0686081
1.34843
0
0.107232
0
0
0.31935
0.984946
0
0
0
0
0
0
0
0
1.03258
0.0870283
0.0933623
0
0.53686
0.202882
0
0
0
0
0
0
2.3849
0.207629
0
0.0845595
0
0
0.0636267
0
0
0.0404793
0
0
0.0674528
0
0
0
0
0
0
0
0
2.15188
0
0
0
1.31159
1.50981
0
0.486725
0.0749329
0
0
0
0
0
0.209261
0
0
0
0.383521
0
0
0.484682
0.102042
0.0512138
0.406573
0
0
0
0
0
0
0
0
0
0
0
0
0
0.163752
0
0.910718
0
0.29512
0
0
0
0
0
0.337629
0.108256
0
0
0
0
0
0
0
0
0.824141
0.715083
0.0937111
0.294841
0
2.21808
0.338488
0
1.52647
0.0257768
0
0.669373
0
0.110346
0.176722
2.15407
1.58241
0
0
0
0
0.446303
0.431867
0.133711
0
0
0
0.61795
0.161498
0.342533
0
0.72982
0
0.80587
0
0
0.0514032
0
0
0
0.304303
0
0
0
0
0
0.10439
0
0
0
0.177228
0
0
0
0
0
0.0901007
0
0
0.574485
0.0521491
0
0
0
0
0
0
0
0
0.0931822
0.929699
0.19086
0
0
0
0.985482
0
0
0
0
2.20203
0.286425
0
0
0
0
0.0905814
0
0
0
0.362519
0
0
0.30358
0
0
0
0
0.838133
0.153599
0
0
0.0714506
0
0
0
0
0.377083
0.0360455
0
0
0.142097
0.0437292
0.479715
0
0
0
0
0
0
0.0633178
0
0
0.785225
0
0
0
0
0
0.555419
0.752531
0
0
0.907923
0
0
1.38699
0
0
0.440879
0
0
0
0
0
0
2.11242
1.43961
0
0
0
0.617059
0
0.157773
0.933288
0
0.124269
0.256491
1.1716
0
0
0.703687
0
0
0.0629856
0
0
0
0
0.24126
0.230114
0.129562
0
0.27283
0.393036
0
0
0
0
0
0
0
0.850424
0
0
1.10685
0
0.662336
0
0
0
0
0.512824
0
0
0.804268
0.198349
0
0.0131983
0.916074
0.0805559
0.438931
0
0
0.166192
0
0
0
0.499963
0
0
0
0
0
0.862213
0
0.769095
0
0
0
0
0.719282
0
0
0
0
0
0
0
0
0
0
0
2.59181
0
1.273
0
0
0
0.384466
0
0
0
0
1.13963
0
0.338864
0
0
0
0
0
0
3.31771
0
0
0
0
0
0
1.01404
0
0
0.288662
0
0
0
0.0267779
0
0
0
0.142295
0.380797
0
0
0
1.12797
0
0
0
0.0941483
0
0
0
0
0
0
0
0
0
0.554954
0.414524
0.0475979
0
0
0
0
0
0.206296
0.787489
0
0
1.27318
0
0
0.0490678
0
0.0264938
0
0
0
0
0
0
0
0.0454867
0
0
0.651675
0
0
0
0
0.52355
0
0
0
0
0
0
0
0
0
0.120041
0
0
0
0.419031
0.431374
0
0
0
0
0.434443
0
0.161159
0.399138
0.0861545
0.243574
0
0
0
0.090619
0
0
0
0
0
0
0
0.204847
0
0
1.29502
0
0
0.0752017
0
2.08483
0.21433
0
0
0.189155
0
0
0
0
0
0.107643
0.0763461
0
0.875427
0
0.0570769
0
0
0
0
0
0
0
0
2.43629
0
0
0
0
0
0
0
0
0
0.123602
0
0
0
0
1.32181
0.854201
0.0475905
0
0
0
0
0
0
0.0261092
0
0
0
0
0
0.0481812
0.216627
0
1.23179
0
0.32895
2.60436
0
0
1.59634
0
0
0
0
0.458077
0
0
0
0.262964
0
0
0
0
0
0
0
0
0.368338
0
0
1.54307
0
0
0.893458
0.0767684
0
0
0
0
3.06967
0
0
0
0
0.349441
0
0
0
0
0
0.425591
0
0
0.416808
0
0
0
0
0
0.146405
0.693635
0
0.858915
0.194408
0
0
0.684616
0
0
0.0408872
0
0.0584673
0
0
0
0
0
0.136289
0
0
0
0
1.01897
0
0
0
0
0
0.118611
0
0
0
0
0
0
0
0.385643
0
0
1.74214
0.165649
0
0
0
0.754137
0.569932
0
0
0
0
0
0
0
0
0
0
0
0.614685
0
0.294235
0.542401
0
0.655378
0
0
0.967964
0
0.401511
0
0
0
0
0.500064
0
0
0.929082
0.164283
0
0
0
0
0
0
0
1.97293
0
1.17659
0
0
0
0
0
0
0
0
0
0.0623059
1.72611
0
0
0.950339
0.413116
0
0
0.249057
0
0
0
0
0
0
0
0.132223
0
0
0
0
0
0
0.0383955
0
0
0
0
0.170617
0
0
0.171256
0.173559
0
0
0
0.00625427
0
0
0
0
0
0.570035
0
0
0
0
0
0
1.56609
0.0833306
0
0
0
0
0
0
0
0.412237
0.0971115
0
0
0
0
0
0
0
0.501605
0
0
0
0
0
0
0
0
0
0.286049
1.08532
0
0
0.718114
0
0
0
2.72849
0.163669
0
1.25436
0.0702404
0
0
0
0.145386
0
0
0.311733
0
0
0
0.0723623
0
0
0
0
0.949751
0
0
0
0
1.05547
0
0
0
0
0
0
0
0
0.0702556
0
0
0.231118
0
0.0603011
0
0
0.423777
0
0.02212
1.13015
0
0
0.277002
0
0
0
0
0
0
0
1.92869
0.0757752
0.157666
0
0.163492
0
0
0
0
0.0479538
0
0
0
0
0
0
1.0018
0
0
0
0
0
0
0
0.223474
0.224704
0
0
0.0775529
0
0
0
0
0
0.199871
0.269446
1.67133
0
0.825245
0
0
0
0.911907
0
0
0
0.017895
0
0
0.240996
0
0.0832105
1.00313
0
0.15396
0
0
0
0
0
0
0.0629442
2.57651
0
0
0
0
0
0.864765
0
0
0.0630642
0.365609
0.387068
0.178372
0
0.434842
0
0.0360911
1.59353
0.311527
0
0.113422
0
0
0
0
0
0
0
1.73325
0
0
0.628246
0
1.7831
0
0
0.0772464
0
0.44898
2.32038
0
0
0
0
0
0
0
0
0.816861
0.486098
0
0
0.977544
0
0.493913
0
0
0
0
0
0
0
0
0
0
0
0
0
0
0.431846
0.258233
0.082969
1.63933
0
0
0
0
0
0.150413
0
0
0
0
0
0
0
0
0
0
0.186202
0
0
0.00795576
0
0
0.106258
0
0
0
0
0
0
0
0
0
0.165655
0.319917
0
0
0
0
0
0.962397
0.0427684
0
0
0.718039
0
0
0
0.0905893
0
0
0
1.05901
0
0
0
0
0
0.295336
0.888515
0.452274
0
0
0
1.17092
0
0
0.591937
0
0
1.29223
0.904052
0
2.03775
0
0
0
0.0752509
1.28467
0
1.13777
0
0
0
0
0.00264528
0.359278
0
0.65747
0.731173
0
0
0
0
0.468829
0
0
0.740148
0
0
0
0.218575
0.507483
0
1.11152
0.67626
0
0.506759
0
0
0
0.246977
0
0
0
0
2.72994
7.89346
0
0
0
0
0
0
0.965717
0
0.364212
0
0
0
0
0
0
0
0
0.00281682
0.035229
0
0.0726399
0
0
2.32192
0
0.342582
0
0.378545
0.147368
0
1.32322
0
0
0.0238268
0
1.8622
0
0
0
0.0853242
0
0
2.68897
0
0
0
0.294501
0
0
0.0557597
0.0283942
0.0950969
1.00211
0
0
0
1.50653
0
0.0163721
0
0.417339
0
0
1.04547
0
0.0864003
0
0.0684027
0
0
0
0
0
0
0.0328263
0
0
0
0.179428
0
0
0
0.541002
2.51372
0.358759
0.092808
0
0
0
0
0
0
0
0
0
0
0
0
0
0
0
0
0
0
0.145691
0.124379
1.4315
0.113167
0.168055
0.0937713
0
0
0
0
0
0
1.19678
0
0.0600311
0
0
0
0
0
1.56912
0
0
0
0
0
0.217271
0
0
0
0
0
0
0
0
0
0
0
0
0
0.0911879
0
0
0
0
0.484606
0
0
0.217145
0
0
0
0
0
0.775044
0.771457
0.300126
0
0
0.079064
0
0.0576494
0
0.231677
0
0.485466
0
0
0.550523
0.613983
0.674504
0
0
0
0
0
0
0.262824
0
0.121091
0
0
0
0.97906
0.609866
0
0.0763612
0
0
1.17822
0.0144914
0
1.3135
0
0.270521
2.02513
0
0
0
0
0.843316
0.0248343
0
0
0
0
0
0
0
0.0281784
0
0
0
0
0.263645
1.49571
0
0
0
0
0
0
0
0
0
1.65423
0.171709
0
0
0
0
0
0
0.816369
0
0
0
0.0870212
0.535249
0
0.92156
0.14762
0.500153
0.0130832
0.17084
0.362462
0.882851
0
0
0
0
0
0.100825
0.0728041
0
0
0
0
0.431807
0.260583
0.0959574
1.3376
0
0
0
0
0
0.316664
0
0
0
0
0
0
0
0
0
1.44762
0
1.67778
0
0.389099
0
0
0
0.0371149
0.0570148
0
0.905147
0
0
0
0.451465
0.0703446
0.220257
0
0
0
0
0.368333
0
0
0
0
0
0
0
0.456324
0
0
0
0
0
0.122797
0
1.28985
0.419331
1.68935
1.64498
0
0
0
0
0.412194
0.131313
0
0
0.10224
0
0
0
0.383688
0.262523
0
0
0
0
0
0
0
0
0
0.308407
0
0
0
0.140301
0.317083
0
0.1448
0.510941
0.308947
0
0.0739809
0
0
0.401876
0
0.132616
0.0690705
0
0
0.29109
0
0
0
0
0
0.127618
0.0639922
0
0
0
0
0
0
0
1.43735
0.558543
0.0403562
0.0325346
0.405644
0.23891
0
0
0.469757
0
0
0.0635021
0
0
0
0
0
0.416268
0.407329
0
0.160981
0
0
0
0
0
1.23895
0
0
0
1.80747
0
0.23311
1.33905
0
0
0
0.168126
0
0
0
0
1.78533
0
0
0
0.0781531
0
0.297501
0
0.404327
0
0
0
0
0
0.222478
0
0
0
0.0861191
0
0
0
0.433715
0
2.18804
0.0888684
0.231874
0.0909985
0.505319
0
0
0
0
0
0.200197
0
0.102501
0
0
0
0.126736
1.54298
1.24141
0
1.48217
0.858846
0
0
0
0
0
0
0
0.361383
0
0
1.81413
0
0.039717
0
0
0
0
0
0.393429
0
0
0
0
0
0
0.312762
0.0465072
0.854989
0.949227
0
0
0
0.925265
0
0
0
0
0.283164
0
0
0
0
0
0
0
0
0
2.07215
1.68676
0.119802
0
0
0
0.0386187
0
0
0.962884
0
0
0.102844
0
0
0
0
0
0
0
0
0.285648
0
0.195453
0.0685813
0
0
0
1.24966
0
0.081522
0
0
0
0
0
0
0
0
0
0.594792
1.2113
2.29757
0
0
0.295113
0
0
0
0
0
0
0
0
0
0
0
0
0
0
0
0
0
0
0.3033
0
0
0
0
0
0
0.0695132
0
0
0.0549646
1.503
0
0
0
1.15688
2.94982
2.94187
0
0
0
0
0
0
0.770985
0
0
0
0
0
0.164573
0
0
0
0
2.4509
0.0898559
0
0
0
0
0
0
0
0
0
0
0
0
0
0.031289
0.222265
0.0943493
0.226875
0
0
0.00558184
0
0.478445
0.00995259
0
0.302838
0
0
0.294949
0.443567
0
0
0
0
0.369912
0
0.19794
0.311111
0
0.280647
0
0
0
0.0685339
0
0.653198
0
0.656249
0
0
0
0
0
0
0.184637
0
0.58255
0
0.124148
0
0
0
0
0
0
0
0
0
0.35041
1.1449
0.427687
1.62899
0.385283
0
0.303271
0
0
0
1.22444
0
0.0936273
0
0
0.203834
0
0
0
0
0.296356
0
0
2.28753
0.292413
0
0.341397
0
0
0.184021
0.419561
0
0
0.148927
0.133048
0
0
0
0
1.00794
0
0
0
0
0
0
0
0
0
0.452729
0.044756
0
0
0
0.101711
1.82713
0
0.485952
0
1.65886
1.48641
0
0.751015
0
0
0
0
0
0.4885
0.0739757
0
0
0
1.67985
0
1.04607
3.40278
0
0
0
0
0.288896
0
0.10927
0
0
0
0.404272
0
1.18628
0
0
0.165177
0
0
0.387987
0
0
0
0
0
0
0
0
0.0128109
0
0
0.0603995
0.333974
0
0
0
0
0
0.942258
0
0.233069
0.169504
0.226399
0
0
0.0442801
0
0.307979
0
1.09778
0
0
0
0
0.025457
0.198177
1.40218
0.00708245
0
0.0456002
0
0
0
0
0.799886
0
0
0
0.104326
0
0
0
0.126322
0
0
1.9775
0
0.909683
0.441337
0.0528082
0
0
0.617008
0.29582
0.129764
0
0.155604
0
0
0.076367
0.894713
0
2.23309
0
0.0552958
0
0.315043
0
0
0.232211
0
0
0
0
0
0
0
0.153844
0
0
