4.38295
4.3854
7.79961
4.38292
6.53462
4.38473
4.38345
4.3816
0
4.09525
4.384
4.38673
3.08908
5.15356
4.76392
4.38235
1.95334
3.94264
5.1584
4.42053
4.38514
3.98377
4.3853
4.73915
8.18779
0
2.43215
2.34701
4.68516
0
5.79279
4.38276
4.38342
2.33895
0
0
0
2.78636
4.38392
0
2.34326
4.3836
2.78706
4.38391
6.99318
0
2.34421
0
0
4.38383
4.38335
5.87192
5.35755
0
2.09751
5.97352
4.38262
7.55667
1.51366
2.34288
2.78795
5.15257
4.38189
4.38412
3.01815
4.09357
2.52685
0
4.38815
3.02275
2.341
2.52382
4.73739
4.13266
4.38493
4.38441
6.99408
6.25363
4.38065
5.83001
4.38311
5.32426
4.38179
3.93773
6.79349
5.95897
1.31818
4.38496
4.51446
4.38679
5.3606
4.38528
5.87379
5.36599
2.09173
3.21055
2.78605
4.38482
2.78823
4.38591
5.18269
5.37741
4.38462
0
2.79142
0
8.13589
4.38298
4.38447
0
6.99568
6.99577
4.38765
4.0776
4.69944
4.387
4.8508
4.38204
6.22575
3.23434
2.78559
6.21836
3.72775
2.78698
4.94445
5.59388
2.34247
4.29856
4.23921
5.15297
4.75916
4.38417
2.34814
2.78284
6.24128
6.22742
4.38833
4.38462
3.86918
4.38323
3.94411
2.34466
4.09166
2.3426
0
4.09496
4.38353
4.07905
6.24359
2.34241
4.42108
4.09567
2.52835
4.2354
4.38463
4.38475
5.01579
2.34433
1.75864
6.2272
2.51333
3.20388
4.38442
4.38464
2.34411
2.82339
3.8712
4.38297
4.38221
3.26585
5.97798
4.38643
8.20437
2.34358
2.78805
7.74826
6.22341
4.38396
4.38306
3.40775
7.8365
4.38385
2.34261
4.38701
4.3832
6.47446
2.78626
0
0
4.38603
1.76478
6.99406
4.38714
4.76169
4.38361
4.38147
4.38386
3.22919
2.34216
2.34158
4.38496
4.50731
6.99615
6.33502
3.0701
3.99603
2.34494
2.79131
7.83702
4.38359
3.88573
2.34358
4.09255
4.38455
2.52455
4.38494
6.22833
2.78481
4.13739
4.76125
4.38566
2.34381
4.38396
4.83322
3.3618
7.47061
4.82353
2.34184
4.41781
4.38463
4.73455
5.86869
4.38366
4.38428
4.38472
2.52185
2.09623
3.51484
7.01843
8.60579
4.38627
2.78579
6.82731
4.38585
3.88477
4.84104
2.52755
3.93891
4.38415
8.27198
2.7847
4.38303
7.97611
4.38541
0
4.38456
4.9301
2.34352
8.64229
4.38503
5.97466
4.38411
4.38518
7.27043
2.34107
4.93755
0
2.78324
4.38252
4.38237
4.38589
2.3398
7.82187
0
4.38303
2.78941
4.93409
4.384
5.30862
2.34294
4.38405
8.31176
2.34622
5.16048
1.76595
4.38748
5.98218
0
4.38127
4.13051
2.34391
0
4.38342
7.46987
2.79032
4.3857
0
5.47282
2.34474
1.32358
0
4.5741
2.33972
4.3849
4.38076
3.87105
4.38567
7.4738
4.38599
4.38453
4.38392
4.1419
4.93436
4.38527
2.34575
2.78617
2.79039
5.17517
2.34204
5.87351
4.98446
6.99659
5.15456
4.51469
4.38471
4.3856
4.38411
2.78668
5.15294
4.38422
4.41875
4.38539
5.35902
4.38517
2.78481
2.50259
2.33893
2.78784
4.38324
0
2.34482
4.38459
4.76422
2.34285
2.78251
4.38199
6.23223
2.78735
6.81822
4.38403
2.52887
4.38532
4.38338
2.81803
4.38662
4.38393
5.82322
3.01893
3.39121
4.38706
4.38663
2.78519
4.38547
4.38224
2.34359
4.38404
2.34037
4.3818
4.38437
4.41257
4.41934
0
0
4.38394
6.45116
4.38456
0.79213
7.81438
2.78488
5.87245
4.92793
4.38416
2.3446
4.38398
5.78407
6.99505
5.18299
0
2.34363
5.48795
2.34318
1.51807
0
3.02049
4.38449
2.34336
7.46994
2.34159
4.38167
3.40776
3.93406
4.3834
3.92304
4.38612
0
7.55334
2.78506
0
4.3828
4.38454
4.38494
7.00917
2.34051
2.78416
5.87414
2.34492
4.38606
0
4.38364
4.38158
5.31961
2.52708
7.94747
5.15111
0
3.0167
4.38197
3.86491
4.38114
4.3826
4.41488
2.34247
8.38158
0
4.7601
4.38651
2.34379
7.14475
2.52504
4.38584
4.08833
4.38498
2.51596
7.44727
4.37802
4.75897
2.34251
2.78784
4.30372
3.74377
4.37978
7.73495
3.8672
4.7569
2.78368
4.38398
0
2.78629
4.38318
6.80424
8.22025
4.73881
4.38108
4.31873
4.38385
4.09341
2.78729
0
2.34424
2.78377
5.21169
4.38413
0
3.06075
4.38822
6.36476
4.38263
1.26857
2.34353
6.03436
4.3818
4.3832
4.38542
4.38357
2.34471
4.38396
4.38097
4.38058
7.75327
2.34509
5.50073
2.34371
4.38705
1.31913
2.78815
4.85015
4.07693
4.09269
0
6.99272
4.75987
2.34532
4.10443
6.98978
4.47477
4.38149
2.84715
2.50094
4.38295
7.01486
4.41863
7.56371
4.08894
0
4.38543
2.34319
2.43085
0
4.38342
2.52401
3.8669
4.38338
4.38421
4.38292
4.38575
3.0214
0
4.41733
7.10713
4.38411
4.38145
2.34334
2.78367
7.47274
3.94027
5.9776
2.78459
7.47
4.3846
7.79479
2.78637
4.38416
2.34302
2.78918
3.86769
4.93233
4.38439
6.76804
2.34507
7.79976
4.38533
3.2077
2.78692
4.38474
2.34026
2.78665
0
1.521
3.20808
4.38318
4.35319
4.38234
5.32141
2.78128
2.78762
4.38706
4.47575
5.93744
5.93016
5.86629
4.38287
1.27167
5.16531
4.38297
5.98905
3.94141
5.90123
2.78626
4.38424
2.34697
4.38308
3.39607
4.38497
4.384
4.38412
4.38334
2.34404
2.34557
5.15681
4.38337
6.22802
4.3839
4.38543
0
4.38382
4.38401
3.36306
6.99211
5.15974
6.50304
4.38085
4.38211
4.38468
4.38398
4.38336
2.78371
6.04775
4.38559
3.88087
7.32313
2.78677
5.14788
7.43839
4.47206
4.38358
3.03624
5.08676
2.78795
4.38304
2.34345
0
5.79192
4.50811
4.41177
4.38449
3.2646
3.1555
4.76143
4.38357
6.22606
2.78524
3.09085
2.78806
5.16271
1.5178
4.38459
4.38468
5.93553
6.04431
5.93203
4.38331
4.38445
3.86984
4.38191
6.2427
3.93632
5.9322
4.41549
4.38516
4.38428
0
4.97915
2.34579
2.49916
0
7.00627
2.78216
3.889
2.78422
4.76232
4.38368
2.34097
4.38127
4.38336
4.92645
2.34561
0
4.382
4.38209
4.38326
3.01838
4.38297
2.7874
7.80811
4.38377
4.38366
3.22758
0
4.38009
3.93896
5.9573
4.38513
4.38704
1.26178
2.78635
2.52384
5.01144
4.42055
4.38455
5.49447
4.38541
2.78828
0
2.81684
2.34652
5.00907
4.53379
4.38554
2.50413
3.36559
2.78772
4.48372
2.7858
1.51812
7.47229
0
2.78067
4.84034
5.4961
2.7852
0
5.01143
2.78549
4.38933
2.78362
3.359
0
2.84742
6.34594
4.41942
4.3837
7.78965
3.86886
5.00721
1.27011
7.29061
2.34339
4.38481
4.41943
4.38875
2.52374
4.38632
4.3849
2.85055
4.38354
4.38351
4.38429
4.76123
2.78833
0
7.79233
4.38306
6.99705
4.76554
2.34498
8.34301
2.34714
4.42403
3.7346
4.38161
0
2.78922
6.99801
4.38147
2.34553
4.76113
3.86672
3.86872
4.38368
6.17992
4.38394
2.78769
4.41893
3.86888
1.27029
4.38681
4.38588
3.02287
4.3848
4.38397
0
2.78832
4.3824
5.86851
6.38927
2.34623
3.80899
4.38431
4.82587
5.86618
4.38387
3.92938
6.77567
4.38512
2.787
2.49956
4.38426
4.38514
5.97556
2.78558
6.99961
8.09569
4.75691
4.18067
5.54389
4.38411
2.34305
3.26586
4.50489
4.38262
5.52254
4.3816
2.34477
4.38392
8.05976
4.38525
4.38754
7.00489
5.1534
2.78673
2.34605
2.79146
4.38406
5.0137
4.05987
2.78652
4.38402
4.08624
0
2.34754
4.92401
4.38212
4.1371
5.87052
4.38495
2.34751
4.38486
4.38389
5.15431
3.36162
4.38373
4.47636
6.73679
4.38392
2.78959
4.38445
6.99933
3.87295
1.51788
4.38285
4.31194
4.38475
2.7852
4.38485
3.35907
2.34483
0
4.38202
3.86777
4.38436
4.3847
5.97876
0
2.78687
4.38421
4.0816
5.25908
6.29276
2.34602
4.63522
3.92143
4.76451
2.84583
4.38106
5.87451
2.78591
3.36303
4.13326
1.76716
3.93914
4.83387
4.47458
2.34285
4.41954
5.31436
2.78892
5.32462
0
5.00888
6.66248
4.83479
7.25238
6.04612
6.73587
3.01511
0
4.38501
7.26516
4.38024
4.14039
2.48256
4.38607
8.4685
4.41874
4.13235
2.34097
5.43017
2.52023
4.30342
6.49204
4.38446
3.36187
2.78678
4.37826
4.7639
4.38371
2.34164
4.38456
4.38366
2.78659
6.10619
1.51504
1.51887
2.33951
4.38328
3.87134
2.34098
4.38196
2.34274
4.38626
6.99107
4.3838
2.78688
2.5203
2.78321
4.38221
0
3.93108
4.38535
2.84438
2.78709
6.82499
7.27283
0
4.07993
5.2532
4.38105
4.27609
6.49709
2.78642
3.21116
2.34413
2.09024
0
4.42002
7.05343
4.49374
2.34042
1.26652
5.15427
6.22588
7.34861
5.88474
7.79465
4.38115
4.38336
4.3843
4.37881
4.75754
3.94189
2.78296
2.34239
4.38499
4.38406
6.45751
8.32509
4.38496
2.34279
4.38525
2.51988
4.38574
7.26912
0
4.38365
2.52585
4.41973
4.38315
6.02812
0
2.78442
3.51536
4.38235
2.79249
5.98053
4.38141
4.3843
4.38405
6.05042
3.74697
5.01189
4.38415
2.85887
4.38163
0
4.38703
0
5.50309
4.38311
2.78623
6.09435
5.96789
4.38464
5.96386
2.8205
4.38591
2.34609
1.26624
5.50446
4.38399
0
4.38532
2.34356
3.02302
4.38368
4.3847
2.52114
2.34421
4.38359
4.38303
2.78259
2.34338
4.4223
4.38267
4.38227
6.59185
4.92376
4.38609
2
4.38401
4.38227
5.87495
2.34235
2.34249
5.81387
4.38474
4.38407
4.38036
4.38428
4.93023
1.51792
7.00181
4.38351
5.87126
4.38393
2.34147
2.78687
0
4.38074
0
5.16354
4.41923
2.34303
4.3837
4.38609
2.34452
4.38185
4.92226
3.39781
6.22561
8.5132
0
6.22983
6.73502
4.38332
7.806
5.60818
3.86912
3.9232
2.34182
4.38423
4.38305
2.34527
2.34576
2.78687
5.83754
2.66652
3.8661
7.58569
5.15949
0
4.80568
2.34498
4.07891
2.34441
4.38346
4.38407
5.99314
2.34155
3.0147
4.38451
8.20543
4.41758
4.41882
4.38414
4.38336
2.34163
4.38098
3.51783
4.41715
3.72662
5.72265
2.78483
0
4.41868
7.00656
6.04668
4.38483
3.86806
4.38405
4.38521
4.38305
4.29459
5.79234
0
4.38451
2.34342
4.38756
4.38438
4.69293
0
2.62937
4.38487
4.38476
0
3.36771
2.34312
2.7826
4.384
1.32057
4.38629
4.75978
3.87042
5.00788
4.42279
4.75572
5.17169
6.23343
2.78757
4.37955
4.38451
3.8677
7.0038
3.01681
4.38309
3.87349
4.76118
4.38466
4.41947
7.41418
4.38458
4.38644
1.51367
2.7893
0
4.38204
7.40462
0
3.87352
0
4.38418
4.4201
2.34366
0
4.98063
0
6.24256
4.38185
0
4.29838
4.37783
2.78709
4.38074
4.38328
7.53108
2.34003
2.78668
4.38093
7.9691
3.94091
6.75446
4.93748
2.35564
4.38159
2.34381
5.16211
1.26513
5.96186
3.87133
2.78362
6.22622
4.38374
2.3437
4.38416
5.27601
3.92632
4.38365
0
4.38226
4.3874
5.32113
2.52164
2.34436
3.02474
4.38411
5.90195
2.78647
5.87056
4.76046
4.38292
3.36182
2.78782
3.40949
4.38551
2.3431
4.4188
7.58342
4.38263
3.40177
0
6.45966
6.52631
4.42162
6.92341
6.22837
0
3.06518
3.01855
2.78268
5.71646
4.8453
3.29098
4.3857
2.34361
2.51485
4.3825
2.78597
4.38737
0
4.38383
4.79242
0
5.01138
3.93892
4.38393
3.93719
3.22549
4.38227
3.15892
4.38365
4.38508
4.69848
4.38399
7.28276
4.38418
0
6.99478
4.38297
6.89154
0
0
4.38459
7.46907
3.16558
4.08158
4.38291
4.384
2.7851
1.32157
4.38249
4.38405
6.22352
4.38046
0
4.38422
0
3.37463
4.3851
2.52552
2.34554
2.86928
0
4.38418
5.89881
6.24838
2.78614
4.38328
4.38217
2.34478
4.38367
3.86527
4.73472
4.41519
4.38238
4.38545
0
4.38285
2.34504
6.22699
4.38452
4.82476
2.34449
3.51848
6.13716
0
6.47229
6.39322
0
4.38506
2.81532
2.34319
1.76276
0
4.38464
3.36146
7.00158
3.51736
3.35898
4.38409
3.94196
5.95526
4.75819
2.34509
4.38089
2.78711
4.38392
4.75875
3.84776
4.13673
4.38308
6.99932
1.32095
4.38527
4.38232
4.38427
5.0117
3.01762
6.22485
3.02197
2.78699
5.49768
2.78799
4.38445
4.41768
4.38254
2.34302
2.34206
0
8.1895
7.47565
6.99305
4.38511
2.34481
4.38298
0
4.76133
0
3.94637
2.34313
3.0225
4.38525
4.38537
3.01753
4.38424
5.00912
2.78335
4.74306
4.3829
5.49965
4.98488
4.38841
3.02331
1.32167
4.38453
3.39681
2.34499
7.26448
5.16956
4.38252
7.00145
2.34472
4.3839
5.15792
2.94895
4.38181
2.34513
5.27718
4.73991
4.38477
4.3855
0
5.9761
4.07358
4.9643
5.15697
2.78728
2.78495
6.22493
4.38606
2.78581
4.38286
3.94601
4.38429
4.38892
4.38384
4.38294
0
4.38422
4.93521
1.52009
4.38306
2.78835
5.50442
6.2435
4.41767
2.78836
4.38215
6.817
2.7829
3.88529
2.34834
4.38291
2.5211
4.38192
4.41564
4.42019
1.51758
2.34648
0
3.51781
7.01149
3.51735
4.38422
3.86627
8.14245
2.78546
1.7628
4.14228
4.38864
2.34614
4.38344
4.38426
2.15909
4.41909
2.51742
4.38462
8.43121
4.38402
3.88111
4.38414
4.47401
3.40002
4.3838
2.78734
5.15724
2.78778
0
4.38311
3.87015
4.38199
4.38333
2.52568
4.38424
4.08528
2.34406
5.09081
2.78624
4.38438
4.76309
6.22794
4.38277
2.78458
4.38438
4.67426
2.85018
7.79908
6.22624
4.38363
0
3.88031
6.22699
4.38174
6.17835
4.38543
4.38489
4.38549
6.30186
6.5245
4.38693
4.38338
4.38261
3.87241
4.38058
4.38226
6.33959
4.3833
5.22031
6.04699
1.31909
7.49891
2.78569
1.76197
4.41639
5.1548
0
2.78393
4.38358
2.34546
1.50578
2.51937
4.38326
2.34569
4.42226
4.23749
4.41474
3.88464
4.38465
2.78923
4.00055
6.23094
4.75975
2.78313
4.38411
4.38463
3.88721
6.99876
1.52089
4.50894
7.81589
2.78325
2.51738
5.97499
4.93938
4.93015
7.00228
0
5.87957
4.38361
1.94809
2.34638
2.34481
4.38739
2.78656
4.38045
5.00858
4.38426
0
4.38253
4.38475
4.38569
4.38259
4.38537
2.34105
4.38242
4.50964
4.83641
2.34236
3.21124
0
5.48797
4.38366
4.38609
6.10179
4.38399
2.34331
4.38235
4.38776
3.73723
0
4.93024
4.38349
2.78745
0
4.382
5.70154
2.78516
2.34304
4.38339
0
0
4.3832
6.83556
4.38521
2.7888
4.41962
5.82028
0
4.38275
6.98922
3.49443
2.43066
5.86762
4.38345
4.38531
2.52314
4.38139
2.78867
2.78847
4.42224
4.38256
0
5.31742
2.51852
4.42354
0
2.3481
2.34241
5.15494
0
4.83104
4.42229
2.34285
4.38519
4.38401
5.97588
4.37908
2.5246
3.01967
4.38443
4.38387
2.34225
0
7.25561
3.86897
2.34021
2.78734
4.38483
6.22865
2.78826
1.26574
4.38631
2.78812
4.38386
4.38362
5.44642
2.34219
0
4.38293
6.22385
2.3463
6.79108
4.09766
3.93293
2.78727
4.38254
4.47412
4.38387
7.81142
3.36195
4.38392
8.80917
4.47818
4.38431
4.38407
4.56471
2.34451
4.38221
2.78463
1.51527
6.04278
1.51765
4.38444
4.38474
6.99748
7.27757
1.76364
2.78516
4.38411
4.47939
4.38468
4.75342
2.34599
2.09126
4.38585
2.50389
4.38441
6.2283
4.41914
3.26208
4.4283
4.41741
2.34459
6.10902
5.92801
4.41989
6.22181
4.38298
4.38349
2.78652
2.78664
4.38253
2.78586
2.78529
4.42235
4.38505
5.97511
2.78785
4.38555
2.78724
6.22711
4.13566
4.38141
3.96007
4.38497
2.78452
7.90261
4.38514
5.97762
4.38396
2.78612
4.42218
6.22742
4.38388
4.13942
6.22646
3.52154
4.50392
4.38184
0
4.3833
7.17766
4.38428
2.7889
4.38518
0
2.34223
4.38265
5.15837
6.99748
3.51953
2.34331
2.78378
4.06816
4.38433
2.08718
0
2.78274
4.38624
4.38392
4.3836
4.3839
5.02267
0
1.26927
0
4.38487
4.38217
5.2225
2.52298
3.01845
6.22595
1.26822
5.97543
5.86907
2.52489
4.38438
3.07537
5.69932
0
4.38816
2.7873
4.38469
4.38655
2.82462
3.94004
2.34404
2.34205
4.38443
4.75802
3.36147
3.86888
0
4.4766
4.93633
0
4.38631
4.38284
2.34502
4.38196
4.38364
4.38592
4.50975
4.38062
2.52075
5.95816
2.5254
6.99848
2.78702
4.76466
2.34341
2.51676
1.26569
2.34261
4.38427
7.79977
4.38432
3.86675
4.38491
5.97055
4.38538
7.96135
4.38105
5.96674
3.93877
0
5.48561
4.76093
2.7897
4.38377
3.98792
6.8113
3.36634
4.3801
6.22385
5.31837
4.37951
2.78763
4.38425
3.9367
4.38353
2.76604
4.38237
4.38571
0
2.5211
0
4.38345
4.38294
0
3.86551
0
3.01618
6.33461
2.34701
4.38182
3.89442
3.36208
5.15395
0
5.81733
4.38404
4.14052
4.79419
2.34073
2.90678
0
1.50554
5.16162
4.42385
4.47541
6.32896
6.81906
1.32179
2.78547
6.68951
5.1743
2.3463
5.21556
8.69456
4.97885
3.90619
6.22547
2.34409
2.3425
4.38501
4.34809
5.87211
5.83333
0
4.12158
5.00723
4.08141
2.34352
4.47229
7.00895
4.93601
6.91852
0
4.42712
4.38398
4.3844
7.99457
6.22277
4.38395
0
4.18159
4.3873
2.7844
7.45023
4.38435
2.34174
4.38391
0
7.35146
2.78717
7.20263
6.99259
2.79277
4.38201
4.38489
0
6.99903
6.10638
3.93456
3.08992
2.43486
2.34502
6.99068
4.38313
7.96693
4.3836
4.3848
2.48429
5.43583
4.38317
0
4.38567
4.41895
5.81241
2.52244
4.08619
4.38288
4.38197
4.38504
4.41807
4.38385
0
2.79037
1.94709
0
4.56981
0
2.34317
2.78837
2.52049
2.34492
1.51947
7.79418
4.38101
4.41614
5.23053
2.34241
0
0
2.34142
2.34198
4.09098
2.52401
7.00121
3.49207
4.38296
4.38512
0
0
4.38357
2.34499
4.3844
5.9761
4.08423
1.2677
6.49725
5.5222
2.34323
2.34406
7.97496
7.12344
4.38245
5.93305
4.99663
5.31994
3.51547
0
6.34181
6.18682
5.30897
1.50333
1.32606
5.58843
4.76445
2.78625
4.38355
6.76771
6.21913
6.99364
3.92876
2.78532
5.59137
4.49412
5.95772
2.78911
4.38194
2.34309
4.41757
5.97296
2.34458
7.00116
8.01947
2.34209
2.3425
0
1.5127
5.79872
5.71309
3.87
5.71104
2.78593
4.41729
4.38605
0
7.35539
3.73802
2.34061
3.29269
0
2.78764
3.22849
2.78631
6.45818
3.36168
0
3.93993
2.52046
5.16129
5.50376
3.94699
3.36209
2.7857
6.98752
6.24607
3.06919
4.38374
4.09681
4.38393
7.09592
4.3836
4.3856
2.35199
6.23345
4.7621
2.3458
3.74082
4.38383
4.76339
4.23913
4.4174
8.70095
4.38264
3.02469
4.37961
3.01712
2.80814
6.31153
4.38929
3.92769
4.38246
9.96855
4.38243
4.38444
5.89481
4.38447
3.01623
7.80184
4.38543
2.34504
3.93967
5.86668
2.52757
4.41817
2.34544
4.38483
4.38508
6.99335
3.96689
4.38914
2.78308
4.38382
2.34458
5.87112
4.41857
4.42068
5.6958
4.38406
4.38546
4.38144
4.38554
4.41518
4.12241
4.38272
4.25068
2.49376
0
4.75726
0
2.78633
3.51522
4.38324
5.37128
5.98098
5.15009
6.99741
0
2.78742
2.34741
4.41658
1.32262
2.33901
0
3.49488
0
4.38361
0
4.38462
6.92668
1.76612
4.76044
7.96488
4.38319
3.86602
0
2.78737
6.90599
6.03452
2.78241
6.39409
5.71616
2.34162
4.38392
4.3846
4.3843
2.78548
5.96621
2.34507
4.38504
2.78155
3.9009
4.38232
4.38415
6.22621
5.30811
5.31032
4.07683
4.38521
0
4.38402
6.22469
4.38798
4.76165
4.37877
4.38536
4.38544
4.42086
4.383
0
6.24683
5.36686
4.45839
4.38745
3.01842
2.78497
3.87154
6.22628
0
3.8679
4.42117
3.93125
3.59869
5.4496
2.78606
8.28017
4.38421
1.26746
4.38212
5.81767
4.38405
2.34703
6.41639
1.32133
3.01663
7.9768
4.98726
2.34297
4.3829
4.73013
4.38508
4.3845
2.34206
7.56165
3.02201
6.22448
4.38395
5.00714
5.58844
2.52676
2.52198
4.38494
2.7875
6.04221
2.78577
2.34577
3.51624
7.00729
4.38575
7.05502
4.38342
2.78677
1.51993
2.83367
4.3804
2.34578
4.41629
2.85364
0
3.86906
1.51678
2.34375
2.91714
4.38468
2.34261
4.3842
4.41807
2.34516
4.42037
6.45631
4.38314
4.14163
2.34272
2.34098
4.7633
4.38495
4.5224
2.33989
6.803
2.34394
4.38361
4.2971
4.38563
2.34503
7.00362
4.42038
3.86863
4.76223
6.56669
7.00617
2.78733
5.89514
0
5.16673
3.39851
4.38532
5.51138
2.34342
6.22749
0
2.78614
4.38352
2.52401
2.62853
4.48291
4.75659
5.94009
4.38452
2.34799
4.38199
4.83305
6.22329
0
5.51492
4.41618
4.38409
7.80457
2.34419
4.38168
3.87066
2.34345
2.34196
3.09045
2.47543
4.38636
5.1601
0
4.3858
4.38433
4.38408
1.32179
7.00964
0
4.51914
0
6.11756
4.38496
5.94647
5.78637
4.38648
5.30206
5.37028
5.867
4.38472
4.3817
4.38412
2.78132
2.34499
0
6.99696
0
0
4.38283
2.34238
4.38388
1.26384
2.78713
4.07812
4.38246
4.09956
4.38537
2.78773
4.42161
2.34478
0
2.43569
2.63678
7.7337
4.38476
3.86911
2.51564
5.16937
5.98214
4.38254
1.7658
4.47381
2.78721
3.8747
2.49961
4.38713
2.3409
2.52709
2.34523
3.29316
2.81974
4.38088
4.42269
3.74562
4.75946
1.51624
2.34744
2.7906
2.34339
3.86991
2.84722
7.51568
2.52235
0
4.38142
5.16493
4.38471
2.78794
2.43554
7.80331
4.38486
4.38613
2.34223
2.3443
3.87196
3.9468
1.51864
6.22846
3.39676
4.38858
4.76437
2.52775
4.92404
6.74412
5.15453
7.79487
5.25944
4.38316
6.50039
4.92696
1.32127
2.34462
4.38414
5.86787
3.02014
2.34349
4.385
6.53372
3.95234
6.99272
1.50043
5.70541
2.78614
2.52012
4.38264
3.93853
4.41812
6.34564
2.34281
4.07694
4.38367
3.94055
4.38696
4.3827
4.38206
4.38508
6.35285
3.48611
0
0
0
4.38192
4.83933
4.38129
6.21991
2.78904
3.02294
6.22448
8.21003
4.73875
2.50731
4.38384
4.37854
6.34702
4.38677
4.41807
4.38385
0
4.38114
4.76045
4.38417
5.97237
4.67851
4.15136
3.86775
4.37787
1.26836
6.99641
2.51737
6.32497
0
2.78415
6.41086
2.34313
0
3.86929
4.38416
0
4.38529
4.38299
4.76245
7.28098
0
7.00225
5.20886
4.38393
2.78708
4.41891
4.41593
2.78484
4.38359
4.384
7.34465
5.44077
7.45663
0
6.23243
7.02029
0
0
7.7633
4.38442
4.38289
2.34729
3.22934
0
0
4.5832
5.89383
4.38397
4.38758
2.34459
2.342
7.44544
4.38292
6.1241
0
0
5.90124
2.34187
1.26483
5.868
3.02031
5.94659
0
6.23249
6.11594
2.34177
0
7.05173
3.06695
6.23025
4.38383
4.38452
4.38448
4.38253
4.38631
4.38278
2.7853
5.7128
3.94784
4.38574
6.10991
5.97023
6.22321
4.38422
4.38668
4.38188
2.78324
2.34477
4.38234
1.51312
4.38306
4.38286
4.38132
2.78773
2.3482
0
4.38535
7.585
2.78947
4.38343
5.02396
6.2267
4.38519
2.7865
2.81305
4.38372
7.79536
6.19231
6.22535
3.87141
4.3836
5.8653
2.34214
4.76527
7.27383
4.37988
4.76606
4.38314
4.8146
2.34407
4.38362
4.38294
4.38233
2.3445
7.52923
4.3842
0
6.99098
0
4.38168
4.38253
6.0373
4.08879
4.38004
3.21974
4.4249
3.2888
6.18468
4.3838
4.38535
4.76328
4.38521
6.22605
4.67069
6.41197
4.38385
4.38352
5.25726
2.78408
0
3.38634
3.86884
2.34263
4.42125
3.22725
5.89947
4.38358
4.3837
4.47673
5.15511
2.79104
5.80799
4.38291
5.72619
3.22887
5.86591
2.84282
1.51584
4.83411
2.34419
3.87018
4.47433
3.56786
4.38246
6.99384
1.27151
2.94937
6.25381
0
4.42373
4.38724
3.23018
4.38252
4.41734
0
4.38144
4.38425
4.9364
4.76462
0
4.38404
4.38376
1.32185
2.78649
4.38377
2.79033
4.38461
0
1.26459
2.78965
4.38316
4.93001
6.41887
5.98741
4.38753
5.90511
4.38491
4.38442
4.50815
4.09596
0
2.34471
5.10745
2.52197
8.67459
5.58862
2.78729
4.38389
4.38792
3.87241
4.38379
2.34517
5.89973
2.78602
4.3842
2.43585
4.38401
5.16122
2.34382
4.38453
6.2233
4.38194
2.34254
4.97988
7.49703
4.76646
0
4.3836
0
4.38531
5.97683
2.78751
4.38435
4.38398
7.84294
4.38611
5.87467
0
2.36062
4.38424
4.75774
5.04084
1.26921
4.38396
3.8635
6.23193
4.38432
1.99262
3.86745
0
4.38231
4.3859
5.00979
5.01256
2.35624
1.52026
2.78682
4.3828
4.38374
4.3808
2.78776
3.27325
2.78871
4.41837
3.8625
7.00484
2.36276
4.38641
4.38363
3.86774
4.75528
4.38191
5.15678
5.36913
3.86656
8.72282
4.41606
6.23122
4.38606
8.01389
2.63114
4.38718
3.23244
0
4.93144
5.16458
3.39794
8.60349
4.52175
2.3439
4.38529
8.00948
6.05257
7.43547
3.87796
2.34163
3.20591
4.38437
7.00496
4.3859
4.38116
4.385
4.3855
4.38647
0
0
6.22826
3.8719
4.38186
2.84169
2.79186
4.42082
3.36201
3.08982
0
6.7209
4.38529
2.52373
2.94649
2.52543
3.60715
4.41898
7.4755
2.34392
2.34104
2.002
2.34721
4.38548
1.2686
0
0
3.73753
5.98288
2.34345
4.38421
4.38241
4.75941
3.87001
2.34472
2.78604
4.47866
4.38278
2.78698
5.51099
2.34117
0
5.44858
4.07854
4.42174
0
4.38487
2.34598
3.87268
6.99924
5.71666
4.38471
4.09652
1.51959
0
6.10679
3.51958
2.51871
7.26355
4.75896
5.36934
4.38815
2.78727
7.00267
4.38388
2.78381
4.38199
4.38391
0
4.38193
4.38325
4.38434
2.52251
6.33107
4.38236
0
0
2.78824
2.78896
2.3401
4.12909
4.7589
4.3834
2.34466
4.38467
4.38444
0
2.34562
4.42361
4.38605
4.75649
4.29461
4.38423
0
2.94872
7.25323
6.2232
2.34729
4.38538
4.38432
4.47707
4.82227
2.78426
3.87112
4.37749
6.22546
1.26342
3.87582
6.22483
5.33368
4.38487
7.80497
7.79754
4.51828
2.34366
2.3427
6.22651
3.94461
7.80033
4.38356
4.38255
1.26879
6.99714
4.38423
7.80478
6.10178
4.38377
4.38335
4.38499
4.38224
4.38111
4.3827
2.78542
4.38319
0
5.37123
0
4.50865
2.3431
4.38286
4.38099
4.38113
4.07827
5.32058
3.3606
3.51377
2.34382
4.38398
4.83435
5.0911
2.78361
4.38301
5.8087
1.26995
4.38777
5.82852
4.38299
2.78511
4.24811
4.38135
5.25516
4.91592
4.38638
4.38548
5.8052
2.78487
1.7636
0
5.31362
6.47484
4.75913
5.86901
3.94424
7.25546
2.7844
4.38191
6.22744
4.38284
0
4.38606
2.78843
3.80697
5.87884
4.38349
4.38311
6.9913
4.38328
2.61457
6.99907
4.09807
2.78289
4.38072
4.38288
4.38269
4.38454
5.15192
4.3838
4.38476
9.60994
4.38577
4.76526
7.84409
3.01976
5.15647
0
0
1.26595
2.43723
4.38488
4.38196
6.22742
6.3899
5.15779
7.005
4.38443
2.34466
4.84107
3.9337
2.34269
1.32325
3.36315
5.86786
0
4.51068
4.38346
2.78315
3.01565
4.72428
3.60283
4.38351
5.25807
2.34332
1.7598
7.2464
4.00371
4.38458
0
3.28325
8.38437
5.02839
4.38422
3.87925
2.34425
3.5161
6.22886
4.38478
4.38515
0
4.38563
4.38072
4.41867
4.47457
5.3453
7.14133
0
7.00732
6.45561
2.62549
4.13357
4.51892
7.0877
8.12467
3.0187
4.38659
0
4.38291
4.9816
4.38491
0
4.38615
4.38481
5.4185
2.52161
2.78515
2.51667
3.024
4.38329
5.87339
6.45117
2.34249
5.50241
4.38361
4.42078
4.13378
4.82927
4.38338
4.38459
2.51683
3.36065
6.23022
0
2.78411
4.38212
2.34341
0
5.15491
3.16137
2.78408
4.38504
5.15684
3.01608
5.96155
4.38473
4.76098
4.76346
2.34551
4.3833
4.38303
4.3849
5.43958
2.34473
0
2.34323
2.51902
4.38514
4.14125
4.75787
2.78175
4.52106
4.73483
4.07736
2.34487
3.86814
4.97698
6.97586
6.2715
5.18281
0
4.3888
4.38322
4.38505
4.38518
5.49937
0
6.997
4.38335
0
4.3833
5.98621
4.3877
3.0256
3.8015
7.56797
2.34537
4.99005
4.38492
4.38461
4.47839
5.16173
3.86372
0
5.32445
4.38946
0
4.3833
6.22491
4.76245
4.38497
2.75519
6.52849
4.42086
4.38248
3.02187
5.98233
4.3796
4.38341
2.34458
4.75702
8.3674
5.97046
5.59847
3.86825
7.00108
4.38304
4.38467
7.11863
4.3834
3.01857
2.78714
4.38212
3.01721
5.014
0
0
0
2.34264
1.76639
2.63685
4.38534
5.40151
2.85417
4.38582
4.38353
2.7855
5.37255
2.34243
4.38352
0
2.51892
4.38429
6.68561
7.98425
4.38302
4.41807
2.34091
2.78665
4.82922
4.38026
1.5168
4.38216
4.24049
6.50288
7.47072
4.38177
7.00922
2.51848
5.2677
2.50044
5.49724
3.62378
4.38279
0
4.38342
4.38663
4.38317
4.38541
4.38179
5.1677
4.38408
4.38051
8.36578
2.5212
2.34308
4.88383
0
4.76835
2.85356
4.38389
6.23145
4.38336
6.22304
7.79784
4.38532
3.02723
4.42226
0
6.46184
3.0686
5.89929
4.09808
4.421
2.94722
4.38094
1.32336
4.38478
4.38894
4.42425
4.38211
2.34397
3.3623
4.38072
3.93782
3.74416
4.38783
2.78818
4.38571
3.86746
4.38476
4.08057
6.99717
5.16097
4.38198
2.78653
6.99897
4.38131
0
4.38401
2.78546
4.41925
0
5.5922
2.34368
4.38502
4.38321
3.93521
5.47369
6.22917
7.80361
4.38302
6.50255
6.22759
2.78599
4.38185
4.38427
1.32498
1.51493
3.01593
5.86629
2.78904
4.3843
7.44407
6.3368
4.38402
2.34371
8.15744
1.52304
2.78885
4.09872
6.18714
7.8932
6.65515
4.38545
3.51634
2.6234
4.3844
4.38819
5.37162
5.96914
7.9703
3.36427
2.84902
6.77425
0
4.38355
3.35973
4.67887
4.38559
2.7869
4.38314
2.34443
2.34541
6.19845
1.26953
2.78723
4.38478
2.34618
4.38239
4.38568
2.52197
3.56695
2.78671
4.38398
4.38325
4.3824
1.52153
2.92227
2.62459
6.39365
4.42514
2.34402
4.38379
3.05635
2.78568
0
2.7867
5.15716
4.42549
4.38383
4.38285
7.00356
4.38259
4.38296
7.69947
4.92792
1.52287
4.38452
4.38418
4.38515
6.81015
3.36661
7.00476
2.78748
0
8.14974
2.79178
4.38393
4.38272
4.38173
4.4146
4.38531
2.34303
2.81188
2.3464
3.02332
4.88347
4.38281
4.38421
4.38497
4.38478
2.33952
0
4.38584
3.94591
3.22786
4.38386
4.38347
3.28391
7.617
7.14242
4.38256
5.88196
5.50331
5.95802
4.41842
4.38256
4.09769
8.30849
6.46005
4.09461
2.78819
6.9994
5.15469
4.93077
2.16079
2.3461
4.37755
4.38379
1.26705
2.34164
0
4.38423
0
4.13592
4.38388
1.26953
4.07327
5.86621
2.78965
2.34532
3.01532
4.38649
4.38534
5.43973
4.3821
5.9874
4.28956
2.34331
8.70571
4.83309
2.78244
3.51431
6.22562
4.81567
4.3855
4.38623
4.38562
6.76987
5.37613
4.38425
4.38512
2.34314
4.38316
4.38049
0
2.79155
3.55476
6.23081
3.3792
1.51457
4.38118
4.38657
2.7866
2.34872
4.38464
4.91543
4.38555
2.78905
2.78469
2.78804
4.38443
2.78435
4.38644
5.37088
2.34143
4.3841
5.15596
2.34022
2.78761
1.3196
5.82729
2.78647
4.93152
2.34533
0
3.39488
2.34275
4.3843
4.38328
6.3979
4.38658
4.38089
4.38483
2.78816
4.38406
8.0942
4.97329
4.38383
4.38041
6.22792
4.76228
3.86997
4.38213
1.51558
4.38748
4.38265
4.3832
2.34503
4.41864
2.78736
2.78708
4.38404
3.5181
6.47091
5.90082
4.38593
4.34754
3.23372
4.38403
4.3847
4.38473
2.34318
4.76534
2.34273
7.98696
4.13633
0
6.95485
4.83415
2.78349
2.78658
0
0
0
3.01995
2.78616
4.41847
6.22609
4.38575
7.96038
2.78732
2.34452
0
3.0176
6.03142
3.39755
2.34595
3.36126
2.95237
2.34536
4.38475
2.78682
6.04089
4.38349
3.73767
7.65324
3.87434
2.34299
2.34252
5.63668
4.38266
4.38336
2.34097
4.38262
4.38432
4.38726
2.34344
4.38444
2.34451
4.93361
3.87116
3.86973
4.38422
5.98802
4.38433
7.7991
3.2682
2.78953
2.34756
6.13849
6.81358
2.50532
4.41814
4.38244
4.38051
4.38404
2.51846
6.73863
1.99863
2.52335
2.8184
3.8733
6.25169
5.15827
5.86981
3.94359
6.93852
1.26638
7.73633
2.7892
3.40449
7.80571
4.83129
2.78493
3.86602
2.52157
2.34282
3.87284
2.34306
4.38437
3.51464
2.347
2.34423
4.37837
4.38437
1.76384
4.13963
5.15597
0
2.79033
5.89948
4.38601
4.7592
4.38719
8.08423
5.96099
4.38414
7.01107
0
6.99923
4.38267
2.34426
4.38385
4.38113
4.46451
4.3796
4.38668
4.37976
4.38924
2.22097
5.16541
4.41934
6.22747
8.3044
4.12988
4.3833
2.79116
4.38226
2.52737
2.34515
0
4.41827
4.3837
7.78327
0
2.34505
2.34334
4.38601
6.35186
2.78513
5.96896
4.3863
4.38375
0
6.99981
4.38149
2.62976
6.67335
4.0811
2.79052
4.38579
4.38582
0
4.38465
7.50988
2.33817
2.3427
4.38628
3.87308
2.78748
7.09902
3.02511
4.38232
4.13324
5.02785
5.87119
4.38211
4.41638
4.38491
4.38397
5.15243
1.51532
4.38464
6.22902
4.38087
4.38466
1.51785
0
0
5.16042
0
3.36084
4.38376
2.79154
6.10944
4.38402
6.22633
4.38535
5.15979
2.78587
2.7918
2.34249
4.41301
5.83583
0
2.78825
1.52165
2.78768
3.81079
0
6.46373
4.92227
0
3.361
0
2.79126
7.74168
4.38265
4.38384
4.38212
2.79035
4.3835
4.38068
7.1678
4.08626
4.38344
2.3442
4.76174
3.51865
0
6.03
5.1633
3.8694
1.99867
6.22634
7.1243
2.52534
4.73664
3.86642
4.13705
2.78715
6.11005
4.38443
8.39944
5.86935
7.61457
4.38471
2.78616
3.86623
3.38355
7.59941
0
4.38368
4.38485
4.9307
2.34631
4.42001
7.80659
2.78703
4.38239
4.41978
5.32429
4.08525
7.25514
0
6.2264
4.38422
4.38674
4.85151
3.01534
0
4.38153
9.70362
4.47037
4.38444
2.34616
4.38413
4.38648
4.76219
3.36126
1.4978
2.34173
4.07551
2.09355
4.38403
2.34116
3.87493
4.38489
4.38491
3.86875
4.38185
7.11303
3.02034
4.38338
4.38361
6.45389
7.00144
2.78478
7.30271
4.38213
1.32012
4.42117
4.38549
2.5225
4.41811
4.93115
6.22781
4.76742
2.78651
4.3835
2.42742
5.15709
5.71864
4.38383
6.22863
1.26763
1.51927
4.38626
4.38082
4.38421
4.13363
2.34583
2.79275
2.78435
2.34504
5.96143
4.38431
4.38243
5.54184
4.93515
7.7658
2.51498
4.38452
3.39631
4.38244
5.25927
0
0
3.8703
3.51693
5.01723
6.12439
4.38129
4.3822
4.384
5.44251
4.38422
7.79806
4.3863
4.38297
4.38116
4.73637
5.89473
4.92712
2.78427
4.38461
4.37938
4.8802
5.98131
0
3.01714
4.38394
7.59179
4.38409
3.36001
4.51697
6.22446
4.09373
6.99979
0
3.93955
4.38626
5.16206
7.70906
4.38283
2.34237
2.34648
4.38518
6.45059
4.38307
2.91447
4.38338
6.81591
4.7643
2.78785
2.34435
3.86453
2.78484
2.3457
4.38453
2.34229
5.8965
5.49412
5.51621
4.38386
2.34364
2.34305
5.79316
2.34568
2.78428
4.3869
4.09482
3.87404
2.34511
0
4.38354
7.26748
0
0
4.38058
4.38382
3.51628
4.38329
4.38204
1.95132
5.50278
3.22565
4.38447
1.26714
4.38416
2.34647
2.78872
4.42511
4.4218
4.38438
2.34052
4.42196
7.80554
2.83
5.38516
7.00153
5.81592
6.3304
4.3835
4.38467
3.87034
5.69798
0
4.38376
5.71793
5.32524
4.38156
5.86642
2.51799
3.8157
2.52422
4.3868
4.38465
5.15654
4.38003
5.32668
5.86889
4.38443
0
5.88794
3.22997
4.38437
4.41031
4.38618
2.79115
4.38481
7.00465
4.38475
4.38452
7.51196
4.38349
2.78705
1.31989
4.38343
0
4.3841
6.9944
5.5947
2.34504
4.76249
0
4.38476
4.76394
0
0
4.38218
11.038
4.76082
4.38311
4.51642
6.18242
4.41715
0
6.50384
6.22683
2.78008
5.15637
0
6.3533
4.38178
4.38754
3.40395
3.08901
4.47278
5.87009
5.44631
4.97828
4.38477
6.84197
2.83118
2.52321
0
7.4704
3.36439
0
3.80894
3.51237
0
0
2.78425
6.80212
4.3827
0
3.9446
4.38423
4.38532
6.77696
6.43186
4.38609
4.09394
7.0056
3.94941
2.52808
5.87359
4.75593
4.08897
4.38235
0
8.89071
4.76438
7.79664
4.38484
0
4.41885
2.34578
2.34445
1.26825
4.50023
2.79155
4.38577
5.82383
4.38462
3.88501
2.34324
4.38321
4.94114
6.91722
4.38438
0
6.22919
3.45213
3.1708
7.00185
2.78771
3.51835
6.74477
3.88182
2.78283
2.34846
2.78538
2.34126
4.3837
4.73496
7.0057
4.38507
0
2.78405
4.14004
0
5.37421
6.45221
0
4.38317
4.38362
3.86731
5.50517
3.26227
6.99893
3.59664
7.15925
5.89948
4.38527
4.38177
0
2.3627
2.34367
0
1.766
3.01496
0
5.31081
7.05664
4.41099
5.82906
2.35005
4.08031
4.42019
2.78739
6.99745
4.38197
4.76254
3.87187
4.38355
4.38743
4.41777
6.89415
5.4975
2.34019
2.78487
4.76051
6.22592
4.38384
5.15496
6.46053
2.34229
4.3857
4.76403
4.76301
5.5246
1.52126
4.12641
6.3967
3.15335
1.2684
0
4.38429
4.38285
1.27021
4.38256
4.38161
4.38094
4.41971
2.35692
4.38546
4.38368
3.93899
4.38099
4.18783
3.01794
0
0
4.38272
4.38441
2.34291
4.3829
5.23151
6.18311
0
4.38456
2.83752
4.38348
4.38464
6.70298
4.41836
2.34467
7.78623
6.34784
4.09574
4.38566
2.79041
4.38276
5.15562
5.86519
4.38604
0
6.80535
0
2.34072
6.99562
4.38414
5.97753
5.16157
2.78729
4.38436
3.93915
2.34384
5.41083
7.00183
4.3829
4.38628
3.36101
5.50125
4.41612
4.38431
2.34049
5.15799
2.78477
4.38524
3.02467
4.76138
2.62833
2.34404
4.38641
5.82231
5.14849
4.38271
4.38706
4.38416
5.21743
4.38411
1.51701
4.38253
4.38683
4.47216
4.38595
5.78403
6.11731
5.15445
5.91335
2.79115
0
0
2.78732
3.51472
2.34181
5.97964
4.3846
4.3857
2.34314
4.37747
4.41708
2.34625
5.15062
4.47767
7.03036
4.38441
2.78761
2.34319
2.34325
5.36132
7.49318
4.76251
6.22042
4.38593
4.3849
5.15582
3.39437
4.38436
4.08218
4.37727
4.3896
3.39777
2.3446
2.33928
6.40011
2.34454
3.02715
3.3973
4.3832
4.13311
2.34487
6.66787
2.34488
6.39158
4.38411
6.25216
4.92171
2.34457
0
5.15965
4.38211
4.38395
5.15442
0
0
4.3838
5.95461
5.9658
0
5.15642
4.3843
3.28889
4.38185
5.1555
4.38411
6.12153
5.8249
2.4354
3.09539
4.3838
3.93991
4.38095
2.78678
6.22624
4.3842
5.44109
2.51825
3.87518
4.38389
5.16256
2.34484
4.38311
2.43114
2.78254
4.38435
2.3457
4.38299
4.38523
2.52018
4.38461
4.38399
2.34386
4.84714
4.38436
5.32531
7.47973
5.44711
3.87075
2.78938
4.75852
7.00007
4.73888
4.38643
5.80349
7.49682
2.78855
4.41836
3.36397
3.87031
2.78651
4.83378
4.38267
4.38834
6.22867
4.38409
6.35857
3.20788
5.632
4.84573
6.81895
0
3.21093
5.82916
2.78586
3.87371
6.10284
4.38515
4.38455
2.52616
0
7.10754
2.78655
4.13967
2.51672
2.81766
2.79097
2.78502
6.99402
0
4.13427
4.8438
6.225
2.34302
4.38387
4.41983
4.38354
2.78427
6.10682
4.42209
2.34698
4.38242
4.09481
4.17435
6.04348
3.93838
2.34406
4.38675
4.757
0
2.78835
5.01358
4.38422
4.38128
0
4.38231
4.39101
3.82273
3.35959
2.345
1.52005
3.0246
2.34482
3.36194
4.38512
4.38157
4.38406
3.86365
7.01203
2.34483
3.93317
3.21288
4.38304
4.38678
2.78383
4.38611
4.47533
3.51736
4.38733
0
7.79705
2.78475
1.265
7.86652
4.38434
0
4.4196
4.38635
4.38569
3.51951
4.42296
2.34598
2.3417
4.38423
5.86964
0
4.38554
6.22169
1.77167
2.78201
4.3869
2.34648
2.78728
4.73893
0
6.41382
2.52614
4.38432
4.38229
4.38117
2.79006
5.49148
2.43085
4.3853
4.38398
4.75852
2.34258
4.38366
6.45713
0
2.34412
6.94879
4.38743
3.86465
2.78472
4.38175
4.38392
0
2.35822
3.37585
4.38439
4.38534
3.06835
4.09246
2.34228
2.34398
4.38478
8.20529
7.58733
4.38619
5.43963
4.41797
3.89073
3.86678
4.3839
2.78756
7.47755
3.86998
5.31741
4.38305
4.38371
2.34445
5.30984
2.78764
2.78686
2.34332
0
2.34223
4.38382
4.38358
4.38419
4.38576
3.01795
4.38414
5.87094
4.385
6.22615
5.89856
7.60152
2.78979
4.38454
5.95188
5.16848
2.34432
5.9662
8.1867
1.76446
6.92986
4.47683
2.34632
0
5.31024
2.7858
4.76303
1.76202
4.41844
7.00115
2.34343
0
0
2.78657
0
5.15975
0
3.94596
2.34525
2.7852
4.41702
4.38387
4.38415
7.00381
3.01633
5.96351
4.38491
5.15065
4.38316
4.38332
4.83091
3.88211
4.41744
2.34322
6.22518
6.86112
2.34218
3.39789
4.38445
4.38511
5.15278
2.51851
2.35751
4.38479
4.14205
6.00935
6.22576
3.86599
2.52286
6.99521
5.32012
4.30538
3.01504
0
0
4.38636
0
2.50339
5.3232
4.38322
3.73767
4.38583
7.79842
7.00593
2.34042
5.17222
4.38392
3.00898
4.38359
2.34505
4.41839
2.34112
2.34357
5.15628
4.38663
5.97901
2.78838
4.10305
2.78603
4.38191
4.38088
5.00427
0
2.78639
7.79851
6.23245
4.42057
6.24482
4.38584
3.8691
7.98905
7.00214
5.15734
4.38568
6.99418
6.22939
7.03231
5.86854
4.38439
4.47384
2.82441
2.78498
5.36669
0
5.15737
2.3629
4.75794
2.34454
6.08755
2.52458
2.3418
0
5.98738
2.78728
0
3.02028
6.22472
4.76676
1.51523
0
5.15546
4.41916
6.46396
7.71158
3.02294
4.38454
2.52099
0
3.51769
6.21457
3.86919
2.34177
4.92087
4.41775
2.34274
4.38294
4.38348
4.47572
5.83116
2.34087
3.28821
4.75851
5.15576
4.38217
4.38257
2.79007
2.50623
3.51835
6.22025
4.41816
4.38337
4.41774
4.38474
4.83945
0
7.81127
4.38537
2.78698
0
4.41766
4.38392
4.38338
4.41091
2.34502
1.51681
1.76073
4.38382
2.34124
3.94952
5.96717
4.38369
4.3848
4.3862
2.34283
2.78863
2.78482
3.0227
5.97997
2.51788
5.31913
1.51505
4.38318
4.42099
4.38272
5.79543
4.07489
7.36788
4.09659
6.52551
2.78433
4.38375
3.86927
5.97929
4.38548
4.38495
4.385
2.78487
6.40316
4.3832
4.38377
4.41875
7.62247
5.8684
4.3838
1.32114
3.01868
2.34207
4.38041
2.7899
4.38536
2.34444
1.32162
6.98994
2.43659
4.38253
2.3441
4.38369
7.26455
4.41667
5.96158
2.7889
3.40648
4.13158
0
3.3985
0
6.11018
4.38541
7.81233
2.78594
4.38205
1.59264
4.38544
4.38401
1.27042
3.89207
2.34278
4.95125
2.7868
4.38431
4.3832
3.87295
2.34278
4.38715
4.38282
7.00673
6.99575
4.38222
4.4187
4.51632
3.51683
4.7611
4.38305
5.15616
7.18001
5.95815
4.75671
4.76075
6.39125
4.38659
4.76716
3.20799
4.38456
4.79993
5.51557
3.0196
0
6.3512
1.51578
4.38367
4.3855
4.38329
4.38487
4.76019
2.78888
4.38374
3.94643
4.14209
4.64081
6.39316
3.51674
5.90015
5.70313
4.42196
2.78707
2.78571
4.38302
2.75031
4.38401
4.38426
4.98323
4.3842
4.38299
4.38479
4.38401
2.78739
4.38543
6.22708
7.0009
0
5.84228
5.89683
4.38463
7.43693
4.38038
8.03322
4.38407
4.38174
3.21624
2.34591
2.7882
1.76437
4.38464
4.38564
4.38266
4.38293
5.87085
3.51271
0
4.42047
4.42285
4.38368
3.94199
3.95178
4.38371
2.78561
2.34277
4.38245
4.16963
5.02144
4.41952
4.42227
4.50607
4.17654
2.34453
4.76075
2.3445
4.38596
2.7898
0
2.78819
0
4.09544
4.42547
4.38357
4.38513
4.3844
1.52089
4.39072
4.76547
3.51434
4.38511
3.71381
4.38382
1.52181
2.7869
0
2.78872
1.49071
4.38375
5.60293
4.38982
4.73812
2.78667
2.78334
2.34404
2.09386
4.38448
4.38092
2.78351
4.38562
4.37993
4.3837
7.08942
5.7098
2.34362
2.16429
4.38246
6.34121
2.81964
2.34416
3.93263
4.09862
5.87007
4.38342
8.07536
4.3835
3.86867
4.38147
2.83269
4.38466
4.38439
6.49197
3.01554
4.38483
4.38384
0
6.22694
2.78561
2.34398
4.38554
2.34455
3.06236
4.98116
4.09808
4.3866
7.50369
2.34494
4.38397
4.13587
0
4.38412
5.79477
4.42116
4.41636
4.13583
3.01593
4.38493
4.38631
4.38443
3.73572
4.38404
3.94546
6.22891
2.34434
2.78439
4.38353
0
0
4.3845
7.54254
4.38733
2.34349
4.38395
4.38368
4.38317
3.00799
4.38521
4.38072
5.71656
6.99536
5.49879
2.7862
2.34089
5.08455
7.818
0
2.78499
4.38537
7.0628
0
6.45893
3.05824
4.4752
6.79758
2.34374
4.76353
2.34166
5.96045
4.07958
6.31473
3.86481
4.38318
6.32687
2.34564
0
8.5178
4.38313
4.38303
0
2.34507
4.38418
4.38327
0
2.78215
3.89362
5.17082
2.3407
0
2.78451
4.38499
4.38327
0
1.76193
2.78428
4.76197
4.47469
6.98864
4.38757
5.54107
5.15991
4.08365
4.41986
1.76687
7.00125
9.98887
3.2093
4.38522
7.98662
4.3837
4.76767
4.38521
6.24362
4.74192
2.7895
4.96794
4.38352
4.3849
2.7865
4.76053
4.38288
4.41627
2.81658
4.3838
2.34531
2.34465
4.38395
3.48927
5.16023
2.78856
2.7821
7.24377
2.78532
2.34169
3.02483
2.47257
2.50355
2.78345
0
5.15888
2.34591
2.34423
4.42182
4.76167
4.38618
4.38476
4.42035
6.5277
0
6.25684
2.34606
3.8786
0
2.34282
4.38241
8.95822
2.78255
0
4.38628
7.49658
3.86422
2.34432
5.71065
3.39521
4.38685
3.94382
6.99656
2.78631
7.12246
4.38233
0
6.49685
7.75981
2.78609
0
3.51808
2.78784
2.34649
6.46297
3.21005
0
6.94255
2.78539
4.76048
3.37554
2.3404
5.15089
3.36073
4.38322
7.00566
5.006
3.05659
6.98769
2.75555
2.78859
4.41953
0
2.33954
4.38591
4.38851
2.34323
1.26546
7.8485
4.38456
4.38475
4.42059
2.7875
4.38406
4.38242
4.38516
4.38298
4.38424
2.34106
5.92965
8.94237
4.29552
3.83592
4.50704
8.31754
4.81476
3.09597
3.00869
4.74349
4.42081
4.38398
4.38453
6.46059
2.78332
4.38613
4.08899
3.07569
2.80434
2.78664
3.01299
1.51865
2.34263
4.38567
8.65729
0
4.38421
0
2.34592
4.38482
4.38181
0
4.83683
3.00672
6.99405
2.52554
2.34178
1.51473
6.99526
4.38406
3.93818
0
3.93753
4.92743
5.15476
4.38167
4.38411
4.38855
0
4.38334
4.38094
4.38157
3.86816
4.51773
4.38467
5.15269
4.38386
6.22477
4.38072
2.52004
5.17431
4.41792
2.78351
5.78321
5.96139
4.38421
4.47274
0
7.00748
2.34274
2.34524
6.22979
5.15503
3.00914
4.38368
4.37898
4.75571
3.01517
2.34702
4.38129
7.70114
2.34348
5.26177
4.9289
2.34517
4.38478
4.38485
4.75986
5.89948
3.86671
2.34304
4.38302
4.38501
4.88506
5.15882
7.05441
4.84051
4.38514
5.55235
4.39893
4.38334
3.81247
3.22908
4.38175
4.38378
4.38158
1.27128
5.15169
5.90167
1.26879
2.52025
0
4.3834
4.48128
2.78644
2.78326
3.93202
2.94942
2.78619
2.81458
2.34512
2.49795
2.78894
4.38547
0
4.38412
2.34304
3.02636
6.99435
2.34518
4.38352
4.38496
4.383
7.17654
4.38178
4.38339
4.38392
4.3814
4.38513
4.92297
4.42049
7.58872
0
4.38477
4.38344
4.3845
1.99777
4.38245
2.78982
4.38503
2.52151
4.38087
2.34559
4.38319
0
4.38327
5.36488
2.34584
4.38368
2.78572
4.38336
5.82635
4.96744
3.36191
7.46843
2.78592
2.34781
2.34469
4.37956
0
7.48289
2.34418
3.92896
5.83032
4.38178
4.3846
4.09525
2.34497
6.46316
5.63636
2.78394
4.38344
4.38291
4.38406
0
0
3.5988
2.34382
0
3.86922
3.36507
2.51847
4.38412
4.38501
0
2.34293
0
5.51384
4.41684
2.78626
4.38529
4.3851
5.26263
2.34224
5.87213
3.8676
5.78629
1.26372
4.76424
5.66068
1.26497
2.34544
4.38116
6.03916
4.92816
4.38493
5.30789
0
2.78599
5.15551
7.7803
5.154
0
3.86864
4.75868
7.69189
4.38235
6.23559
0
4.38433
2.78585
3.51621
7.00984
2.78848
2.78473
5.78789
3.86765
4.09422
3.86829
5.89626
2.78758
7.00554
0
4.38292
4.38574
4.38255
3.22986
3.0148
4.42322
0
4.38535
4.13536
3.39802
2.78556
9.86197
4.37909
2.34527
2.34537
4.46557
4.38385
3.87377
2.8515
4.38475
2.34514
4.3852
5.15642
4.38236
2.52647
4.38172
2.34545
4.38507
2.34572
6.24984
2.34537
5.15933
4.38302
4.42074
4.38435
4.98427
4.38524
5.00537
4.47605
4.38084
4.38436
7.37942
3.22851
2.34365
4.9884
2.34
5.00826
4.38681
3.94257
1.51961
6.91757
4.38098
2.34411
4.08319
4.38317
7.26762
0
5.87976
5.50496
5.62473
4.41304
4.38512
0
2.34182
2.8082
0
4.38562
2.34339
4.38513
4.41477
6.22838
5.17441
5.18045
4.38237
8.39399
2.7867
3.93889
5.16121
6.43212
7.79251
4.38322
0
0
2.78579
5.16559
2.34612
6.99515
4.38426
4.37863
3.51884
4.38376
2.34332
5.80521
3.37101
4.38403
4.38376
2.78258
4.38372
4.38691
0
7.44327
3.51895
4.38353
4.47277
3.027
4.38412
4.38036
3.93805
6.40775
4.09583
4.38491
4.38241
6.23092
4.38343
4.38532
4.38454
6.18666
4.38594
5.96088
6.99081
0
4.38456
4.09511
0
2.78672
6.23427
4.38985
4.9312
2.34662
6.99481
1.26883
6.24771
6.22332
5.71475
0
0
5.78824
6.31216
6.29018
5.64161
4.38225
6.99901
4.13708
4.38456
5.72183
3.01719
0
2.78373
5.981
4.38727
3.87012
2.34149
2.78676
5.01366
7.98597
2.34396
2.78636
4.76688
1.76544
2.34527
2.34215
6.23021
4.38564
4.38438
7.80785
2.92599
4.18086
3.01977
2.91197
2.78524
4.38413
6.22694
3.86978
7.67029
4.38588
2.34143
6.77284
2.84945
3.39624
6.1883
4.38106
0
3.87489
6.99254
0
4.76185
2.78476
5.31178
2.7874
2.52088
4.3834
7.06246
2.34362
3.86362
4.75945
2.34533
4.38533
4.38425
3.8665
4.98166
3.0167
6.44404
4.47623
0
0
0
5.87198
2.10193
3.93922
4.38408
4.3833
5.86863
2.78881
4.38111
4.37888
3.86981
0
5.03473
4.38163
4.38376
5.16259
7.1659
6.77312
3.86329
4.38346
4.38226
0
3.93642
9.61913
7.47081
3.51608
4.38482
4.41908
4.38227
0
4.37995
4.38449
4.38551
2.34188
3.6025
3.0238
4.38406
2.33978
6.7698
7.26845
4.418
4.38451
4.38743
0
4.42269
0
4.38484
0
5.89637
3.52188
4.38318
2.81378
5.36375
2.34411
0
4.38549
4.38367
4.38192
2.78723
3.01255
4.38635
5.89426
4.41511
4.38228
4.38307
8.02981
4.09447
0
0
4.46974
4.7614
0
4.38175
6.22783
2.34265
1.99391
4.38322
6.46082
2.92391
4.38378
2.34505
0
0
4.38077
4.4236
5.79854
0
6.09912
5.49349
2.51868
6.26523
2.52152
0
4.38523
4.38435
7.57165
1.49989
6.53483
2.34545
4.38801
4.38612
4.38673
4.51096
4.38363
2.9155
6.35487
2.34636
2.78753
5.90765
3.39752
0
4.38261
0
0
4.42098
6.73766
4.42272
0
4.38358
4.38559
2.34489
8.42564
3.01886
3.01581
1.32358
2.7868
8.52283
2.78644
6.99798
4.38335
2.78455
4.38404
5.96089
4.38538
6.18156
3.8665
2.34082
6.33492
0
1.50272
4.38276
7.45009
2.78749
7.80053
4.38401
3.37628
4.84283
4.38394
7.60847
4.38328
4.38364
2.78661
7.69768
2.78374
2.34385
4.23564
4.37959
4.38451
6.39056
4.08079
4.38621
5.79817
5.82508
4.38427
4.38477
3.22531
4.38432
4.38495
4.38712
7.00257
2.78693
0
3.01944
3.40547
2.78531
4.38205
2.3452
2.81453
4.53152
4.38364
0
0
3.01504
4.37885
6.24088
4.3816
6.10895
7.47774
9.28866
2.34409
4.38389
2.52226
3.91088
4.98246
3.39337
4.38483
6.05751
6.22475
4.38512
4.38361
4.38425
5.8652
2.34396
2.34368
2.78719
4.09059
4.75766
0
0
1.27016
4.38475
4.38129
2.34668
2.34477
4.38282
0
3.23152
3.90183
7.83541
4.14211
4.3839
2.52131
2.78844
3.02938
6.10914
5.97549
4.38461
5.15918
0
2.7855
4.38513
4.38341
6.99362
2.91032
4.3824
2.78673
3.0211
2.34183
2.7885
2.79149
4.09497
2.34347
4.38214
4.38331
6.23212
4.38389
3.5121
4.38657
4.38301
4.72651
4.41787
6.22226
4.38288
4.38395
2.78767
0
2.78776
6.46817
0
4.38236
4.93427
3.51327
3.36223
6.23656
2.78721
2.34497
4.38475
6.22513
4.46708
5.80429
4.38298
4.41746
5.86556
2.3429
3.86616
0
4.38552
4.38333
4.38464
4.38212
2.85927
5.70778
0
7.00807
2.34765
2.34029
5.43995
4.38026
7.78918
5.96221
4.38185
4.38332
4.3852
2.78688
0
4.50965
8.33272
4.38133
6.35658
2.78444
2.7873
4.38363
2.78302
5.89749
0
3.86157
2.78539
3.51941
0
2.78526
4.38584
4.38499
4.38675
6.99602
0.894741
5.8898
7.0149
4.38467
4.38156
5.15871
0
6.22698
2.78922
4.38412
4.7619
4.38231
2.81204
4.73781
4.3858
6.9948
3.01598
4.38377
4.38406
4.41621
0
0
2.34359
4.38342
4.76047
4.38569
2.78423
6.99691
2.78713
2.78601
4.41793
4.13009
4.38672
4.3799
2.34601
2.78152
2.78567
4.38272
2.34218
4.38304
0
4.42271
4.38007
4.38496
2.34332
4.75879
4.38201
2.43571
4.38568
4.38254
6.41499
3.40108
6.22742
4.985
5.81685
4.3864
5.96114
1.51838
5.17839
5.88522
4.38231
4.38223
2.34106
6.46112
4.38198
2.78881
7.44235
0
5.15722
2.34324
4.38394
4.50565
0
4.42738
4.38188
2.34605
4.38275
5.70399
2.78751
4.38879
4.38487
4.07772
5.149
4.42556
4.38484
4.508
4.38639
1.2644
5.8714
4.38287
3.29178
7.04165
4.42306
2.78993
0
4.38442
4.38426
4.3858
6.99454
0
2.34648
2.34516
3.36577
0
7.47376
4.3811
4.3854
3.80495
4.38371
5.15789
7.00189
2.7863
2.34321
5.38622
4.38216
4.38392
4.38558
7.25871
4.38176
7.004
3.93856
3.36254
4.38337
7.47023
4.38312
2.34718
4.41883
4.38047
4.42088
4.47428
3.87701
2.5225
4.13551
4.3836
5.48463
2.33831
2.34457
4.38391
7.44756
4.38677
6.22102
4.3851
0
4.3883
4.41852
6.22625
4.38446
3.51654
3.20161
2.78699
4.41606
2.79208
4.38412
4.38387
6.22394
3.92374
2.34077
4.51927
1.59753
7.99802
6.99273
4.38289
4.76163
5.70165
4.38398
4.38408
4.37994
5.16062
4.41242
2.34091
4.38514
4.38287
4.38465
4.7597
3.3645
4.38105
0
0
4.76337
4.38627
4.09563
3.59285
0
2.7892
3.22292
5.15783
4.83192
4.38505
4.76084
2.96824
2.34568
2.33963
5.15656
6.22816
4.38245
4.37759
5.15721
5.15773
0
3.01461
4.38579
3.36194
6.45213
2.34433
4.76119
2.34306
4.38332
4.52186
0
4.73588
4.38498
4.38331
6.99793
2.7853
4.38269
4.38495
6.18314
5.97206
0
4.82939
2.34297
4.3838
3.05666
5.17311
0
4.38485
2.34544
4.38081
0
3.86853
4.38461
6.33521
4.83374
4.38143
4.51894
4.38403
4.38452
6.22566
4.3853
2.78529
0
5.50439
4.59405
4.49877
3.06934
4.3842
4.38439
5.72486
6.39655
4.38365
4.3842
2.78951
4.42156
4.38233
7.47298
4.47177
4.38383
5.98515
5.87111
6.46711
3.2598
7.70572
2.79178
4.38388
7.49938
0
3.0118
3.87651
3.81354
4.38334
5.91259
4.38171
4.38642
4.38318
4.38283
4.38333
5.0113
8.72814
6.23003
3.94656
7.81627
4.08394
5.38244
4.38506
4.38198
4.38392
2.75463
3.89441
5.70439
4.38349
0
4.41785
5.98173
2.79051
4.38454
5.02708
4.38325
0
4.45629
2.52178
4.93001
2.78828
6.22551
2.34176
5.3239
2.34345
4.38555
4.76278
4.38749
2.78689
5.8725
4.93952
4.38451
4.48188
3.23077
4.38495
5.18077
4.42063
7.47357
2.74817
2.34364
4.38331
5.95716
3.16186
4.3875
3.99679
2.78553
0
4.38341
0
4.13538
4.38305
4.38049
7.46478
0
4.3824
4.68484
4.38662
4.29875
1.3209
4.3846
4.38281
4.38468
2.34784
4.38566
2.78781
4.76201
2.34396
2.78933
2.47316
3.09143
2.34253
4.38375
0
4.13311
4.38278
6.11022
3.48923
0
4.42141
2.81377
5.59206
4.38104
6.50876
4.84271
0
2.34363
1.32084
2.34445
4.38357
7.25835
7.00079
0
7.53458
2.33949
0
4.38115
4.38566
4.38353
4.38606
0
7.76279
4.38485
2.34805
6.32605
4.38543
4.38289
4.09538
2.3456
4.38559
2.78494
2.79187
4.38338
0
6.99513
6.22697
6.22907
7.0009
5.17166
4.38422
3.86592
6.22588
3.5152
4.41881
5.16081
4.13012
4.38319
4.38575
5.82777
4.38282
4.38189
5.45607
0
2.95109
5.1575
4.38362
4.38263
6.39055
3.9369
8.60805
2.34376
4.3819
5.96339
5.16184
4.38225
2.34209
4.47707
2.52005
4.38363
4.37835
2.5231
2.50361
4.96936
3.39835
4.38392
2.34219
1.32273
4.38239
4.38568
2.78552
4.83385
2.3445
4.3839
2.34407
2.34232
4.38406
0
2.34561
1.32063
1.51756
4.38448
2.34571
3.26712
5.15325
2.78427
4.3843
6.22475
6.41002
6.02929
3.73852
4.38408
4.76268
3.02307
4.38314
4.37846
4.38134
2.62524
5.54737
5.98127
2.78376
4.38585
2.78611
4.37937
7.58774
2.7858
4.38153
2.34486
3.91183
7.79624
7.27471
4.38472
6.52632
4.38362
4.41938
1.27021
4.48984
2.34447
4.38271
4.76366
4.38332
4.38459
2.52312
4.38473
4.75779
5.59579
0
2.34523
5.97914
2.78809
4.93111
4.38349
5.16469
6.46535
4.4194
4.38397
6.99593
5.43572
0
4.38594
2.34099
5.86944
2.78812
0
4.38661
4.41875
6.22765
2.78719
2.3438
7.26194
6.40211
5.16462
4.29447
5.89617
4.41713
2.51754
2.78914
4.94523
4.37885
8.63294
4.38362
4.38258
0
2.34356
7.17848
4.38393
4.41836
4.38493
4.76199
6.22973
2.7886
5.95948
4.38492
6.46091
5.43183
6.98904
4.38506
1.31723
3.26093
2.78868
4.09548
4.38405
7.00027
4.41918
4.42307
3.0189
3.9078
2.34249
2.34639
0
4.38593
4.38298
7.27177
3.02162
4.42084
8.6167
4.68812
2.34301
4.38578
4.38394
5.59485
3.09119
2.34806
4.38396
4.38428
6.11021
2.8259
5.86788
6.53987
4.41892
0
4.75835
5.48352
7.00306
3.51607
6.25983
5.61097
4.38321
6.22875
4.17998
4.38359
4.38404
2.78591
2.78385
5.79745
4.38159
1.31835
4.38637
5.50421
4.3847
5.07263
2.35886
2.84151
6.23011
0
4.3836
4.38225
3.40827
4.75901
2.34294
4.38398
6.23198
3.60408
3.49175
8.28457
4.38471
6.22465
5.986
0
2.78188
2.34487
3.88456
5.15998
5.71873
1.4961
2.52466
4.38159
0
4.38142
4.4174
4.38451
4.38317
4.38553
5.15621
2.34341
5.97218
2.78545
0
2.34526
4.09144
5.3707
4.38343
3.51722
4.13424
7.00261
4.38345
4.38392
4.4229
6.99491
2.7846
4.38232
4.38453
4.41965
4.38292
6.03001
7.49937
4.73857
4.83585
5.94259
3.95044
2.36343
4.75897
4.38139
1.16626
4.7595
4.7611
2.78273
5.15967
3.39581
5.0068
4.38436
2.78699
4.38207
4.83323
7.19536
4.3837
2.34589
4.68384
2.78768
2.78755
4.76129
5.55403
2.3541
0
3.018
4.38182
4.38298
7.44785
3.87449
0
2.78646
0
4.38124
3.91904
4.38345
1.50166
4.38414
1.26982
4.38684
2.78638
3.86477
6.77905
4.38631
6.36323
4.38398
4.38364
3.87303
3.0217
4.38475
4.38522
4.38347
3.39849
4.38558
0
4.38349
3.48504
3.93805
2.09831
4.38225
4.38921
4.38551
4.38532
5.9344
4.38335
7.71664
1.51646
4.52778
2.34595
2.78563
4.67863
4.38284
3.26381
2.91635
4.38092
5.50495
2.34624
5.15668
6.46519
4.38054
4.3866
6.22397
3.8639
4.38092
2.00029
6.22559
6.45471
2.34582
4.42029
4.38097
0
4.46726
5.86742
2.78643
1.26856
2.78996
3.91489
3.40267
3.59818
4.38213
5.86697
2.34123
6.73369
2.78847
2.85929
2.52043
2.34054
1.76346
8.52955
3.96053
5.97804
4.38417
3.02298
7.00211
2.34363
5.90423
5.43859
4.38319
6.44284
5.92865
4.38384
1.76067
4.38393
4.38379
1.51951
7.79203
2.34445
4.38322
4.38336
4.38726
4.38544
4.38422
4.38304
4.38163
5.31293
2.34412
4.38319
4.42013
2.34182
4.38278
4.38448
6.22918
4.74234
7.17658
4.38465
2.78706
4.38791
7.79215
4.38251
2.52079
4.92612
4.38475
2.47307
3.89322
4.33704
3.44846
4.382
3.88804
4.3804
4.38153
3.87122
2.34428
2.34465
4.38222
4.38285
2.34586
8.04465
7.0052
6.22104
2.34335
8.5336
2.34472
3.02049
4.38245
4.38642
2.78728
3.87107
0
4.41593
4.38315
2.34533
6.23285
2.34858
7.24065
4.38732
6.72405
5.49846
4.3861
3.1081
4.38284
4.09243
3.37142
6.45081
4.12458
2.34113
2.7875
2.5228
8.61121
4.38425
4.3796
2.78342
2.78374
2.78588
7.79046
4.38321
4.38325
0
3.01177
4.37946
6.11602
4.76077
6.2788
4.38165
4.38088
4.3847
6.23182
3.87183
2.78412
6.45653
5.36716
1.26661
4.38384
6.2276
4.41965
3.87501
6.22811
4.38341
2.78566
0
7.00656
5.31751
4.38467
3.01848
2.49282
3.51907
4.38302
4.38307
4.38594
3.02242
4.38348
2.52292
3.36353
2.00266
5.15849
2.34514
2.78556
4.382
6.2235
0
3.87169
4.38577
5.70943
0
4.3833
8.02067
3.87209
7.05272
6.22399
0
4.38788
4.38419
4.3826
6.2289
4.38585
3.88503
4.38297
3.02206
4.38316
2.34228
4.38391
5.81589
5.70318
2.34527
2.34311
2.34417
0
4.38435
4.38422
2.50219
3.94442
4.38454
4.38133
3.8728
2.34467
4.38348
4.42303
5.86678
4.38646
3.51806
4.38327
2.34686
3.86808
4.93112
5.0125
4.38159
0
2.7913
6.45344
4.07586
4.38544
4.42079
6.74394
4.38306
0
4.38551
3.51521
3.74215
5.00572
0
0
4.38423
3.01514
2.78871
3.51798
4.38353
4.38875
5.95997
4.4183
4.38346
4.42135
1.76382
4.08203
4.38233
4.38458
2.34387
8.90028
4.83575
2.78978
2.78763
2.34409
4.38317
2.51949
5.95013
4.41949
3.36225
4.38358
4.38414
4.76183
4.46536
2.34412
6.22763
7.98979
4.3843
1.51886
7.40052
0
5.15375
2.34441
7.47166
4.47221
2.20669
4.09207
5.53925
4.13326
6.33711
2.34208
0
0
3.86573
4.76458
2.82251
6.49508
6.50883
4.41255
5.7892
4.38409
4.41616
3.51947
4.41578
2.78419
3.86916
0
3.94632
4.38389
4.38497
4.38098
4.38737
0
8.6905
4.38365
0
2.78571
3.02753
0
4.41969
4.38411
6.23122
4.76263
4.93801
6.99783
2.34326
2.78879
4.38417
4.3793
2.34205
4.09206
4.38174
1.51759
2.34678
3.51699
4.38498
3.93344
2.34473
5.71001
4.12703
4.49106
1.26595
4.38441
6.99872
4.38376
0
4.38433
0
4.38404
4.38082
2.34157
2.34119
0
0
4.38257
5.51742
3.51681
5.01725
4.38421
7.80177
2.78624
3.87224
4.46712
8.08383
2.78548
4.38227
1.26706
0
6.46412
3.863
6.95511
5.86347
2.33909
2.52662
2.34059
5.364
1.26755
4.38255
4.38398
0
3.44648
4.97799
4.0848
4.3843
2.34308
4.41817
4.3823
2.52488
2.78394
4.384
4.383
4.38408
7.81053
4.38407
2.51934
2.34465
4.76342
2.78563
6.34748
4.38128
4.38353
0
4.13551
4.38462
2.34544
4.38437
4.3838
4.38637
4.38348
4.38362
2.34509
4.38496
2.34568
4.38368
4.38283
2.34257
2.3455
4.3842
1.26751
2.34391
1.76589
0
4.38337
5.86902
4.38337
4.3836
2.09153
4.75929
2.34287
7.44697
2.34419
4.38517
2.34606
6.22749
3.374
3.00951
0
2.78454
4.38218
0
6.39398
4.3855
4.42025
4.41727
2.34128
4.38497
4.38492
0
4.07726
2.78447
4.38611
4.38278
3.09215
0
4.38445
2.78645
5.1513
5.889
4.3825
7.26087
0
7.89571
7.00845
0
4.38761
3.22793
2.78844
6.23181
5.87322
4.09564
5.27044
6.23042
4.38136
4.38277
5.49479
7.79333
2.34302
4.38538
4.38513
4.38451
7.24604
4.75931
2.95056
4.38696
4.3856
4.47644
1.76215
1.26637
6.33619
2.34127
4.93619
6.54285
2.519
2.7867
2.52097
4.38409
4.38345
7.96505
0
4.84318
4.80691
2.78857
2.36204
4.52399
0
4.38444
4.38333
4.38211
4.72901
3.73529
5.8645
2.82461
0
6.33715
4.38514
0
3.36277
2.34327
4.38717
3.94231
6.77938
4.38391
2.3451
4.38524
4.38656
7.00393
2.34821
4.38536
1.31974
4.38452
2.4867
4.41622
6.58897
4.9408
3.93309
3.86754
2.3439
4.42012
2.78715
2.78185
4.80429
4.38485
4.68532
0
4.42348
4.38367
2.49609
4.41799
4.38317
4.92702
0
3.65535
6.99451
4.38454
4.38425
4.38529
4.38711
6.48596
4.38397
3.37008
2.34672
5.15993
2.52633
4.38467
2.34225
0
5.97786
4.38402
4.38533
4.38673
6.33109
4.38374
2.34
4.38711
4.37958
4.38427
4.38191
4.38311
14.3707
3.8794
4.38385
6.4027
2.78664
2.34176
2.79093
4.38265
2.34377
4.38329
5.90645
0
4.3859
6.44029
0
4.38194
4.38435
7.07866
4.38552
4.38412
4.38467
4.304
4.38316
0
2.62826
4.38337
4.09471
3.02275
0
4.10117
3.81192
2.33866
7.5033
7.16553
4.38447
9.63422
2.34457
4.38512
7.79721
5.15809
3.86556
4.12696
3.9445
4.38344
4.38209
4.38482
4.38847
3.87095
0
2.34227
4.38638
4.38173
4.38372
4.38667
4.38217
5.21067
2.34376
6.3418
2.34233
2.34296
6.83375
6.25628
5.36967
1.51735
1.49796
7.25718
6.46834
4.41981
4.38614
2.78616
5.15519
4.38353
2.52447
4.38634
3.86944
4.38526
6.39636
3.94195
0
2.34162
7.69856
4.38655
2.34646
4.38198
4.38418
3.49714
3.02175
5.31388
4.42226
4.41618
4.38487
5.01418
3.01621
4.38391
4.0886
4.385
0
7.72607
2.34553
4.37967
4.38276
4.75783
2.7898
2.78761
2.51592
3.87425
4.38412
3.02109
4.38372
4.08602
0
8.01314
0
5.00262
4.41851
4.38323
2.5248
4.38488
4.84525
4.38372
6.70042
4.42214
4.38534
8.56149
4.41576
4.38443
0
2.78913
5.46937
4.382
3.27481
2.52587
5.87744
4.42043
0
4.38345
2.34177
0
5.64358
2.34205
2.78882
4.38248
4.42065
0
2.34908
4.42337
4.38255
4.41722
7.76549
2.339
4.38585
3.86332
3.02006
2.34504
3.51409
4.73799
0
4.38309
2.8171
4.38313
4.76459
6.99255
4.51384
3.39284
4.01151
6.18477
6.26538
6.52868
4.41847
4.62499
3.99655
4.38338
7.46769
4.38619
0
5.81758
4.38229
4.38071
7.00134
2.78168
4.38447
4.38391
2.78359
2.83298
4.38543
4.41379
4.38326
4.84159
4.38585
4.38478
4.47532
4.09473
0
4.38387
4.38355
3.52034
0
4.3828
4.39095
4.38388
5.83263
0
0
2.34218
2.52098
7.47048
2.34585
4.38481
2.84714
7.44274
1.51972
7.00064
6.24563
5.16257
3.86874
5.15781
5.97414
3.0162
4.38226
3.94736
0
4.38458
2.34334
3.01652
6.82246
4.41787
0
0
4.4216
4.38452
0
4.38629
4.38366
2.5162
6.48592
4.38289
3.21007
4.3865
4.08524
3.73684
3.52021
6.99947
4.38274
4.09764
7.01508
2.3472
5.15683
4.4149
4.38584
4.98543
3.22664
3.99837
3.51714
5.66749
2.78762
4.38416
7.78714
5.22419
4.38611
0
4.38223
4.38344
2.34479
6.22744
5.9783
4.38376
2.78859
4.38482
8.70691
4.38559
4.38833
4.38346
4.3838
5.14942
8.10993
2.78425
2.34077
7.05269
2.34372
4.38227
2.78897
6.02933
7.79269
8.0521
7.76743
2.3411
2.33814
0
4.38327
4.38274
5.25657
0
4.41743
4.41602
0
4.38433
5.97955
2.78999
2.3456
2.78573
3.0209
4.66952
0
4.38333
4.38388
6.69258
4.38371
2.34304
4.38552
4.38402
2.34
3.93046
4.38399
4.38265
2.78604
4.41793
5.15263
4.38396
4.38406
4.38437
2.78682
1.51664
2.34193
2.33833
4.38197
4.38035
6.40628
2.34274
4.38432
2.78741
4.3874
2.46205
2.34218
4.7622
4.38008
0
2.78623
5.18629
4.76015
4.41909
6.22396
2.34578
2.7842
4.38271
6.53109
5.70855
5.54114
5.17208
4.41312
5.16426
2.78731
1.32303
2.34252
5.70394
4.38355
4.38754
2.34594
2.78552
4.38413
7.25044
5.16025
3.08916
3.45713
4.3824
4.38348
2.3448
5.15982
2.78682
4.09202
0
3.09152
2.78872
0
4.38626
4.38359
4.38361
2.34113
4.38435
4.38405
4.38437
4.47489
0
7.86252
4.07878
4.38417
4.38364
7.25658
4.38819
3.87368
5.18381
6.4538
4.38452
4.38762
3.86737
4.38415
3.26894
4.38371
2.78948
2.34633
2.84644
4.69002
8.30186
3.11907
2.79186
5.17517
7.00193
2.78592
4.84919
4.38204
7.79465
2.78856
5.5028
4.76019
4.38213
4.09191
6.99621
1.76089
7.53954
4.38337
1.76546
7.05295
4.75822
3.35966
4.38192
2.00406
2.78093
4.38791
4.38181
4.38372
4.38324
2.34367
4.41983
4.07984
4.38378
2.78449
4.38335
1.27026
2.3419
5.01156
3.51874
4.87691
2.34221
6.94362
5.71984
7.69952
4.94244
4.38356
4.38775
4.3849
5.15863
4.3841
2.78385
5.1522
4.38445
4.41689
5.15059
4.38524
4.38583
4.3831
4.38295
5.90377
5.9763
4.75605
4.3849
4.38716
4.38499
2.3402
2.78917
2.34037
4.75594
1.26458
4.41825
4.08017
0
3.8692
4.38515
6.45715
6.22748
3.35883
4.38423
4.38239
4.37804
4.38549
4.38515
2.78677
5.16918
4.38394
3.86885
4.38216
3.94208
4.41814
4.38367
5.97579
5.25076
2.52476
4.38484
4.39231
4.09635
4.38898
4.38565
4.41983
2.78604
5.36245
7.29757
2.7853
3.51536
3.39976
2.78371
4.38146
4.38454
4.38481
4.38598
4.38503
0
6.34023
2.34338
5.49635
3.87472
3.93702
2.78825
5.01208
4.41541
4.38684
3.86475
4.38668
2.34404
3.86382
4.73517
0
2.78767
2.78542
6.22643
7.77073
0
2.33968
5.95981
4.38354
3.02164
4.98284
4.76353
0
2.52084
4.38507
6.46074
1.32297
0
2.80644
4.38583
4.38541
4.76005
3.48867
3.01886
4.13486
5.31974
7.80411
4.42155
2.7894
4.38426
2.34131
2.52058
2.34232
2.75602
7.06637
4.38362
6.99758
6.55218
9.69022
4.38426
2.34431
4.38413
4.3803
2.78582
2.34435
6.22669
6.99777
4.38132
5.15893
2.34562
0
0
4.38456
4.41704
2.43488
0.444648
1.51425
4.38289
4.38389
4.00483
2.9121
3.87512
2.80307
4.73257
3.86881
0
4.41931
4.3832
3.01297
1.76685
4.38431
7.43958
2.35803
6.55274
2.78698
6.33485
3.94829
4.42002
2.34332
4.1445
4.3842
5.15594
2.78795
4.49568
4.38101
6.11608
0
3.39817
5.64431
3.90412
4.72582
2.92588
4.41868
0
7.98752
4.3819
4.92481
0
2.5211
4.38424
4.38508
4.38068
5.86481
4.38495
4.38176
7.80119
3.94108
4.38509
4.38133
5.59532
2.78717
0
5.40211
5.15502
2.52033
4.38286
3.22777
4.7336
2.7872
4.38576
2.34009
5.01054
2.34426
4.80611
2.344
4.4219
4.38453
2.34834
2.78523
4.38495
3.93384
4.38559
2.16491
4.3868
2.34281
5.15975
4.41865
5.48249
4.38428
4.38543
3.87442
4.38332
2.34337
2.52257
2.34428
2.78365
1.76369
5.15119
1.5173
3.27164
4.38456
2.78687
4.38484
4.3837
2.34351
5.32945
5.58855
2.78326
5.50346
4.41946
4.38685
5.95331
6.46061
4.38731
4.38369
0
4.38401
4.38294
4.38477
4.38248
2.34314
4.38322
0
2.34389
5.82775
3.73893
4.38226
4.3856
3.21128
2.78672
3.87701
4.38456
4.38557
4.38406
6.99931
2.34627
4.42101
2.78927
0
0
2.34369
2.78811
0
4.38618
6.17527
2.78892
4.19336
5.90384
3.16426
7.19013
2.35757
2.34363
5.88954
5.3694
5.2605
2.3392
7.00121
2.34156
5.51846
4.38274
4.38488
4.3836
6.79882
6.22851
2.09115
2.34295
5.31617
3.08584
2.78331
4.38569
5.47624
3.87023
3.55416
4.38309
4.38582
6.23204
4.38599
4.38398
4.38435
5.78856
3.26146
6.22669
3.87041
4.2405
7.00357
6.4991
4.38209
4.38458
5.15548
4.38465
0
5.32774
4.38399
4.38707
2.25699
7.87411
4.38491
2.52702
5.32045
4.3853
4.38448
4.47806
3.87229
6.6127
4.38469
1.32101
2.78284
2.34378
2.7855
5.21238
4.24273
3.36183
4.73723
4.38546
2.52282
4.38487
2.34332
0
4.3853
4.48551
4.38366
1.51973
4.38964
4.38397
4.38799
6.22811
4.38468
4.38431
0
4.38433
2.3378
2.34427
6.46345
4.38215
8.30532
4.38213
5.869
4.38773
4.38233
5.81781
4.137
4.42376
3.0216
4.42247
2.78333
7.44091
2.78527
4.38333
5.80664
2.78367
2.20935
5.71877
4.38588
4.38511
4.38288
3.40034
3.36388
6.5251
6.4585
4.38445
3.22709
3.51579
2.3447
6.82952
4.76582
7.00867
3.93501
5.9006
4.38344
4.09527
2.34293
4.38402
4.38339
4.75895
0
4.38511
4.52283
2.34373
2.79015
4.38171
0
6.99062
2.5187
4.76276
2.78743
2.34669
0
2.78993
2.50707
4.38322
7.65989
2.3464
4.38098
2.78462
4.13051
3.87123
2.83016
4.76235
2.34463
4.38396
6.22646
2.34537
0
4.38639
2.84759
4.38106
3.86826
4.41923
4.3857
0
4.38277
4.38411
5.80073
7.16384
4.38262
2.78738
4.38383
2.34576
4.38434
3.86578
4.38259
4.38546
2.7815
2.34476
4.41944
4.38173
2.78792
2.78658
4.38644
2.34201
5.16027
3.39346
3.51942
3.48971
5.53379
0
5.97045
5.86572
6.53103
2.34621
5.46121
3.94202
4.38501
4.4179
6.67605
4.38302
5.15946
2.34293
4.83213
0
4.42062
2.34175
2.34141
7.78489
0
6.22613
5.78719
6.71941
5.97881
6.10774
3.87294
2.34348
6.11309
5.17299
4.38422
5.16033
5.93264
3.87174
4.38312
0
4.75785
4.3838
4.91819
2.52523
6.59224
5.87145
4.07362
7.99237
4.386
4.38412
4.38477
2.78777
4.38255
4.38335
3.87892
0
2.34565
0
7.00228
2.83344
0
2.34278
2.34149
6.3964
7.01303
4.38239
0
2.78576
4.38535
2.34545
4.38448
4.75699
7.00089
6.77803
5.15602
4.12601
1.76301
6.38918
4.37887
3.9289
6.52283
5.15458
3.01879
0
4.38339
4.38424
2.34296
4.38462
4.38138
5.31885
2.34463
4.38284
4.75966
3.8833
4.38389
2.78784
3.01446
0
0
2.00131
6.99809
4.37908
4.38176
4.3839
2.34274
4.38576
4.41491
4.3816
2.78657
4.3833
1.76775
2.78981
3.51376
7.45736
4.38391
0
5.86874
3.93947
5.5805
4.38352
7.00146
4.3841
5.40273
2.52127
6.39244
2.78815
4.38245
2.78985
1.32633
4.38326
2.34532
4.38406
4.38113
2.52031
6.36902
6.77208
1.98785
4.38272
3.94197
2.52825
2.43403
4.83412
0
4.41979
8.54744
4.38405
0
5.22363
3.98562
0
3.51895
4.38359
4.38016
2.34045
3.02321
5.0237
3.02106
2.78797
5.15625
4.38364
4.73335
5.27225
5.02013
3.22834
2.5152
2.34023
2.52304
2.34194
2.78645
5.42418
4.3846
2.34257
7.47192
7.48141
4.38579
2.78327
2.34585
4.3863
5.986
7.79978
2.78831
3.87184
6.22758
5.01115
2.34364
2.78983
5.9663
2.78549
4.38423
0
4.42633
2.78284
0
4.49736
3.20657
3.37536
3.36127
3.36179
5.98361
7.0043
2.34811
6.9977
2.5175
3.9482
6.24357
6.23115
1.76681
2.34062
4.23601
4.38499
4.38333
2.78558
3.83295
4.00017
0
2.78678
2.34572
5.98408
6.22695
0
4.38391
2.78647
5.96842
0
3.87014
5.20676
0
5.33067
4.38232
4.38344
4.76239
2.52273
6.96975
4.38318
2.342
0
5.15629
2.34535
4.42074
2.78837
3.0154
0
4.42012
3.86968
0
6.46554
7.49412
4.38528
3.40411
2.09351
0
4.38275
2.78754
6.45615
4.42231
2.78843
2.52476
3.38239
4.38546
2.78544
2.78177
4.38492
7.43763
8.67781
4.38261
2.78457
5.31157
4.38542
4.38314
7.71205
4.38498
4.38401
4.08704
6.22714
3.51514
4.38197
2.34448
7.00366
4.386
4.08028
5.70808
4.3852
3.51611
2.34592
4.09247
4.38579
8.04636
4.88037
2.78558
5.92427
0
6.92194
4.38387
2.79125
7.4386
4.38367
2.79025
4.08126
4.38644
2.78379
2.34102
2.78359
6.11861
5.37013
8.08199
4.48973
5.71951
8.12771
0
4.38483
4.38698
3.8675
2.34256
2.34365
2.7856
2.52004
5.15909
3.35952
7.04852
4.42017
7.2794
2.78759
2.34549
4.75733
4.38542
6.42358
1.51948
2.35558
7.2484
6.2543
1.26979
4.97212
3.88008
0
0
2.78357
4.38413
8.69052
4.383
4.38421
4.38345
4.68152
4.42138
2.34311
4.14376
4.38509
4.38435
5.49974
5.97615
3.93422
4.38379
4.3821
4.38412
2.78665
5.4899
1.7669
5.16378
2.78629
5.15476
4.38361
5.86539
4.38272
4.38472
4.38414
4.38909
2.3421
6.04358
6.22656
4.84272
2.35869
3.21873
5.86568
5.37814
4.38407
4.38406
4.41804
4.3856
4.92906
2.78369
0
2.78586
5.87307
5.86779
4.38323
1.76609
4.38356
5.8244
4.76191
2.34479
2.62311
4.3844
5.97488
4.3816
5.26514
5.15406
2.34405
0
4.38365
4.38366
2.34488
5.91418
2.50217
4.41644
4.41879
4.12628
3.87554
2.78637
2.78235
2.34686
6.81829
5.8711
4.76736
4.38109
4.07541
5.15741
2.78783
7.00128
6.99931
4.38409
4.38517
4.38056
2.34397
2.7888
9.63098
5.31784
0
1.76307
4.38803
2.79185
4.38198
4.38252
4.89185
7.26
4.38841
0
4.92867
2.34151
4.38529
0
4.38344
5.92547
8.0574
4.38284
2.78931
4.38281
4.38201
1.17435
3.86826
0
4.41263
2.34451
5.59859
6.2243
2.78902
4.75916
2.7897
8.96188
4.38208
5.87144
4.3847
4.38521
4.38413
6.99706
3.52062
3.86624
5.15171
5.32952
6.98202
3.86551
2.78363
2.85546
7.70913
4.38519
2.78485
4.75476
5.87077
3.02482
2.34256
6.24288
5.89873
0
6.18412
4.38558
4.38661
4.3834
0
4.3863
6.22499
4.38664
4.41888
6.22663
4.38303
4.38395
4.46436
1.76643
4.38345
6.04704
2.34434
4.38338
0
2.78903
4.07762
5.551
4.38558
1.51506
6.23973
4.38496
1.76513
6.05082
7.81115
2.34082
3.94171
0
2.79028
5.89665
3.7415
0
3.86642
4.38886
1.60422
2.78514
4.38284
4.38264
4.41712
4.38307
7.70442
2.78422
4.75995
6.98664
2.788
6.99455
2.78383
2.3413
3.15358
2.34467
5.38206
4.38321
4.38229
3.74297
2.7849
4.93122
0
0
4.42113
4.76382
3.39319
5.98935
2.7854
2.79072
7.47839
2.34399
2.34323
4.38388
4.38311
7.79431
0
7.68381
4.38424
4.10085
1.5183
0
5.36097
3.8678
2.34377
4.52735
4.38453
4.38469
4.41212
6.99716
7.5868
2.34004
4.38414
2.78697
5.31029
1.26883
4.38475
4.38629
4.38247
2.3446
4.3864
4.38744
4.38105
2.52232
4.40057
2.34002
8.63172
2.78563
2.33927
2.52398
0
1.32039
4.1341
4.38111
4.38337
3.91803
1.76786
2.3414
4.38177
5.15231
0
4.38172
4.4169
4.38912
5.15279
4.25754
7.75927
4.38306
2.78323
9.70239
4.38275
4.38103
3.35968
2.78601
5.1583
5.96078
7.38845
2.34257
4.47885
0
2.34536
2.34315
6.24798
3.16554
6.99135
0
3.51499
6.45555
3.36306
4.38632
4.38398
4.42219
4.41962
8.09167
6.2262
2.78469
4.38547
2.34441
4.15712
0
4.38444
4.41861
2.34106
5.16121
8.55374
4.38849
4.38492
6.0594
6.52534
4.38168
2.3407
2.78631
0
5.15033
2.34501
6.10418
7.01267
4.38427
4.41652
3.07206
3.93024
4.47767
6.99458
2.78688
4.38389
4.38367
4.38635
1.76533
4.38504
3.39995
2.34501
4.38895
4.18389
0
4.38439
5.63911
5.66756
3.51555
6.42904
4.38418
4.38399
7.03583
4.38389
4.47767
4.38499
2.26521
4.38638
4.42144
5.89971
4.7583
2.78418
5.368
0
2.79076
4.38365
4.38551
4.38414
4.38514
4.38267
6.22133
5.08861
7.00573
4.92158
6.22702
4.41976
4.3823
2.78765
4.38591
4.38307
4.38394
4.38571
6.2213
0
6.3955
2.34527
4.38523
7.08508
3.01684
7.00097
4.38414
4.47264
3.95976
4.38574
4.38479
2.34466
5.15356
4.38373
4.38635
3.91563
1.27099
3.86854
4.41729
2.34654
6.22663
4.38188
0
2.34313
4.38514
5.97974
4.76562
2.86457
2.34216
4.38269
0
4.78037
4.38249
4.38334
4.38342
0
2.84487
4.75584
4.76225
3.52006
5.87095
4.82048
4.38371
2.78955
5.97758
4.38226
4.38413
2.53371
4.68587
0
4.38144
4.38364
3.86922
4.38353
2.78978
2.34265
3.06428
3.01864
4.08042
2.3468
4.76131
5.98074
7.8049
1.26744
4.38211
4.38573
7.60926
2.34585
4.847
1.26518
2.3476
4.38386
4.41685
4.38338
4.42425
2.78624
0
4.07437
5.97797
4.38319
0
4.38268
4.38413
7.00012
5.1733
8.62712
3.39771
5.00819
4.76548
4.7603
2.3426
4.38382
5.58235
4.38694
5.86906
5.89889
5.87508
2.78699
2.78784
0
4.38097
2.34607
5.16089
2.34372
2.51895
2.82839
5.97365
4.76278
2.78588
6.00434
2.78416
4.38311
7.00491
4.38448
4.3849
4.38415
4.37217
4.76222
0
2.78901
5.16062
7.7678
2.63506
0
4.38148
3.87188
5.89918
3.86896
6.50383
5.2644
2.78544
2.78574
0
5.87108
2.79025
1.83294
7.00401
4.75598
4.38144
2.7873
4.07696
0
6.34385
4.38317
2.52612
4.38447
2.34236
2.34454
4.38423
0
4.38171
3.23112
4.38449
5.97419
4.38382
5.15525
5.31709
4.38017
2.79043
2.34528
2.78819
5.15802
4.38347
4.74277
6.96972
4.73445
4.75779
4.38736
0
2.34601
7.47345
4.38219
2.78707
2.3439
5.64932
4.08983
4.51447
4.38149
2.52443
4.38362
2.34231
2.789
2.52477
4.38528
4.76422
4.3848
5.89844
1.2651
2.34515
0
4.76342
0
1.49946
4.42444
3.02827
3.74128
2.34369
4.38173
4.38332
5.16305
2.34341
3.80774
0
4.38517
1.32114
2.3436
3.36259
2.34562
4.47215
4.3868
4.4195
0
8.51853
6.3342
6.51404
4.38408
6.86913
2.34597
0
4.47981
6.39877
4.37974
0
2.34461
4.38091
7.00272
4.75982
3.86489
4.3848
4.3832
4.47637
4.38448
2.34281
6.43076
2.78827
5.15975
4.38462
4.38552
0
4.38318
0
5.52562
4.38373
4.38636
6.99163
2.34574
2.3432
2.34261
1.7368
3.40304
2.52414
2.81993
4.38471
4.38341
2.52248
4.38215
3.02152
4.38358
3.45555
2.34359
4.38419
2.34454
2.50029
4.38368
4.38362
2.34641
2.34322
4.38225
4.38301
4.38119
4.38026
4.83667
5.37744
3.80479
5.34214
4.38702
2.78643
3.08865
4.42263
2.78584
7.27652
4.38443
2.78595
5.15425
4.38472
2.78726
5.9788
4.38189
5.16128
4.42692
4.75894
1.49975
2.34103
2.3462
8.25391
4.76097
4.38404
6.33376
1.26316
2.78366
2.78396
4.38517
4.38418
2.34343
2.78301
4.38665
6.22584
0
4.83135
4.38403
4.38488
2.78346
2.34633
3.86591
7.16114
3.01167
4.41836
5.97819
0
4.38683
4.38431
2.34267
4.09728
3.86636
2.34369
6.2281
4.23305
4.38169
7.00374
2.78843
4.38396
2.34472
4.51422
6.22893
3.01933
6.99464
14.3716
3.86784
6.82626
2.78483
2.84707
5.70566
4.75996
5.97235
3.94571
5.49325
1.51252
2.91791
5.15589
2.3435
4.38371
0
5.89665
3.86568
3.89797
4.38114
4.3816
4.38495
2.34319
0
7.07418
2.34163
7.38563
3.48651
4.38276
2.78889
4.38384
3.23027
5.82941
2.34178
4.38482
0
4.3832
2.34381
4.38725
3.01484
7.45515
4.38464
5.18067
4.52374
2.34431
6.5073
2.78606
4.37954
2.78803
5.38388
4.38417
2.78901
2.78469
6.22781
4.29519
1.50108
4.38487
4.41857
2.78621
4.38168
2.78567
4.38555
6.336
4.38144
5.94923
4.38509
4.13842
7.4691
2.34176
4.37799
4.3817
4.38426
3.39812
0
0
5.87534
4.50792
2.3452
4.42043
2.91369
2.50025
6.25556
2.34301
3.0219
0
2.34598
4.08261
4.38344
4.76198
0
4.38332
5.25874
6.22501
4.38831
2.7856
0
2.34044
4.49269
5.32734
2.78742
2.78294
4.38389
3.96095
4.11795
2.78501
4.52215
0
6.34851
7.04475
4.3832
4.38391
4.75976
6.46546
4.38391
0
2.78619
7.61927
4.3847
4.38319
5.17212
4.38037
0
5.15348
2.81869
5.86635
6.99774
4.38732
5.15675
6.99929
5.98522
0
2.34473
2.34676
5.97446
0
5.15768
3.86858
4.52112
5.81885
5.50827
4.9696
4.47851
4.3842
1.51822
4.38473
2.34379
5.15102
2.35784
3.36145
4.38589
4.3843
4.38397
4.41962
2.78485
4.42219
4.38463
4.38419
4.3832
2.34321
4.31836
4.09524
2.52254
4.88512
4.97106
6.24434
7.58135
4.3828
3.74019
4.42044
2.78887
4.63748
4.38382
4.1434
3.86773
4.0831
4.38023
2.34437
4.38417
5.1537
4.3846
4.73774
6.31388
4.38595
3.36097
4.38483
4.3852
0
1.95588
2.09369
4.38185
2.78729
2.79179
2.34112
4.12746
4.38443
2.34154
4.38066
4.41665
4.38469
2.7874
7.99788
3.36082
5.87312
4.3832
5.15209
0
4.38338
4.38418
0
1.52073
4.38809
4.42109
4.38399
2.79011
1.50347
4.47779
8.06375
2.34427
4.3814
0
4.41625
0
7.00111
4.07074
3.09269
6.51626
4.4203
4.42103
4.79978
7.49926
7.46964
3.36743
4.38494
2.34116
4.38288
4.38378
3.86313
2.51748
5.97752
3.05588
4.75916
3.86822
2.34702
2.52188
0
7.80007
0
6.50259
3.87073
5.16545
3.48306
4.76033
4.84009
4.38474
3.94868
7.17032
2.34184
2.79062
2.7856
2.78504
2.51916
0
4.38328
2.78781
4.76166
2.79078
3.51638
4.38682
4.38358
4.93526
4.3817
3.36353
1.2686
4.38261
0
4.83734
3.86923
2.63687
4.38309
4.38346
7.00865
4.75773
4.3866
4.38283
1.3224
5.50295
5.26392
4.424
4.38217
2.34469
4.38532
2.78669
2.34113
5.30674
2.78903
7.00437
4.3855
7.99011
5.36539
4.76041
3.01537
2.81951
5.8187
0
6.09656
5.95182
7.26764
6.22973
5.97672
4.42052
4.38396
4.38532
4.92732
0
4.14442
4.13115
4.37878
2.79188
5.4913
6.52963
0
6.55146
4.38674
3.39694
4.38244
1.45692
7.80163
8.10807
4.38382
4.38387
1.76325
5.16022
2.34432
4.38473
4.38044
4.38448
4.38356
6.46257
2.34757
8.41657
4.38551
7.58823
1.76254
1.51721
2.34345
6.24426
5.47597
4.38103
2.52471
2.50816
2.34354
5.15261
0
5.21907
0
4.38106
2.78485
4.38273
4.38414
7.65766
4.3858
4.38473
3.09116
4.38414
2.34529
4.38271
4.38497
3.02496
2.34178
2.82986
4.38518
2.34222
4.38399
8.08329
1.76353
6.51284
5.93162
5.33458
4.51955
4.38706
2.78297
4.76396
4.38545
1.80019
7.77233
4.38378
5.97864
2.91885
4.76082
2.34386
4.38344
10.3575
2.81633
1.27016
4.38265
2.78687
4.38388
1.76736
6.2278
4.14037
4.76191
4.4158
0
4.38334
2.34423
4.38449
6.18955
0
4.90334
6.52727
6.10095
7.82256
6.22811
1.99149
3.36336
2.78841
6.11225
2.34678
5.96329
5.89581
2.78813
4.7609
8.19347
4.41801
5.86894
3.51389
4.38356
4.38138
0
0
7.00743
4.38197
2.78525
4.3844
1.32104
2.78606
2.34666
6.52013
5.71171
2.52161
0
5.96182
4.47412
4.3886
4.38355
4.47713
2.34462
4.38424
7.10414
2.34494
6.99252
4.38315
6.22868
4.38191
6.24626
3.80647
2.78608
0
1.51688
3.29541
4.37932
3.52008
4.13361
6.96601
4.85112
5.74249
4.38143
4.47832
2.7876
4.88092
3.0119
2.79304
4.38426
2.78727
8.04907
2.78582
2.34254
4.38396
2.79115
5.30943
2.35071
2.78726
4.38393
1.50314
5.81191
2.52435
4.38211
4.97766
4.37809
7.00138
2.78237
4.38395
4.13492
7.0483
3.87088
4.38389
6.99874
6.33312
4.38245
4.38346
4.38285
0
4.38392
3.92978
4.24514
0
0
2.81238
2.34429
2.34523
4.38074
2.82842
4.38409
0
4.38475
7.69652
1.32375
4.38478
5.15524
4.2452
4.82861
5.01312
2.78548
5.50711
6.22455
6.2334
6.22474
4.38499
5.14902
1.76556
2.78224
4.41892
4.09667
2.78437
4.38224
8.26469
3.2137
0
2.3445
3.86343
4.38431
4.38516
4.3828
3.01933
6.22739
4.1379
3.87014
4.76021
4.3855
2.3474
7.86252
6.46206
7.26475
3.88665
4.38422
4.38966
3.61485
2.51704
5.15498
4.13649
4.13843
2.78518
4.81439
2.34072
1.32465
4.3846
2.34319
2.79015
2.78639
4.38531
2.43831
4.18706
4.09407
5.37639
3.01336
2.78548
3.87074
2.34806
3.90815
4.38132
2.34151
2.52529
4.38577
4.38432
0
2.78514
4.38172
4.42228
4.38318
7.00176
4.38404
3.86725
4.38463
2.8624
4.3825
3.48477
0
4.76176
2.78262
4.3869
5.00982
4.38478
0
4.38137
4.38279
4.38295
4.38435
7.00019
4.38456
2.78971
4.38344
1.2701
5.5045
5.00201
3.99854
7.0012
4.75564
0
4.3814
7.00115
4.75843
4.38253
2.78366
2.34091
4.38408
6.22939
4.38367
4.38337
4.38692
4.38442
2.34049
4.38287
2.78955
4.4185
4.38265
2.7887
6.03803
2.78312
2.34563
4.75629
2.34181
4.38376
7.79818
0
2.78784
4.38186
5.49835
6.45907
4.38365
2.34382
4.38544
5.36951
5.07225
7.79748
4.38335
4.38473
2.78687
3.26409
6.22752
2.78815
6.25248
2.78918
3.61139
6.22734
4.38614
3.28373
6.59544
4.38313
2.7857
4.13336
4.38205
5.35613
0
6.22895
4.38026
2.51053
4.76369
2.78536
8.87891
4.418
4.38378
4.38045
4.38379
4.38447
2.34572
3.09945
0
0
0
3.44742
2.78818
4.38359
0
2.34352
2.16302
6.40003
1.51432
4.10448
4.38242
4.38252
5.89848
3.01915
2.82946
2.34332
2.34563
6.48307
2.52448
4.38326
3.02735
0
4.38607
5.4273
3.36428
4.38357
2.78477
0
2.34425
5.7152
5.16399
7.43218
2.3475
4.38265
4.38504
4.38406
2.79073
2.63908
6.1926
7.00244
2.92507
4.38395
6.4936
4.38471
4.38313
2.83151
4.38429
4.3825
4.38375
2.49942
2.36189
5.416
2.52298
4.98009
3.01306
3.48457
7.6952
2.78896
4.52378
2.78525
5.14975
2.3404
5.17101
2.34346
4.07281
6.22728
4.75926
4.84075
4.38464
4.3866
1.76001
4.38558
0
4.38406
4.38284
3.0545
4.4735
4.13659
5.00834
7.00348
4.38523
5.21348
3.01567
4.38456
3.3925
7.60547
4.08597
2.78771
4.4168
5.15782
4.38537
9.66572
4.38173
4.38505
3.87122
2.34547
4.38434
4.38321
14.3718
2.34324
4.38459
7.87854
5.00833
2.34175
2.79192
2.34
9.30865
3.01665
3.51569
1.49772
4.38372
4.51534
4.73998
4.38784
7.2532
3.86835
4.38453
2.34375
2.78726
2.34626
3.02098
0
4.38268
4.38423
5.15553
6.24386
4.38316
7.05354
4.52863
4.38426
1.26324
2.34189
4.38569
0
4.38476
5.32858
4.76227
2.78359
6.22991
5.02116
7.79508
5.90093
3.35973
3.86933
4.7602
4.38387
7.00689
0
3.87425
4.38614
4.38241
4.76114
4.38663
2.34306
4.38435
4.38516
3.94579
4.38353
5.15395
0
5.32257
4.42073
3.86899
3.86836
2.78794
3.51506
3.88362
4.38221
6.34289
5.02117
4.29591
5.15502
2.3444
7.46634
2.34198
0
5.97813
5.17492
1.41061
4.38286
4.38443
4.38678
4.8421
4.92935
5.60957
7.29816
4.38175
0
4.38193
2.34699
4.38469
7.0085
2.5189
5.15312
4.38302
4.38327
3.0227
2.34109
4.38341
4.38344
2.51966
2.34258
4.388
8.16433
4.42342
5.31544
3.01978
4.08968
6.22564
4.38354
5.36148
1.76053
2.51576
4.37838
3.01615
5.96943
3.75162
3.94461
6.92764
4.38653
3.9903
3.06131
5.01275
2.34303
2.51603
2.75931
2.75618
0
3.87592
2.34406
4.3837
4.38178
7.00516
5.15487
5.15556
4.09681
2.78596
4.38457
