41.5952
40.1433
16.228
40.0234
46.9794
40.7124
40.1359
38.8326
41.9641
41.4749
37.3997
21.9041
33.8801
26.035
39.3659
30.0803
15.0752
45.4778
35.1989
22.2647
25.1444
24.5674
39.6673
38.1262
44.6397
44.5932
31.2386
40.7144
30.9157
39.8507
42.9897
35.4558
33.8553
42.3627
46.9284
33.0751
28.6204
35.693
42.4039
33.0773
45.2753
22.4814
32.3456
47.4651
41.607
29.6098
39.8241
40.6777
35.7788
24.1465
30.5554
39.319
35.1259
42.089
39.0459
41.3164
20.8503
41.2185
37.4707
39.6541
45.8112
47.433
31.3973
39.7243
30.1761
34.8477
33.3231
31.7717
37.9958
44.1404
40.8983
43.0613
41.9578
22.6903
45.1845
36.5905
37.1732
40.155
40.3864
39.7791
34.6572
44.8738
45.8201
35.5193
33.6212
41.959
46.6899
30.3111
45.4327
47.4315
40.6104
46.0424
36.2587
39.6732
35.5789
24.4742
17.6169
41.8535
44.2179
34.3152
46.5546
28.3323
37.1645
42.3289
43.6744
39.8114
34.3979
47.1633
47.2105
39.5785
37.9948
26.3869
38.8557
44.9468
26.8709
46.4073
36.4494
41.6722
45.8325
47.9999
29.6446
48.7133
17.9692
43.3502
32.2934
17.7357
38.829
46.8243
35.3376
35.218
34.6721
46.9227
37.9654
35.6857
43.4113
22.2486
39.5933
24.3829
9.82051
40.3036
29.1289
32.7594
30.6356
48.4554
38.8094
42.2127
24.7921
45.5803
29.9125
43.8445
31.9301
26.4887
41.7338
43.5062
43.2099
36.495
49.6124
25.6232
43.5195
33.4793
46.4817
25.7149
42.8463
37.4902
27.8496
38.6531
31.2024
45.4678
36.8494
29.6472
27.5063
44.2057
44.2261
16.0702
36.3676
40.3187
29.9565
30.9783
41.5115
40.0525
40.4664
14.9759
31.5131
37.154
48.7271
33.3313
38.0043
40.5013
45.6448
32.9116
35.8585
45.0806
39.1029
33.7372
40.2991
41.9907
36.4893
29.7526
39.3432
46.5348
40.4949
30.5111
32.1888
41.4764
42.4765
43.8267
50.468
46.3185
42.5045
26.2813
42.9889
25.969
39.006
30.5367
38.0342
36.6626
42.5411
41.5568
28.8843
45.8449
40.0215
41.8339
37.6643
31.535
29.53
26.3812
35.5653
22.1344
24.538
32.3387
37.9286
38.8288
32.7474
27.0632
37.8726
48.0567
37.3539
34.2685
27.611
45.3038
34.2968
36.0738
38.9211
38.4534
42.2726
36.7634
33.5743
42.8061
44.1263
32.2198
39.7968
48.6548
31.1401
40.1083
47.8799
44.3011
44.2332
48.9538
39.0096
28.2172
38.0313
39.6088
37.4798
44.3295
37.6554
35.7779
34.4196
34.8352
47.1603
39.1626
46.3578
39.9747
45.1852
41.2616
20.5207
38.6392
50.281
43.1952
48.0286
19.8535
29.3401
39.2015
41.9575
35.6295
43.2024
39.1373
35.4871
39.0181
45.7822
35.0378
35.4401
42.1
32.4273
41.0953
46.5366
31.4899
26.3464
35.9478
37.5359
36.7569
35.0366
41.3321
43.5999
42.1429
43.0933
29.683
43.6045
34.3814
42.4473
26.4085
37.751
47.5863
42.9879
27.2839
46.6328
42.9032
44.2309
39.3704
25.2122
33.5934
38.6935
39.9931
41.357
41.957
37.1275
32.5144
13.6065
21.4545
33.1379
43.3849
22.8356
35.1256
44.2447
31.0688
44.7843
27.2985
44.5432
29.45
39.8946
35.3194
40.8052
46.1103
44.6272
29.099
36.7185
32.803
43.9612
33.939
31.2238
27.4751
32.477
32.1794
37.718
40.0292
46.8683
39.9999
36.6568
35.8044
34.3146
43.0396
39.5765
26.0975
37.4148
38.3783
42.2236
39.6951
41.9984
44.6554
15.2417
42.7377
30.0322
41.2143
13.5216
18.7678
41.1673
28.6251
24.1923
40.0958
43.709
33.1149
26.3885
44.9428
49.5588
40.1441
35.5299
43.7188
47.879
42.7745
46.1864
43.8151
36.5615
40.2121
39.4132
45.7225
41.9302
28.4494
45.9691
35.8763
42.9807
33.5577
42.6363
48.0277
47.8856
47.1076
44.4607
44.0496
31.0598
49.3007
33.5648
20.0552
38.5978
44.1069
38.1132
44.5617
46.8266
36.658
46.4413
47.8
45.4631
38.9705
37.3977
44.5553
31.803
45.5792
22.8846
41.1338
43.3238
46.5776
43.9015
48.4942
23.0321
36.317
34.1177
31.6209
47.4644
34.4857
47.3539
47.0585
26.1311
37.4994
46.513
42.5191
32.2972
29.3945
36.7406
42.4249
30.6385
37.1412
43.3856
39.0486
42.3058
39.7126
18.6043
33.6079
32.6018
38.0912
44.9845
37.3226
40.23
39.3049
25.1953
43.0315
22.7814
28.8924
25.2649
38.9954
42.517
39.1673
45.6591
36.9649
26.0753
50.6071
23.2028
38.3153
43.0739
50.37
23.0004
33.5283
44.3686
38.875
44.5766
41.7879
40.3348
38.4341
29.3533
27.6084
36.222
29.7357
40.7045
36.5045
39.2507
30.036
40.8886
31.0454
34.4688
42.7257
36.0453
26.5944
15.985
47.4152
28.6011
38.7755
39.6628
50.2677
47.0375
47.9852
28.6197
41.0571
40.0927
24.2097
19.5557
41.1963
40.7023
41.5646
38.2809
25.8656
22.1641
47.4819
35.0344
37.083
25.7307
41.0513
46.307
40.9103
37.1761
41.6731
43.5134
40.3622
44.1163
35.5926
18.2041
30.4732
50.3913
35.4045
35.5301
41.9983
28.9343
26.8297
44.5262
25.0492
30.0833
32.5036
34.4256
41.3538
39.1533
36.0686
40.7546
40.3993
15.2843
35.7194
47.3025
33.2016
35.2036
17.7194
44.3873
41.0059
30.6009
37.5125
35.6034
45.8669
37.6245
47.2798
33.7063
43.1809
48.5829
48.5895
26.8129
21.2682
22.6743
33.5659
40.6795
31.4942
38.5441
38.0577
44.0181
33.9621
46.9364
41.2287
34.6393
30.1664
37.7815
29.4997
46.8965
29.2705
43.3016
35.2468
48.3679
27.9913
45.2544
32.0766
46.0376
41.4136
34.0309
35.0727
47.3422
42.6352
33.1528
45.8194
33.5976
39.6487
48.2674
46.444
37.5102
24.9166
36.1325
31.1437
32.5647
30.2915
42.0828
41.0295
14.0379
45.5243
40.9159
44.3885
22.1907
25.4593
32.8239
41.9377
41.1467
31.8639
34.1772
26.3856
38.967
45.9326
29.8302
28.7992
36.0542
44.1401
38.3401
36.1935
45.1903
23.3733
50.1975
32.8133
22.2879
35.8024
46.8687
36.2167
43.584
42.3086
34.5575
24.2436
21.6306
37.4719
33.426
43.0704
40.9637
37.6508
46.8856
42.3638
39.8978
36.1225
39.9783
34.1796
45.1347
37.2938
46.5497
40.6805
36.9222
36.9157
48.5479
27.0164
46.2015
33.1171
45.6567
50.3788
25.8674
40.6854
36.3307
37.9559
39.4617
24.602
35.886
42.068
40.7027
26.6989
46.7786
49.1824
45.6524
42.7365
39.73
27.9367
49.7572
34.3334
42.1934
45.4631
37.4915
31.8154
28.204
40.0914
34.735
31.5808
36.4265
37.6991
31.5383
40.7453
33.5532
31.3721
34.3704
32.0537
44.3209
49.5256
47.2562
33.1121
47.5587
24.6219
47.3521
35.5456
39.8789
42.9943
23.3889
47.6013
44.2557
43.6369
35.6003
47.7813
37.6715
33.9225
27.4287
19.0287
29.8975
44.6728
41.6067
44.8231
27.0555
41.8524
33.4599
35.9649
36.3994
41.4604
35.2687
27.1318
42.6312
50.5603
27.1454
33.6932
47.0436
42.9596
37.4261
39.6043
21.4065
35.6525
30.5756
45.5171
25.428
44.2754
30.2404
39.7261
32.2774
28.8895
34.1234
42.0286
40.4027
33.4254
37.5562
36.4366
32.3949
36.0118
39.0426
41.0463
25.7432
45.342
23.7008
24.7839
31.4432
41.6117
40.0863
41.3352
33.8622
37.5632
37.1368
26.5994
42.0283
36.7345
41.0721
21.4622
39.4598
40.5912
35.0021
31.9186
24.9416
30.5599
40.9235
24.5362
49.0771
48.8456
41.7509
41.8321
41.3843
25.8889
40.0144
31.547
38.6826
36.6915
47.6179
34.2251
14.7167
22.2872
24.1941
37.3211
43.5438
41.7946
46.9764
28.7976
36.4017
44.1531
41.5263
43.764
39.7375
34.2303
39.1647
38.1996
40.1047
15.2784
36.6524
30.0911
34.1321
41.9932
34.5527
47.2517
19.1276
39.6109
25.0635
32.1519
39.3867
45.3881
26.0282
25.1576
27.4582
44.887
34.0887
47.2585
47.9448
40.5702
32.1318
28.3115
22.3245
31.6885
33.8007
39.0431
41.1124
22.3428
39.6112
39.7599
27.9953
32.347
20.2455
47.7806
33.1321
45.575
40.862
24.4309
37.4865
38.3062
45.456
40.801
41.7234
25.1047
31.5652
33.6877
37.8626
41.5497
21.6006
30.1585
46.5774
41.3707
29.9088
29.3489
41.0114
37.9282
36.0352
40.5397
44.2999
46.2218
34.147
40.76
36.0425
50.8757
37.1309
39.1197
33.6147
35.0661
44.6394
45.4653
42.8315
34.5824
43.5811
35.9142
36.6821
44.876
26.397
42.9355
38.3967
48.1653
31.5807
43.1092
46.1837
42.0133
23.6751
41.3437
45.819
40.8649
28.9013
32.3613
40.5845
40.8826
32.0421
33.9687
39.8085
40.7882
38.4668
39.3413
38.8151
50.3514
42.8913
39.9172
38.1832
29.0212
29.1223
35.3318
42.5629
47.0725
44.517
20.8757
45.8905
31.9013
46.8148
45.8342
38.9147
32.2623
23.7792
32.0027
44.8238
42.7196
44.25
37.6007
31.6714
31.0585
25.1516
39.9925
27.8268
40.2795
36.5946
33.2292
28.2312
39.8849
35.2789
45.7289
13.1132
26.9431
47.5478
29.6675
49.6564
40.8896
41.3363
44.7356
41.5396
38.9796
43.7765
36.1453
45.3918
28.6186
34.8286
31.2112
38.306
37.0036
47.6802
42.5935
28.4522
44.1336
39.1755
41.2549
32.1841
37.8361
35.1105
20.0943
38.4348
33.8788
30.5405
47.1505
32.8913
34.0148
46.0705
22.7215
34.4715
43.8171
44.0649
37.0438
35.6569
46.7458
45.732
39.2909
33.0474
36.9387
31.5021
41.1495
45.9726
25.5344
38.5055
46.8629
42.8168
41.7234
38.8467
37.7903
42.1403
31.7542
31.2078
28.3792
33.5013
37.9425
36.8969
22.7122
44.0059
33.0012
39.7815
38.1359
24.8751
20.8083
45.3974
46.897
40.0388
31.0268
28.5096
33.0548
28.2512
50.3096
29.9851
39.1888
19.1992
27.4755
30.4688
33.695
40.1802
38.1687
18.1549
46.585
42.3534
32.3216
50.4222
30.5738
47.1544
29.552
38.9067
38.5191
39.5009
46.5915
28.6825
39.4376
45.4929
42.3499
28.1283
38.4064
32.6111
33.3665
46.3674
25.6359
45.7664
35.2228
48.5434
49.7448
44.412
31.76
44.5424
46.7769
36.3543
46.2505
46.4746
42.2353
36.6137
38.1106
29.6486
23.0143
41.0776
45.86
35.7804
42.145
40.6506
46.4377
40.5039
49.2626
27.5112
46.2424
36.0596
43.5846
35.2398
33.801
39.4144
28.9196
36.8779
36.4571
29.8152
37.9724
38.2623
46.231
24.5033
49.8432
46.9602
34.9158
34.1052
22.2422
45.9739
32.9016
49.3813
36.037
37.8279
38.5843
45.7984
23.8797
32.7983
15.5814
35.0272
29.7649
46.5543
41.4885
45.9218
28.9772
27.4028
35.9159
35.6891
40.177
39.8101
39.4104
38.2695
48.3205
30.1554
44.9663
44.133
46.1154
44.0921
31.1647
41.9078
41.738
47.854
36.244
37.2203
31.3348
48.8803
23.9651
45.5131
36.4725
36.75
38.4592
37.7393
38.5661
39.7343
38.6048
37.2126
26.4422
42.0975
34.8794
36.2843
35.3207
50.7855
45.5714
43.8825
44.871
38.5357
41.5377
45.603
44.2501
23.1146
34.0902
30.7674
42.8147
26.7763
45.9249
47.0287
44.5501
39.7557
38.1766
24.6812
31.2286
35.8219
36.1941
37.196
28.5441
33.9665
47.4301
38.2987
31.534
39.3205
30.4933
44.1796
22.5748
41.6995
31.3472
47.8934
43.0032
42.849
28.9244
42.0294
35.2989
40.4617
26.131
41.4795
20.9263
23.7727
30.6553
46.1291
43.1275
24.7046
44.3827
43.4726
33.6526
38.6486
33.4291
30.6902
30.9656
30.5597
46.8073
31.2485
37.0048
34.4049
41.2999
33.7194
39.4035
40.2257
38.5828
43.1394
41.5968
27.547
32.9699
49.2609
35.3793
40.7521
26.7194
30.9506
36.4458
40.6244
28.4625
41.902
34.6512
21.4617
43.0954
35.8942
32.9418
32.6513
24.157
19.9304
43.6764
40.5947
40.1183
41.0028
34.8194
31.9464
32.6543
36.4641
28.6472
37.7117
44.6924
37.6294
27.3692
34.0297
36.3162
32.0121
34.8915
29.2933
34.8813
27.6357
44.1727
40.9024
31.6307
25.1082
42.4821
41.4782
48.5739
32.0242
36.077
47.0157
37.4591
35.7572
30.9913
41.8746
41.6744
38.746
36.9678
33.0571
29.6941
39.4353
23.4551
30.4953
35.664
26.7576
42.4675
42.4639
43.132
33.008
37.8622
46.766
44.1263
35.8251
37.0075
40.0174
38.9932
22.2676
38.3662
15.8339
36.3928
39.7757
38.4089
40.8732
37.4781
50.9681
46.8439
43.7536
31.002
34.865
31.9857
39.8771
15.5224
37.2292
47.991
38.1034
20.3717
32.6665
20.0506
36.3789
29.8388
41.1246
48.4176
36.8601
32.9535
30.9964
30.7463
49.6006
38.9265
43.3129
22.923
32.4347
42.9864
31.5705
45.652
41.8702
23.9873
34.9548
38.9985
38.1605
41.4183
33.4504
38.5551
47.8312
50.3996
49.2676
47.8285
32.8486
43.0635
41.0202
35.5586
33.1192
46.1231
48.4766
43.5364
24.1264
42.1284
43.9445
37.5738
49.3373
36.319
32.5021
35.1889
49.6034
33.3067
19.5305
43.1249
46.6085
38.9907
13.6973
39.4322
33.9274
32.4086
48.8959
40.7558
41.2764
31.0736
22.7946
47.2175
32.9185
35.1944
31.1868
25.6099
24.4743
37.1541
27.1524
35.1852
34.6387
38.6905
38.9471
43.3446
34.2038
43.4676
41.08
33.2936
44.8057
35.3064
30.3875
38.8579
31.3842
47.6099
38.9336
38.7897
36.1005
34.9408
49.4852
41.8015
27.4794
37.7577
24.2704
31.6328
39.9796
34.2104
38.3721
38.7474
34.042
43.4774
41.4052
35.7999
47.1847
39.184
41.4092
42.5756
38.8609
46.7391
27.9368
38.6585
36.9907
21.9355
41.0325
35.2351
25.3227
44.2485
49.802
16.3109
36.0274
44.4196
28.2481
33.8357
45.6802
39.8178
38.5348
36.5052
34.969
20.5547
43.2407
46.7294
42.9405
38.0597
46.4627
34.7658
47.4819
46.098
41.0531
33.4829
24.0614
28.3642
26.146
22.379
37.3833
48.9305
45.331
42.5607
33.0035
42.4449
38.5792
16.4291
36.4433
38.2766
44.8024
40.438
29.9978
35.1774
43.5316
42.0718
29.036
32.9108
41.2918
44.2019
22.9529
30.644
46.007
39.3306
45.0539
32.415
40.2421
36.1153
43.7062
35.8766
43.6269
36.1978
43.2254
37.6576
35.3169
41.6301
47.9318
26.2368
29.3271
33.9415
37.599
28.4181
40.7594
46.2885
29.5505
34.443
45.5271
40.5699
47.4296
40.3678
39.7535
41.4553
34.5082
33.9297
31.7852
24.171
42.2623
43.8072
40.3711
44.4517
48.1979
31.2161
43.9252
45.6987
28.7735
32.9082
28.8418
33.3863
35.6119
37.0973
40.6062
49.9488
37.4234
34.1942
26.7351
34.6384
38.4117
32.0507
40.755
43.8517
31.4043
29.7065
50.2224
37.4334
37.1948
21.7694
41.5397
45.1559
43.5768
32.329
43.8489
42.4025
18.2615
42.023
41.004
48.9563
40.6795
44.0251
33.4632
32.8393
25.4284
43.557
49.8261
40.3973
37.1359
30.9793
26.0247
40.0677
26.8892
38.3359
33.163
43.2999
43.6342
46.0752
36.3739
47.5213
48.2478
31.7374
38.5415
44.1389
34.7831
36.0974
41.792
37.59
43.7406
36.9958
31.123
37.0385
44.769
43.7062
41.9116
47.1231
39.1511
36.5303
33.417
31.2483
46.4576
48.0195
35.5185
45.9812
29.4207
40.8168
32.3364
24.4822
27.8931
39.0198
45.6064
40.9727
41.7693
26.9223
35.3748
34.5739
40.4811
41.9708
34.856
43.2294
24.9599
34.6077
42.9351
18.284
40.0598
42.9656
34.5854
22.0646
41.8288
47.1281
24.3551
37.4874
29.6128
33.4546
31.6455
36.8451
25.1028
34.9476
30.3528
41.3907
42.3674
32.9464
46.9595
39.8168
29.4078
32.6241
38.2228
48.5035
36.8375
41.1927
32.9691
39.4834
31.9338
45.0824
38.4155
39.8863
34.8426
34.6745
36.9702
37.3826
35.6801
42.1694
36.1106
34.4659
44.4444
29.2305
36.1557
39.0675
32.2408
38.4196
38.1109
30.8642
34.7795
28.5459
39.4695
46.0727
35.4291
49.692
28.7384
32.8701
39.1417
39.922
47.6367
35.1718
50.0927
23.3649
47.55
45.7587
34.9001
50.0026
34.7546
41.1208
34.5435
36.1751
30.7441
39.1105
20.7119
47.7035
36.5228
31.374
35.1485
43.0052
25.5912
43.5109
39.847
35.3846
37.9586
26.1057
51.0422
37.8235
49.7964
48.8617
44.3592
43.2976
20.7466
23.6518
19.0924
42.522
20.5001
39.3482
28.9294
39.6966
47.3466
47.1044
48.6153
35.6318
43.6555
44.0604
49.6829
26.7658
28.068
34.9378
34.9734
35.7485
27.5497
42.55
49.2788
33.1726
35.2388
35.8545
38.4151
18.7209
47.7832
30.3235
45.5795
31.6375
48.0007
26.994
47.1394
45.4756
21.0627
25.7947
41.312
45.0617
23.3927
35.6227
30.6948
26.934
35.2305
47.7999
31.925
34.8335
37.8676
38.9535
36.9096
38.1636
45.6322
26.6141
43.0978
45.5216
35.0479
39.518
32.1792
37.1618
51.0488
36.3845
45.3723
37.6519
45.6703
37.3571
41.9403
46.7382
48.1773
28.7008
30.8452
42.6239
27.1979
44.4766
36.1453
45.0285
42.0476
39.837
48.0016
36.9359
41.0046
30.6736
45.8261
47.0265
20.1197
42.7885
35.0643
47.4846
36.786
33.2462
30.6383
44.6382
46.582
45.2275
45.6417
42.802
35.8805
34.4927
39.3212
30.7
50.1269
44.565
35.3862
44.6068
48.6006
47.681
40.1898
42.2605
35.6965
16.4603
24.082
39.4375
24.3688
37.64
37.3718
43.1368
42.1627
40.6877
43.3895
28.6328
39.9162
35.4726
36.8943
40.3445
43.4301
47.8942
27.0081
41.1661
33.9717
35.9522
33.0861
45.5851
34.164
34.6482
42.2014
43.6004
41.7673
42.921
41.3334
36.659
37.9538
30.611
22.6407
32.4076
36.48
46.8807
23.1486
43.8797
38.0489
31.3706
46.0635
44.9279
41.3368
43.2329
37.6412
15.6288
35.6827
39.3721
36.2809
48.7243
47.0907
36.3221
31.6411
40.2129
46.707
41.5066
42.982
38.4113
43.6319
34.7907
33.5746
47.2473
39.0327
40.1253
36.1618
47.4132
32.9367
33.8459
39.964
41.8088
38.9611
37.2345
34.4542
37.8525
45.7235
39.1821
38.4365
45.5905
40.0525
32.6367
48.0091
44.8512
37.6643
46.5437
46.1665
44.3121
46.4724
34.7329
37.1306
38.5084
41.1116
19.929
38.2881
35.8157
40.158
36.8212
34.1616
39.7927
33.6944
40.3527
41.2043
44.3026
41.5536
39.9809
32.6872
34.6788
23.7174
48.7327
27.5049
37.6059
46.1939
29.7458
36.0581
31.0545
43.4629
29.7173
41.0063
45.9682
24.8257
36.7735
40.0951
43.3552
35.496
32.5019
47.0284
40.1265
24.6965
48.8765
28.046
39.3708
34.6154
42.4842
36.6901
27.7055
49.4397
38.055
38.5146
24.3367
30.2762
38.1894
41.3355
47.1667
31.2639
25.9523
28.785
45.1686
26.0045
40.2822
35.1177
39.0791
45.1393
41.7361
33.4722
43.3374
25.6682
28.3239
43.6048
35.4983
33.123
37.2474
31.8628
30.0454
9.2559
25.775
42.9351
36.4454
48.36
36.2969
50.5641
36.9897
38.1576
40.9557
32.2221
21.7852
46.0171
32.2454
40.2078
38.2544
46.624
47.44
45.3968
42.6866
40.7778
38.1669
47.8076
41.0959
45.9282
45.4148
43.8524
35.2401
43.2384
32.2744
40.5401
40.8302
37.5989
21.4439
40.8516
34.2771
29.6723
14.8697
36.222
25.3322
37.2762
35.4712
28.8884
28.365
38.823
31.6339
22.0682
26.1972
44.9453
41.7836
37.7913
49.1321
46.4037
41.688
42.4737
23.1088
30.5001
40.6671
45.9784
14.1139
47.7782
40.8513
37.4199
48.7379
44.2793
22.6544
49.0319
49.9525
34.0034
30.3789
42.0266
38.5544
41.365
42.9984
40.1176
44.9934
35.1036
38.6887
46.5947
42.1579
43.3818
36.6829
43.4615
24.3292
26.9462
33.0981
38.6811
29.256
33.3558
41.1228
38.1815
40.5994
44.2687
45.8422
42.7925
47.212
36.6064
29.4624
43.1446
23.8415
15.6615
36.804
19.7215
37.7987
36.8518
44.455
36.7147
38.6559
25.8142
47.7332
31.6591
39.7552
37.5341
34.8266
41.0271
43.1225
39.6939
49.4747
30.8435
36.1192
27.0715
45.9244
31.2368
50.3586
24.3302
50.8928
46.2009
30.0652
49.1483
44.8052
37.6893
36.8106
33.609
40.9691
14.5517
35.8834
49.0349
31.3714
28.8539
33.7299
37.6776
49.0464
42.4936
38.6576
28.0439
33.7473
38.487
34.7108
38.6229
36.1574
28.2617
38.86
31.697
28.1094
49.2949
43.4426
41.1769
46.2955
33.4599
46.7985
48.8709
32.1459
39.648
32.1616
26.9994
36.8124
46.9923
44.0173
46.0853
45.4937
33.9069
28.8117
30.8729
40.0595
37.8565
33.8096
39.6914
49.162
23.8888
26.5298
27.1849
36.3403
47.6868
36.4953
32.5001
40.2736
34.3624
38.8218
35.7784
44.882
27.9213
31.4787
28.8433
39.2463
38.4544
51.1221
41.132
41.4978
44.0094
41.914
29.7681
42.2181
38.2718
36.5525
25.6293
42.6198
40.2443
37.7234
42.4678
36.292
20.6816
44.5516
29.5086
33.4574
41.0242
39.5542
38.9684
39.1039
25.6319
43.9073
37.1645
40.9148
39.4878
49.1774
43.9236
37.6607
35.717
23.1841
40.0636
33.9224
50.4561
43.4398
44.2956
38.7828
21.3596
17.7478
38.0529
18.4829
27.7058
25.6176
45.3465
35.3081
26.8741
45.8274
23.5912
50.5827
21.3889
26.1529
34.7464
37.6448
40.6978
42.2732
34.8
39.6825
36.1477
33.7845
37.3371
33.5981
33.6936
28.9908
33.6994
49.6922
46.7622
43.396
33.7981
46.3062
33.192
46.0711
38.3866
34.6344
32.4946
27.8134
33.6494
43.7228
43.8833
21.3192
49.0149
33.2725
22.0559
47.7657
45.1197
50.0002
50.4842
41.561
41.0623
33.9804
43.2079
42.8097
25.2141
16.4484
42.276
46.8738
35.6746
49.6143
35.9979
40.6913
17.0093
35.906
37.8405
44.4194
27.5601
34.7021
19.5568
38.207
31.9174
40.3161
45.9564
28.6086
46.0478
43.3213
40.7656
30.0095
34.2339
43.5602
43.0167
48.3263
42.8062
35.7714
34.971
29.5479
40.0942
38.4326
42.6017
39.9981
47.2179
35.9762
48.9209
46.6903
30.9042
17.9117
27.7684
44.3199
41.9443
36.8619
36.3376
34.6907
49.236
21.1395
16.8672
45.2531
19.659
36.7924
33.0095
38.2804
21.7033
34.3052
35.8248
26.102
29.6847
48.8175
45.1234
46.669
45.9655
39.9295
42.8471
44.2315
31.133
33.0536
32.1905
29.4015
43.4533
40.6172
47.2821
31.8936
33.0753
41.1814
19.354
31.1106
36.26
37.3905
21.8109
37.1793
48.551
41.615
35.3445
48.4002
33.927
46.8309
23.072
29.2884
38.3448
45.5067
34.7655
31.3032
37.38
32.365
19.2187
48.7415
34.478
48.5806
48.9693
42.4104
46.9341
40.1387
36.4145
42.3265
43.9951
46.9034
20.3154
30.0429
35.5027
40.9404
46.3351
21.7867
45.794
30.5668
43.181
41.2848
37.4928
38.7506
45.7013
46.8678
35.1079
44.9476
39.113
35.0218
29.4719
47.2593
19.5989
28.2189
39.2468
44.3697
40.3277
30.8978
44.9031
38.1571
42.6869
36.983
38.6906
39.1435
36.2389
35.5127
49.7379
26.0463
44.0492
33.8757
33.5748
41.4142
35.842
30.1005
40.0572
32.6889
39.5742
20.7571
45.9675
39.529
40.7683
21.7863
30.9954
41.235
32.9472
36.3191
40.2514
41.1394
37.63
44.7115
30.4259
33.1539
30.7547
41.5513
40.9944
33.028
45.2462
29.8116
30.9297
38.4673
24.4589
27.2316
37.6744
37.4296
32.2299
42.4092
22.009
22.6699
39.4272
27.603
35.9706
46.6554
39.9503
32.0208
35.4377
27.3465
38.6048
28.4863
45.9897
49.9165
44.9923
29.0014
42.2375
43.8017
42.9589
39.8297
48.9609
46.2977
42.4727
37.7893
42.1985
40.188
32.3856
35.1514
39.7301
32.6391
47.0043
36.0484
34.3569
32.368
45.1841
34.103
32.1013
26.8544
33.2835
32.1861
38.6979
50.502
43.5831
34.2279
41.3886
39.3576
33.3115
39.7385
39.5631
41.9278
34.5882
39.8515
28.8804
41.2518
45.5256
30.9159
50.3077
37.3242
41.363
42.3564
39.3153
15.5118
39.0029
43.0194
39.5074
40.3101
28.8102
41.4918
33.7254
41.6887
37.3666
31.2142
46.7854
36.6025
35.6695
47.5101
29.8061
48.2508
32.96
46.779
30.4737
38.2545
39.6301
42.8546
43.6586
31.434
36.4046
37.6423
35.5079
33.2469
48.6147
45.3414
32.457
49.8815
40.1084
45.1202
36.9741
33.2553
50.2245
44.4227
35.2383
25.999
32.5258
32.7769
42.4837
46.7356
24.7808
38.1213
36.1746
36.0735
35.9648
35.3333
36.1507
46.461
33.3986
50.6155
28.187
34.3234
44.4156
42.5585
47.7558
43.2399
36.4333
13.4895
23.1351
40.2109
40.5846
38.9025
21.1683
37.0235
25.4884
28.2266
42.5307
39.632
39.818
25.3213
29.4074
42.2659
33.7529
44.1773
36.9256
46.49
36.585
38.8998
43.8101
36.6294
37.0576
48.2231
41.144
45.29
26.9648
41.0601
32.2684
26.8382
32.183
40.7452
27.9565
36.0829
46.422
36.3659
41.2255
38.4313
36.2959
47.3852
27.3483
45.0633
46.1545
39.6486
34.9859
40.9863
30.5821
46.3202
44.6772
39.0089
29.8627
29.5964
31.9896
31.5991
38.3063
41.4739
36.6803
41.6783
37.184
40.0285
27.2897
40.0215
21.7154
45.11
39.243
30.8525
27.6226
47.297
36.6387
38.3742
31.9993
34.6034
31.9775
40.8926
31.2635
42.2246
41.4914
25.9394
34.2732
39.6825
31.4028
26.0412
29.3817
42.7732
37.2417
33.7279
23.9843
45.6978
27.0496
33.033
32.6364
37.1364
41.8635
49.3238
44.8287
41.6358
42.9841
46.2986
26.6572
44.2753
33.7352
31.2912
28.8957
46.8263
43.2612
32.0908
26.5954
29.16
35.912
38.6748
45.8736
37.066
22.9003
42.1822
41.2486
29.3715
40.3175
41.2577
31.0868
34.2873
32.7437
39.6341
47.5992
35.8569
43.9518
24.9219
31.0195
15.5309
35.5448
32.1775
33.9209
35.0148
26.9228
22.4963
45.9128
36.6345
40.3215
47.2779
27.7107
47.8841
48.3886
30.2055
25.6387
33.1842
29.0848
39.8274
30.0132
25.7716
22.6663
46.6512
45.1156
32.279
28.416
27.8079
49.1715
26.0095
29.5972
42.4091
37.1606
46.828
26.2673
20.215
27.8211
35.6826
46.9878
15.1656
31.1462
34.3211
43.5652
31.664
34.038
32.5337
39.2789
42.3547
40.5838
39.0927
31.4495
37.6293
41.3403
42.4518
24.273
34.2028
27.4274
42.6656
12.6948
35.8103
40.2687
46.6025
35.5285
44.7685
31.9395
25.9129
26.6529
35.8301
32.7527
24.7064
39.207
31.5822
31.6342
27.9805
43.0138
33.369
11.0429
46.2294
48.3717
32.9972
38.1334
46.3081
44.066
30.7405
37.3139
46.8257
26.4933
44.4833
42.2793
38.4149
37.8432
35.5594
36.8157
44.997
47.1548
34.8579
32.3494
45.4366
37.5597
41.1994
44.8945
28.4939
34.1758
44.0529
20.9312
43.9051
32.016
30.2395
33.6432
27.6891
32.1861
29.5334
39.797
39.1137
31.2108
45.9913
25.5323
43.3934
39.7259
41.0214
31.817
37.7742
41.9049
38.5755
36.3226
36.5015
45.7473
41.307
43.7108
30.8577
43.0168
24.8158
40.5284
32.365
28.003
34.1725
25.3974
49.2868
43.3416
34.5728
37.8891
30.5006
25.5948
40.3757
20.5189
18.6826
46.7902
30.9687
21.6765
44.7088
27.6848
25.9763
37.6592
23.9441
31.8204
42.9969
25.0145
39.7677
33.5108
49.0905
42.7104
47.7749
33.3337
24.7532
31.1534
9.97743
46.3814
34.9934
30.042
26.9152
30.8701
20.804
31.7996
36.0893
28.4803
34.6305
13.9989
47.6665
45.1919
32.5327
45.256
26.3691
41.2812
38.1139
43.886
33.2655
38.0599
36.3535
17.8884
33.8426
43.1493
33.1685
34.4333
42.1732
40.2793
31.8078
38.5658
47.2578
38.6625
38.6482
31.2091
36.1536
40.8804
42.2507
41.6117
29.5011
31.355
39.9453
38.603
34.1554
44.7366
34.5216
39.0236
30.6234
46.2181
48.4758
34.0537
35.9037
43.0343
29.2242
35.1718
30.3035
46.7158
42.367
39.163
35.1671
44.7587
40.8246
28.9374
32.8184
49.8859
46.1929
33.2973
41.4774
26.7527
41.9542
44.1811
28.3662
37.8129
44.3169
40.1351
46.8613
36.9882
37.4069
33.984
45.5051
32.0703
18.2966
33.8256
33.3962
31.3412
28.0534
20.2551
45.0885
23.0473
29.863
40.9332
45.0699
43.9777
30.9186
40.4804
30.339
20.1249
42.0031
46.4952
45.333
34.0031
37.2218
32.9964
27.3595
23.6879
29.6942
34.1867
39.0662
40.7005
46.5988
47.6968
25.8776
49.7761
36.3708
45.7523
45.0621
44.5963
34.3132
32.2565
24.8179
40.8429
42.4805
35.3315
17.9398
45.3178
39.8964
28.4355
46.198
38.0504
43.5028
27.2064
44.4768
43.0129
36.7676
34.7892
33.8184
48.9762
39.0239
30.8103
23.524
46.8396
27.7699
48.8075
19.5095
48.3903
36.9975
47.2137
14.9742
38.5926
27.4609
45.8252
42.1501
46.4355
38.5527
39.982
26.3662
45.3665
34.2004
45.6156
25.9367
39.0961
24.6976
45.4799
30.5253
35.3334
36.565
26.3514
37.9251
44.5756
26.1077
46.0341
39.2769
16.9698
33.5279
45.1711
36.9265
41.6377
34.0245
24.9792
44.0214
39.3451
32.1316
12.4869
36.8922
33.9632
40.5874
38.9607
32.4872
35.1606
34.4271
45.3012
30.8031
23.4157
38.0015
36.0759
50.5057
34.0783
31.5478
29.2612
39.1385
46.6559
22.2671
30.5475
47.2234
39.1597
25.7285
43.3901
43.676
36.812
43.5819
40.8995
24.6735
44.0969
43.5952
39.582
47.9123
33.7384
46.4236
42.0268
29.7327
48.8581
34.8376
32.7839
40.3186
47.3211
33.7406
34.9939
38.6262
42.6834
43.5114
38.0598
33.2251
37.0982
37.3569
34.0841
41.8751
43.3674
39.9957
48.8684
32.1158
38.7253
45.0288
37.4526
47.7823
42.5536
35.2214
48.6454
41.4142
29.8419
21.1418
45.8589
43.0464
42.4477
41.6315
35.4053
44.0239
48.1986
36.1217
37.6057
30.9619
44.4348
46.0452
47.3425
39.8503
31.6778
45.7717
48.695
45.9134
32.5883
37.7667
39.4359
42.383
34.5704
42.8976
34.5082
42.291
19.2817
47.5747
42.6492
42.0952
44.9628
45.9455
34.8655
34.8945
28.0696
26.6158
46.0417
50.88
30.0415
47.4614
43.7
44.8001
42.8697
29.3835
45.2318
42.0845
33.3106
36.8002
38.3469
41.5586
39.299
28.2158
18.6497
46.325
25.7252
47.1313
33.1838
40.1275
32.7816
33.509
44.837
23.7072
46.7605
50.7893
34.1776
33.8915
42.9498
31.7236
43.6846
50.0157
39.8473
24.8707
49.3181
22.7733
48.1635
28.0183
26.5992
31.9148
38.2894
37.6566
23.6133
36.2333
43.775
46.6444
30.556
43.2678
39.941
40.5815
47.4372
40.0193
29.0244
48.2611
43.9626
31.6139
38.8416
30.3265
27.8548
32.4085
31.7413
43.5772
43.7203
26.2155
43.4672
43.1315
12.9977
38.5732
27.2167
41.3685
24.0076
25.7023
35.4607
47.3451
41.1366
46.2944
20.3622
27.1494
45.8693
41.0693
43.4529
46.4996
42.566
36.3337
31.5177
28.9295
22.3398
39.3371
29.4555
31.1764
39.0358
42.9301
42.812
25.5743
36.5989
46.328
40.5978
39.4791
38.0573
31.1144
31.1266
41.8708
25.0958
37.4398
30.4398
40.9637
49.9898
40.9972
35.307
26.1111
17.251
26.7389
31.4793
35.7957
39.5264
37.3839
43.2388
34.1699
29.3019
43.6698
33.9721
33.228
37.9132
39.6487
36.0574
30.2672
47.1376
49.0065
38.6846
42.3576
40.6191
31.4433
17.5041
46.7547
34.5042
46.6151
41.3218
40.625
22.0579
48.9628
30.1289
43.4761
48.9305
30.6511
43.0582
36.7149
44.4804
27.9681
22.1712
38.2702
38.4781
44.8056
38.065
36.2629
20.0943
46.1833
34.2473
38.127
34.5313
19.0077
45.6256
33.0897
49.533
41.9545
46.175
44.2965
48.8478
31.5668
24.0952
43.1407
35.5895
37.0466
27.1903
43.2493
37.1127
42.827
27.3925
41.8461
44.333
32.1711
41.9804
31.1469
31.6284
33.1059
32.8504
42.1388
34.9791
31.4063
31.5416
39.6828
27.7254
39.1928
41.6589
40.0219
26.0794
46.501
42.6905
37.731
34.4141
24.2935
48.4393
16.2614
36.6824
43.8124
37.6673
32.7815
34.0428
39.0001
42.8822
45.7026
35.1247
43.1384
32.262
26.2162
45.4184
24.8959
28.524
40.9058
38.5519
40.6043
41.4772
38.34
46.5831
49.5909
31.642
34.0091
43.6744
32.9671
38.7154
24.5457
42.0362
47.801
41.0249
43.3319
31.9164
45.6633
48.7563
44.7866
29.9688
30.3034
28.2708
44.3634
45.137
38.4402
46.0353
30.855
28.6206
38.1533
47.3319
44.3534
47.0234
22.8051
36.5703
41.2688
48.3165
38.718
38.911
33.1972
25.29
45.2286
36.8152
42.0457
49.199
33.6251
39.2428
45.9814
47.3782
39.5986
25.7958
30.1796
27.7739
44.5646
40.8012
39.5406
28.1673
40.3878
34.0548
37.6249
38.2017
37.4285
45.0974
34.9801
43.7864
34.5468
18.6166
48.0962
45.3339
38.2413
30.943
40.1401
25.9928
48.0885
22.2599
36.3936
15.486
36.23
20.4502
26.5348
37.9035
39.0439
40.1795
39.5549
41.4409
33.2316
47.2485
44.0245
26.1215
32.243
45.8785
36.3915
43.5291
48.9479
17.0513
39.3556
37.221
48.0104
48.3931
32.6428
26.0917
41.1113
46.8748
37.2926
46.4736
29.9113
43.9833
40.5523
38.3073
40.768
30.9619
33.8435
36.5061
42.2565
47.1771
21.3378
44.3241
26.528
29.7987
36.7781
37.6389
49.6749
25.491
28.0964
47.0986
41.384
36.9391
36.1665
39.9257
33.5822
33.2906
37.9087
37.3461
43.6313
43.51
39.6562
45.9329
43.215
23.5213
42.5979
33.8136
30.2562
46.6422
45.6073
15.6357
27.7315
26.6732
47.2563
31.6491
37.5698
32.0798
24.9995
38.595
43.4676
33.6081
31.1478
44.3925
37.7026
30.356
49.5129
42.609
31.0178
36.7135
46.7057
47.9921
44.0693
34.083
35.3508
37.465
38.2041
48.1468
28.9117
34.7688
41.7322
31.218
31.3087
46.8404
43.556
29.2357
45.2903
42.5105
43.4196
39.3713
17.6177
27.3102
42.1309
25.175
37.8596
30.2966
40.7632
43.1332
49.6775
45.5552
39.742
36.7542
25.8673
45.2952
19.7236
36.2757
44.3274
37.6375
36.9263
42.1711
45.7413
41.4061
42.5541
46.2134
40.4871
46.2974
40.8801
19.4611
38.0998
26.0051
31.2811
47.1977
33.2361
40.2534
27.2954
33.4626
37.8245
39.342
25.3723
40.0018
23.2356
34.3132
41.5938
44.9827
36.1064
28.9448
46.8659
33.4618
49.8593
45.1041
46.2924
43.2298
36.3833
49.3306
46.498
34.1629
33.1557
28.71
42.9051
41.3833
38.2092
48.2768
20.1439
33.2154
36.4932
37.396
44.4949
36.6511
46.7189
23.8269
41.2936
19.9882
38.9291
35.971
38.5049
45.8041
42.6764
31.0949
39.2115
47.5962
36.6196
42.1775
35.6143
40.9441
45.6489
39.4102
45.5988
24.269
34.4419
48.4689
32.4756
35.1789
31.8006
43.997
34.1463
37.4889
41.6616
38.2164
48.9901
46.6745
43.3713
48.2441
26.5917
41.6559
45.7614
50.4308
38.3074
41.2092
44.4255
24.4079
34.5171
36.1169
40.0755
34.8185
24.5951
39.7462
37.5734
49.1952
27.1397
37.1135
36.4431
31.5057
41.2718
30.5581
34.3137
37.0799
48.9133
46.6078
47.4387
31.7707
30.6902
44.4569
50.0912
26.1367
49.0198
40.9346
31.352
31.645
37.0382
40.1796
42.8975
35.1912
38.3099
28.1126
41.5576
37.0767
43.4703
35.4777
46.2629
20.6542
29.3622
40.146
43.7596
48.5656
32.6345
43.3171
43.4892
35.4859
35.4024
44.8791
37.0384
25.9832
44.8068
46.7901
41.1916
31.1621
48.0244
43.6173
34.0173
39.8633
41.2908
32.9026
25.8759
43.3707
19.6454
47.3844
20.999
29.1289
50.0693
35.4097
20.655
45.337
46.3778
35.9455
41.4085
27.2461
40.3035
43.7674
45.3572
44.0676
31.8081
41.0038
37.0819
34.063
34.0033
44.3341
47.5209
44.1026
26.2762
34.5502
48.0097
35.1415
41.9626
44.3751
36.6073
37.4049
37.4884
30.5247
27.2603
43.9896
49.1155
34.0745
19.0917
45.6117
44.5024
33.9581
25.7386
28.4953
45.9641
28.2598
36.0519
34.331
20.3242
28.5396
33.3081
43.3838
46.9457
39.1909
38.8958
44.4647
30.8733
33.305
26.3474
28.0864
34.9955
19.881
30.9047
26.8505
37.5841
42.7863
32.2567
40.1464
40.9584
34.2926
35.8493
48.7403
45.4753
42.0245
39.4309
30.3224
28.173
39.648
43.3451
44.126
48.8641
47.7933
37.8718
42.1974
49.2793
31.0947
36.5832
43.8796
47.3918
31.9274
39.0206
26.179
31.8176
36.34
35.4723
42.7553
33.0846
35.1962
40.6433
46.7833
45.6263
30.0031
44.0534
35.9992
31.6378
30.5651
42.7431
49.2639
42.235
41.3839
45.0842
39.0486
34.802
43.1829
36.0706
30.3733
48.8005
27.8284
27.0175
40.1876
33.1041
38.741
45.6804
44.8549
34.7944
44.2394
48.4558
47.9007
41.7707
44.6657
34.7959
46.4864
39.6988
15.6666
23.2045
41.8043
33.5247
40.9408
33.9487
48.4377
23.6831
34.0706
39.0918
41.0209
47.7757
39.7191
25.5388
36.6507
45.1469
39.8723
34.7646
40.1707
23.9088
24.8471
28.1276
37.9253
35.7337
21.0801
44.2456
38.6081
44.4931
40.9991
28.8663
40.6966
21.1633
32.0327
36.2151
39.4948
42.753
45.1796
47.1763
39.9927
36.0869
24.5985
46.3113
43.1678
37.9814
42.8716
40.7117
50.6627
42.8051
50.7521
32.3707
46.1859
45.5804
23.401
41.5549
11.2754
37.7372
48.8587
40.4787
45.1959
28.0395
34.332
43.7672
22.08
29.2546
23.79
38.2333
34.3265
47.0301
31.6801
41.2231
37.2722
44.1009
45.2994
37.4105
43.0813
40.9832
36.9038
39.5047
22.0696
43.8144
34.8521
44.4926
40.807
48.6246
40.6701
22.6676
34.0136
48.5303
29.1404
38.4999
35.7056
39.632
42.8546
34.373
29.7463
32.6394
20.5816
34.1389
38.7902
27.6961
37.0852
37.7998
41.3803
49.7095
30.2909
39.6532
41.6405
41.5976
40.8526
39.7026
41.2619
31.5281
29.3056
42.4756
28.9135
36.7016
32.3545
43.6986
41.5888
39.3215
40.1449
40.5012
38.8794
42.9742
40.757
43.2657
43.8347
29.6756
47.8732
38.803
33.996
31.3327
40.2536
38.5601
42.1459
24.8633
48.4244
44.518
28.2537
47.6982
38.5383
29.8862
42.4382
21.3828
34.1842
36.132
48.1712
34.1444
45.9572
29.6133
29.947
41.5351
47.0695
35.9896
21.7872
31.2407
43.9851
42.3593
44.5563
47.2969
46.2982
44.3167
30.9018
40.7383
43.8274
36.7807
28.134
46.209
29.7288
40.3793
20.5808
41.0076
41.2519
32.4218
49.355
37.2457
49.1042
37.4592
40.8855
48.2679
38.4032
35.6208
46.5409
43.666
43.7841
46.1767
45.4422
32.8502
38.5062
41.3807
39.3096
47.8042
43.5758
43.6429
43.6426
39.9545
33.0377
40.0766
43.7653
41.1284
43.4916
44.893
36.0647
19.6686
27.263
28.7064
36.4746
43.5976
26.6311
21.1272
35.9495
33.0767
36.5159
33.0041
37.398
38.7737
28.8632
33.8269
26.6083
34.1969
27.4377
39.7207
47.79
48.398
35.5416
39.6371
29.6311
43.3124
37.2759
33.0939
45.706
16.2889
34.0966
47.0275
45.4097
35.1054
31.5391
43.7776
28.3705
26.0633
33.9667
44.1974
42.007
41.1643
34.2656
32.2083
34.9295
35.3796
37.7411
44.962
45.3613
42.1401
33.8697
38.8751
23.0203
28.6687
49.2711
43.9571
47.6158
36.1676
35.1418
35.4069
32.2628
23.434
39.8651
30.8883
30.2604
36.0327
43.2262
44.4178
43.7758
29.9499
48.7153
26.2556
30.6403
45.3467
42.6236
43.7847
38.5728
49.553
43.1205
21.1083
46.5835
38.0055
26.0414
40.1764
36.9089
47.3219
41.1222
44.0732
40.4102
34.62
47.7591
37.6642
29.5479
29.5076
42.6171
39.3411
43.504
33.5745
31.5344
39.4468
43.5387
44.8756
44.4585
24.3223
35.5047
45.3689
46.7932
40.562
34.2959
46.5116
35.2627
42.3087
32.1386
43.8187
49.0306
33.6735
41.3537
39.4396
44.6939
44.3311
41.1233
48.5042
49.0981
37.9095
34.9533
45.5261
35.1512
32.689
30.9193
34.4345
47.5985
48.3022
44.214
41.6576
33.7186
43.0592
49.2394
40.2389
48.6852
45.7319
29.1611
40.6136
44.85
44.8913
19.4954
40.8819
25.9098
37.9437
42.4797
45.5062
31.2182
38.7155
31.9191
18.3257
38.7124
36.4321
30.3352
46.4604
48.0455
37.5898
35.678
24.2798
19.5086
34.4709
29.0226
35.5896
23.4752
46.175
23.7093
35.9138
32.3851
44.0776
34.9633
42.0076
45.7144
36.4585
31.7604
35.5569
46.4839
31.7075
21.1086
41.2498
29.4942
47.2159
33.1202
48.9214
42.4819
23.9944
34.463
47.2465
35.7806
31.3621
39.9179
36.6305
33.7544
50.8403
47.2371
46.4009
28.6504
48.2328
35.762
26.379
28.2759
33.5891
27.2606
39.4528
35.3774
36.5843
40.1947
37.7371
38.4408
38.6572
40.2653
28.348
44.5616
29.7029
32.5704
29.508
30.3332
45.665
29.7621
43.362
41.7506
32.0014
29.5507
47.4739
33.2467
25.6701
43.8668
40.0111
38.7365
41.6749
45.2664
28.6221
43.0097
35.5865
32.9606
39.5367
25.2725
42.1471
37.0112
40.4928
45.8622
34.05
32.0103
43.7486
22.1153
35.2714
19.875
34.4291
38.8591
44.9633
39.8418
46.6361
45.2483
25.4785
44.6328
39.5908
40.6869
27.2885
35.3108
35.9827
32.2798
36.9022
35.1238
43.6834
29.7752
39.4515
43.6687
44.4727
35.1433
36.7717
31.521
23.5121
49.5336
45.8178
44.4091
27.8281
36.0252
41.9148
23.821
39.8574
25.9919
44.8713
37.7143
43.6904
43.9104
44.9332
36.0039
37.4848
27.1598
37.2264
41.3811
27.3379
42.0717
45.4141
41.7558
23.9369
40.6335
43.5872
41.7422
47.0167
47.3871
47.1158
20.0043
33.9548
23.9237
40.2401
37.8747
50.6053
46.8651
42.8058
40.6975
40.3347
40.6206
24.5784
36.1332
46.3939
31.8152
28.3521
40.3333
35.9665
36.0815
35.2217
48.3803
36.8929
30.1459
45.0857
29.8962
42.0126
40.624
39.9104
47.2356
48.0188
45.1557
42.4884
44.2202
46.5239
20.3153
39.6115
21.1786
29.7342
48.7687
43.1569
47.6436
33.4785
36.9506
41.9297
32.7719
41.5027
32.475
28.2972
32.9704
40.6762
40.9396
46.5736
39.3745
45.2081
33.9425
36.0518
22.4693
48.2662
26.3605
33.1707
43.1654
37.0431
20.6407
43.4958
38.7868
28.7097
37.5437
34.8977
31.0215
43.2533
12.7979
34.9054
29.5773
30.0993
33.6898
38.173
43.0368
48.8552
45.6184
37.7122
30.8302
45.5141
34.9386
35.528
49.5344
47.0242
33.4999
39.6995
39.0375
48.7992
37.9508
38.3578
26.5198
23.6508
39.3299
35.8795
47.9939
45.7433
47.0045
43.97
33.7955
40.5658
44.4301
35.0904
38.2136
16.1927
43.0275
34.7441
27.7042
37.0682
24.4396
42.6523
28.8986
38.5964
28.6204
32.4999
41.9648
44.1474
45.4952
44.2969
35.0882
28.9102
37.119
44.1673
42.9903
43.1429
33.6788
39.832
41.0729
32.212
40.8037
30.0103
27.0143
28.8555
43.245
47.2841
50.5145
42.5156
45.9774
41.6356
21.7525
38.2221
44.119
33.548
37.9128
44.3733
40.1369
45.0433
44.4424
20.8639
28.9877
39.3871
47.3771
45.0622
45.9331
32.0512
16.8354
26.7738
30.8318
28.1992
40.8962
43.9885
26.8643
34.3944
47.4814
26.3101
31.3917
22.0966
38.1327
39.0477
35.0079
40.1596
35.3258
44.5045
40.8099
25.2874
39.4169
44.6002
20.0674
43.0274
35.6122
44.0257
46.2964
39.3735
30.7644
37.3682
29.5455
42.5253
17.8108
26.5305
28.901
33.8079
41.0437
44.4032
38.6782
26.3717
32.7667
41.65
34.7648
32.0454
35.8325
47.0336
19.6145
37.5339
23.2935
41.6924
48.1551
42.8548
43.2306
30.5822
36.1243
43.3134
38.805
29.6608
30.4246
31.3959
42.3402
41.857
47.1613
12.2273
29.7242
43.4948
43.0621
37.7734
41.1712
41.376
33.76
32.8959
42.0771
31.586
31.032
47.1221
42.947
32.6264
32.404
38.0067
42.9349
10.3686
42.8672
48.5619
39.8236
47.1093
40.8185
42.002
26.0787
25.2579
36.7652
42.1741
23.3284
34.6974
35.3192
23.2397
38.1578
38.3271
46.9894
44.5069
51.0724
28.6483
42.5524
40.2703
36.5283
39.1303
47.2707
44.2937
22.3617
40.7975
18.8321
33.4737
32.9877
45.3776
47.6396
44.9045
43.5403
44.0238
37.2419
32.3373
41.0575
42.9694
49.2636
44.6897
38.3917
46.4388
48.902
40.5663
34.7936
42.6438
50.4466
27.5724
48.9555
50.3392
34.6961
32.4398
40.3621
49.0332
34.0556
41.787
45.0419
32.1026
44.4489
36.333
47.6224
36.8855
42.4428
45.3169
33.409
22.2305
30.2305
42.8287
36.6815
42.8084
32.357
39.1038
41.205
32.5684
48.0931
28.8451
41.4714
32.6264
40.0064
31.6599
25.0637
33.1646
27.0392
29.5924
34.1833
40.4462
47.4772
34.3876
22.0642
43.4982
39.0722
32.0363
32.1712
29.2691
42.1241
37.6416
12.2036
39.6618
36.4317
35.9813
28.0348
26.3905
47.3411
46.8716
44.0876
36.2373
42.0259
38.0662
39.3128
45.7432
44.4293
50.622
36.9802
33.2363
30.3271
33.6965
24.7869
35.8757
31.6425
37.2332
44.6334
42.9786
30.2687
40.5027
23.4595
30.3564
32.238
47.5876
40.5247
27.8545
42.7181
40.7222
33.2865
28.074
45.7555
39.6843
35.8381
45.5657
42.3168
42.092
38.1986
24.498
40.5262
47.7641
43.1379
41.3445
40.7236
43.9144
36.8442
44.1023
44.3578
25.2487
39.5371
36.1747
37.673
36.8081
26.4729
39.949
24.5264
50.8578
45.4951
39.6569
34.9011
22.545
41.9798
21.155
25.905
42.9267
24.1605
42.6176
39.4025
39.6061
26.1444
37.9072
42.9077
40.5781
45.6834
38.204
32.7951
33.5964
38.5681
41.0639
44.3532
36.0371
42.0571
46.2614
34.379
44.1599
26.3289
49.4949
31.8483
26.6149
44.1079
44.0579
46.9417
36.7399
23.4171
21.0201
26.3944
16.5286
31.413
45.2188
32.3199
25.1719
41.4729
48.5263
39.4397
35.0123
42.6542
36.1091
36.2278
37.905
48.1602
31.1557
32.862
43.9999
20.4019
38.3533
44.7555
38.6839
39.9369
41.3896
30.3078
38.4113
35.0249
29.1416
36.1592
44.4536
36.9505
29.0629
40.3252
20.9689
40.3301
37.847
29.6717
28.5524
33.9126
45.8232
24.318
24.5691
40.1422
23.9485
33.343
24.3172
24.2202
47.2844
42.5599
35.4161
28.7196
46.8908
44.4305
39.2436
30.4462
39.0943
37.1878
39.1129
40.0058
36.1973
42.989
45.1144
34.4314
40.0853
38.2663
28.664
36.0813
22.4763
43.3414
46.9329
22.5615
36.9929
19.0676
31.9349
40.9269
24.1305
36.3901
29.6804
49.1808
27.1245
48.3533
35.7607
45.0156
24.1937
28.3825
43.7545
29.2649
34.9015
49.6326
33.3109
39.9591
44.7385
21.4843
30.6261
28.8817
40.9549
42.8217
46.7029
37.1437
48.8482
43.0111
33.0222
16.1724
42.794
43.8968
37.046
46.1197
31.1977
43.3672
42.9184
46.8645
33.9345
37.3668
27.5831
35.7573
48.7467
28.3684
38.0103
39.5634
30.3027
36.5037
39.3491
41.4838
28.9062
41.4603
45.0014
45.3221
31.0807
22.8923
40.4696
38.1551
17.5738
35.6383
34.5259
44.0404
44.107
46.6518
50.0665
35.2673
28.1337
47.354
41.8503
39.9147
31.0308
41.9003
29.966
48.0855
36.5821
31.1347
44.6423
39.0357
40.3336
24.2034
35.8406
26.6603
19.3881
42.3355
49.2743
28.9793
32.1167
46.4629
44.0463
42.4238
47.1718
31.728
49.9824
34.164
31.474
46.8229
23.1843
43.7581
27.0048
28.6847
32.7276
36.0201
36.3094
34.3141
14.183
31.0918
46.4686
39.666
27.221
44.8242
43.3354
42.3345
43.632
32.5391
18.2144
26.1017
38.0095
44.0989
38.0296
34.3613
33.9736
34.0603
47.8373
39.5011
38.6514
35.4138
13.8796
46.6257
45.4229
24.7423
39.0645
45.0735
50.2784
34.3825
45.9306
47.8
32.8134
46.5485
24.3219
34.6598
28.8399
42.1361
32.4591
42.1296
45.0805
46.3029
47.2143
35.6916
37.0345
46.7459
34.0668
27.8846
35.5449
45.0552
32.3218
35.6957
40.935
48.3285
42.7293
37.3744
46.8274
30.3955
49.4553
30.9535
36.6142
46.5213
38.0606
41.7969
48.1946
25.347
21.1401
47.6487
29.9645
42.2308
43.5074
38.0661
45.438
43.9028
32.1157
37.7238
24.8171
42.023
34.8474
19.6002
42.3285
37.5747
25.5398
27.954
37.4629
45.2667
47.262
25.0851
35.3457
37.5363
45.8835
39.0622
33.5586
13.2245
47.7125
39.8508
48.3131
29.0211
25.0271
17.9758
42.3739
35.7489
45.6936
34.2445
43.9575
45.7878
31.6479
44.0863
41.2135
33.1961
40.7898
47.23
46.3298
41.3182
34.5639
34.949
46.9987
47.7009
46.6975
43.1212
45.4814
42.7654
40.1318
38.3934
40.827
36.1226
34.3215
35.7744
39.5571
41.4989
44.0685
27.4328
39.3236
35.2825
39.6171
40.7599
33.1008
44.955
31.8109
41.1159
37.932
34.3845
16.6557
44.5163
25.3604
35.8141
31.141
42.3548
47.5715
46.3437
40.4952
32.8477
44.7523
44.6664
30.8206
31.6627
33.7451
48.9869
35.0022
37.8247
42.8913
48.6384
34.8377
28.2347
25.2534
34.8766
39.2053
27.6352
44.2946
37.0835
41.7457
30.3589
41.0322
43.007
23.2298
36.1123
34.9457
47.1391
36.1429
46.6558
39.8192
29.4608
42.2894
17.7469
38.0137
30.6231
32.5191
27.7215
24.1733
33.3542
36.7299
42.828
31.9934
31.8022
35.6629
35.7213
27.532
47.2883
20.9433
35.3501
38.5812
34.7882
37.5636
46.7745
31.8474
39.2645
49.6489
38.3032
27.4282
39.8091
45.4543
30.6623
33.5736
32.0728
30.7566
23.4487
41.9364
44.2898
37.2959
38.2467
30.7526
22.5914
36.929
33.1049
25.8656
48.6162
33.8308
35.2778
37.082
41.5404
34.131
41.0142
37.2058
31.3232
39.0228
44.828
38.493
30.3619
35.8799
43.5848
21.5203
40.3015
39.1418
31.482
40.6108
28.1049
39.2223
41.5113
31.7458
50.1612
39.7535
43.8614
35.6536
33.301
45.0778
37.6908
41.4175
31.7475
36.4483
43.8094
27.3259
37.0222
39.0454
43.4014
25.8341
42.9795
32.8848
35.5584
37.5257
35.7075
33.8665
43.0066
47.6637
48.0218
47.8595
29.4994
37.6287
42.2255
43.2917
38.7315
39.6639
45.7259
27.4498
37.2269
28.5108
36.7741
34.4858
39.8404
47.1555
28.2256
16.8911
45.8397
41.3484
36.664
37.1251
33.9285
45.9836
40.2796
36.7729
41.5916
45.2779
43.7351
39.9694
47.8799
47.9387
37.3836
31.2057
28.0803
40.7786
48.9346
37.2686
23.105
37.9026
35.0818
32.0547
43.2105
39.0559
36.9974
35.4619
32.6236
43.9397
29.1978
30.0017
24.0629
32.8006
38.0706
46.3006
39.8933
35.5123
39.135
40.0869
32.5628
42.8433
42.2378
42.0655
30.2308
35.9476
35.0338
37.5081
41.8131
41.9704
29.7975
44.7335
25.7222
34.5821
30.8494
36.4501
24.6551
42.1172
13.277
47.0913
31.65
31.9574
43.9692
44.4294
45.2323
49.4825
32.7934
28.1637
39.2978
42.3365
41.1367
36.7459
45.8901
40.3507
39.8209
46.7725
41.65
37.6321
22.0717
44.7472
33.7055
35.7242
30.5301
46.7946
31.3196
40.9501
43.6626
33.3976
39.7438
34.9491
28.6319
40.9567
32.9611
44.055
25.4355
38.1191
46.0776
34.6718
38.9985
30.8356
22.894
36.198
30.5564
44.1286
34.8341
36.1992
33.9977
44.0389
33.5116
28.0355
38.0609
17.8634
37.2158
40.8338
44.2312
42.2067
46.325
36.6339
38.9692
30.1758
36.1805
43.8281
38.0331
20.4655
38.8175
34.5341
42.6208
48.7646
33.9061
28.0448
41.4924
30.6832
42.1743
47.7403
33.2841
48.2812
44.5032
43.9294
38.3796
31.5703
32.0358
41.7946
43.8153
43.1772
47.6539
38.7068
39.0268
47.364
37.8114
45.092
47.2961
45.5575
40.1634
24.5368
34.4658
36.4756
38.5702
41.5701
36.6304
43.1394
33.5745
31.1247
42.3497
45.8728
34.2679
27.2255
42.6322
48.7978
37.0624
43.7285
25.548
34.054
45.0036
38.7116
37.516
33.6696
20.5377
34.5592
43.7208
34.7439
37.7211
38.4689
43.4914
31.684
24.2043
31.671
36.7195
48.7634
47.0695
36.6329
34.3076
44.1839
25.1573
40.0601
49.009
27.6406
38.4103
39.6929
35.2508
42.6607
20.1159
29.0343
31.0121
34.442
47.7152
34.16
39.63
49.4297
47.1247
34.625
47.8919
36.1477
44.2092
29.9879
40.6936
49.1821
24.7944
37.2726
38.4257
43.8373
24.8457
39.0412
36.99
43.7618
30.3718
34.9945
34.9707
42.2466
32.206
42.3958
40.2084
31.4384
30.4273
36.0554
44.7732
23.0623
31.5872
47.057
39.758
22.6905
47.6055
41.6993
43.6826
27.1126
33.366
47.0175
41.3574
46.857
48.5359
21.4401
34.1164
36.8253
44.1518
43.1502
44.7559
28.3768
42.0147
48.3057
31.9541
46.2044
44.4815
31.3615
29.1121
46.3121
47.0453
45.2873
40.892
43.2699
44.2979
43.7285
46.8308
43.7354
39.4898
28.3709
35.0652
46.7509
36.3731
32.8768
46.755
41.851
21.0624
51.2936
25.9864
34.541
33.0097
31.2091
49.2303
33.1848
41.0465
42.2398
49.227
44.2633
26.716
37.0015
38.3119
35.2653
44.7767
41.3289
50.5222
41.6753
37.7099
37.7077
27.9108
38.548
43.7683
32.9224
39.494
32.3114
41.4511
38.4028
35.9204
39.5295
33.8837
36.8579
36.831
21.1864
41.1349
37.7926
38.4399
36.7358
30.4413
37.2931
37.8225
33.0147
38.2686
42.8883
46.0293
23.6338
47.0135
42.6602
39.5498
35.1084
13.9941
47.8882
31.2344
50.1976
41.9088
34.0135
19.2629
40.7679
32.538
42.6465
19.4633
43.9492
32.6712
45.7743
45.391
31.5804
43.8448
27.496
45.8685
31.9774
33.3143
23.0624
39.8695
39.864
33.9219
25.4703
50.1474
43.4287
27.1068
35.9646
44.8649
36.7431
41.8375
38.8684
44.2368
37.4808
40.3657
38.37
42.9576
27.683
22.8358
26.6123
23.0643
34.5963
49.9744
49.1825
39.2438
27.758
38.5861
38.5322
43.0919
37.9829
34.903
37.8121
47.9171
34.8756
45.8087
35.2396
36.1343
37.6167
40.8268
36.4855
45.9149
33.5396
45.6879
38.8599
39.6459
18.4005
45.6979
37.2662
44.89
37.0141
41.6823
42.2796
39.9598
26.1205
25.033
51.0901
44.334
37.8772
34.5289
42.2682
33.6784
50.7407
36.9965
43.3451
25.9888
43.371
44.3265
43.2086
46.4111
25.902
37.3883
32.5756
43.941
35.2189
41.1376
36.6969
45.9274
41.2533
35.1539
34.6386
49.2368
47.8536
39.3988
36.3843
30.748
23.1405
42.5909
28.48
18.5009
34.5411
34.3236
24.0761
33.8893
37.072
29.8537
39.1681
45.677
26.7956
45.0909
41.5853
21.2248
40.8179
26.0695
42.4146
21.2831
44.5638
33.9472
49.2385
35.5773
27.7791
33.6265
39.8878
40.1584
34.9156
38.6886
28.7617
30.5906
33.1849
26.4796
40.2236
24.0852
34.3231
33.7195
24.115
27.342
44.3167
40.1288
42.7353
34.1229
22.5882
32.585
29.7615
35.9976
31.7162
44.2023
32.3698
42.3611
27.102
38.8804
27.7458
30.9181
42.5793
45.4967
32.818
44.1628
41.8365
28.953
45.3296
32.996
31.4992
42.7162
40.4933
37.7577
25.019
32.9867
40.805
37.1927
38.4093
48.6265
32.9702
45.5355
42.4362
43.0496
46.5684
30.806
35.699
32.2811
25.2821
35.531
32.9958
30.644
35.8546
46.3328
22.2134
43.3759
46.0915
29.497
34.0204
42.8361
36.3713
38.9651
25.6864
48.1703
37.5776
24.1645
22.5634
36.7228
43.3017
42.9942
8.77727
39.9844
25.1042
43.121
47.4952
33.6023
37.9186
43.5707
48.3351
39.9979
39.0151
46.6653
18.7414
41.012
29.878
36.0668
45.7319
29.6186
43.9207
31.256
19.1699
41.0636
20.1412
37.6324
40.3684
34.9583
31.3557
32.4914
10.1574
43.4189
29.9955
50.7164
35.3114
35.0684
47.0849
49.361
39.6663
40.9897
38.0419
40.3392
37.8583
44.8586
47.3829
43.4523
32.0671
33.5556
36.5506
27.0203
39.9131
43.3718
24.5538
37.8399
38.0217
40.9579
46.2376
34.9924
40.2418
37.1396
43.5701
47.1194
21.2793
37.9443
42.4836
42.04
30.0462
29.0999
34.1644
35.0883
41.602
31.4251
41.1336
22.8479
33.0913
40.3418
32.5745
35.5666
34.7051
35.1373
34.0298
39.8736
40.0377
42.7607
48.6253
45.9618
25.9189
43.37
38.4861
29.0204
38.986
39.4065
19.4765
29.2399
39.9214
36.4408
32.4349
28.1856
48.4863
33.5567
40.9037
39.8286
46.8914
24.7219
28.2458
41.9947
28.4784
33.5736
37.8776
35.4326
37.619
42.8828
32.1476
40.066
25.2058
40.1105
32.6918
28.1362
38.3247
35.8552
33.5491
27.2864
45.3024
40.9579
39.1063
36.8527
36.7832
37.6799
26.1089
39.5947
33.5443
37.8497
45.7947
24.6018
13.6738
38.134
43.5318
45.8368
26.7
46.0771
33.1216
42.9054
36.9528
24.831
32.3523
47.5877
37.4579
42.9192
45.9288
30.3365
41.4899
39.7648
41.244
44.1339
46.3594
39.8461
43.3052
8.96456
49.5398
43.5045
15.3469
50.014
42.0298
27.9395
46.9701
47.8419
18.8835
44.3098
48.1028
37.4362
43.5946
47.8989
36.8316
12.6647
22.5052
31.4699
39.734
48.7169
35.4589
35.5701
47.7931
42.5169
45.712
37.4004
45.7213
37.8905
40.0815
36.8155
37.5108
29.7721
30.4257
29.1064
37.2496
42.3496
25.2755
45.6555
46.9536
47.3397
25.7767
33.5947
50.507
28.1845
39.8219
34.4057
38.7008
31.9027
36.6247
39.738
36.2994
36.8862
42.9868
46.9085
21.1811
35.3565
25.1575
14.2416
26.4848
47.0094
34.1294
28.0652
46.2581
42.9223
26.6801
29.4654
20.4206
46.7641
33.0694
45.8123
20.2452
32.9981
42.5258
39.2282
39.9411
34.6134
33.0359
42.2264
42.6558
28.9262
44.1442
28.5725
24.6572
22.2925
48.3718
43.0145
21.1607
32.7873
39.9165
30.3505
45.1993
35.4167
35.8907
40.9746
37.4911
29.0284
45.7218
38.266
29.2282
28.3876
24.7897
39.4827
32.7725
39.252
28.0849
35.9071
48.1082
10.8409
36.6981
42.6655
37.1232
41.5911
34.9245
43.3436
48.8758
38.0844
29.4146
30.3466
40.1863
50.1899
26.5679
47.344
23.022
28.2168
42.5634
32.5294
41.0679
36.7742
38.1074
23.7164
37.1849
38.2234
23.5311
39.3142
35.2554
28.1126
29.5264
45.5736
35.4974
36.068
43.3305
33.2934
37.4219
36.1497
30.2089
45.0219
41.3395
48.5102
40.2186
30.337
43.1776
24.159
37.1233
35.8372
30.6813
40.259
34.5748
41.6343
32.9035
36.0635
42.7098
21.6815
44.5381
13.9826
30.6506
39.6255
47.3515
27.7975
47.8825
43.7568
38.7113
44.0394
33.5316
44.2608
27.1736
31.4853
36.133
43.3369
29.1155
34.4221
38.0527
49.0141
41.5875
31.1504
21.465
45.1182
18.6006
35.4863
49.5969
45.589
40.0113
42.7112
34.9259
39.1748
26.8883
41.4654
36.0484
39.3
38.6328
30.4262
27.9163
42.8217
20.992
46.5873
22.5761
37.2948
48.5138
33.9612
41.044
42.109
37.5553
40.2359
29.6739
40.8827
45.1706
45.1502
30.7
43.058
38.8731
42.751
41.5144
40.333
41.6678
39.9347
44.8149
37.4382
38.8946
40.8528
34.9792
37.9738
21.6331
34.2128
35.992
45.0148
28.5066
43.5896
37.8879
38.1349
44.5383
33.5305
35.3977
46.4472
32.2178
31.0417
45.4583
24.9223
36.8237
22.3422
41.8832
36.6832
31.4638
43.4016
17.6935
42.7062
35.2366
41.5537
42.413
33.7799
30.0463
26.6251
40.7781
35.0313
40.3341
35.5105
40.886
44.286
43.2985
29.1642
27.1515
18.9132
47.0656
32.8009
31.6231
46.4804
39.5823
21.5098
41.4454
32.4135
47.3259
36.7407
20.2034
36.656
46.0161
37.5701
38.1339
38.732
46.7253
38.1029
42.9381
35.3369
34.1828
39.1219
45.5327
33.8382
38.8313
43.4668
13.2065
23.6218
25.5679
33.7292
22.2354
42.0239
44.4512
36.0608
38.3364
29.4977
38.417
22.8879
45.0844
44.6666
36.3282
39.449
35.4186
41.8838
24.1583
27.1888
45.7812
44.388
33.773
45.5415
42.9233
38.4437
30.5968
33.7617
35.8447
45.7358
36.0624
37.4052
19.0169
34.7186
23.2051
38.7875
33.1562
28.3936
41.6866
28.1987
33.3207
46.597
39.8969
31.8207
40.4962
45.9462
26.1317
38.5629
40.0774
43.2038
34.6651
25.4744
36.8134
44.5333
38.3327
24.3721
37.9584
35.0694
39.2431
35.8832
42.0876
37.9892
37.7784
32.8998
16.8734
30.3034
42.23
44.9878
32.2242
37.7112
36.2644
23.7172
39.3817
48.5049
45.6169
42.7779
43.8811
23.625
47.5832
19.7417
25.2878
41.678
42.0255
20.3667
25.6364
46.3117
34.7531
30.704
45.8287
45.4163
35.9538
38.9561
48.285
45.8699
42.5562
25.0408
37.2443
41.521
36.2949
40.593
24.2727
32.1329
39.108
47.7231
38.5964
33.3282
39.3198
39.6964
32.9645
34.5668
32.085
37.9314
39.3387
44.9247
42.3682
43.1652
33.1861
31.6804
33.1875
47.387
42.9717
45.7006
20.0073
40.0839
40.9658
48.5279
34.0776
42.4832
36.7387
45.0835
44.9133
46.6124
47.8846
43.2741
32.213
39.7099
34.4091
32.1932
30.5757
29.8349
39.2693
45.3336
37.2462
40.3005
41.0796
41.5009
41.1927
37.7148
34.5936
43.6387
35.0029
41.2927
46.4722
26.4447
41.4899
29.784
42.6124
47.5447
49.2669
37.2435
42.8756
44.0305
31.9382
31.531
48.514
42.8168
42.3329
26.8425
40.4985
37.5763
36.7159
44.2682
39.062
39.5392
38.0609
48.8927
27.9956
36.6061
34.087
49.3675
22.9545
44.8209
39.6339
40.7797
43.0136
41.9489
23.8439
46.826
34.1955
47.7384
46.7185
38.618
30.6581
27.6596
33.3957
22.7476
49.5896
31.7324
27.0799
44.6821
43.4609
37.4618
43.5989
40.1699
32.1178
40.9565
38.5346
37.5936
28.3445
48.5007
31.9027
38.6046
27.435
49.1753
46.7263
45.6097
47.3622
21.5652
14.4644
41.3702
46.1932
39.9356
29.7391
35.9867
45.21
39.1956
42.6621
24.7462
36.3996
35.6549
27.211
40.1185
42.3176
43.7535
34.0879
46.103
32.389
34.8373
10.0443
45.3693
42.2005
42.037
36.7428
15.4402
28.1336
29.3709
33.0058
40.619
19.1608
40.9659
39.8831
38.8746
39.349
39.8315
41.0116
28.0186
41.1451
29.6463
34.6607
39.9832
40.4922
42.7515
26.3266
30.8792
28.1551
46.2946
45.5658
39.5242
45.3776
40.7669
38.1589
42.2626
36.9161
43.6648
40.6579
45.4589
38.4992
25.5464
25.4176
44.0989
45.6315
39.6236
33.762
32.1638
28.989
42.1989
49.1758
34.9635
47.8695
42.3998
39.2764
13.2976
38.1484
38.2951
43.5169
41.8071
27.4797
28.1417
28.6828
47.4505
23.1451
31.8536
31.5654
48.7868
38.5435
32.5599
40.2931
37.5041
32.5112
27.2481
33.7889
29.0699
43.7925
14.2787
35.6334
22.799
38.3291
18.3013
42.1218
33.3657
29.0808
34.2942
35.0152
38.6
31.301
45.1949
15.6849
43.3242
43.6098
43.2608
42.163
33.5431
28.0568
38.1851
39.615
48.014
44.3348
46.1664
26.5524
47.6055
49.7939
32.2536
38.4567
38.9856
47.3487
28.0332
43.69
32.3794
26.5615
37.3171
24.0912
49.4235
46.813
35.0468
25.6559
23.9307
37.6843
38.287
17.1677
30.8664
28.9409
43.6855
26.0148
39.7133
35.0385
28.5932
31.7125
31.0806
36.616
42.5446
45.1651
42.8098
34.927
34.2859
43.8409
33.8404
40.0817
34.0888
40.9757
39.0449
38.3189
35.4516
36.8004
43.3599
30.2639
41.1197
38.3562
36.1592
50.3071
35.9606
39.8715
44.6328
33.8323
41.3855
40.6894
32.9942
48.7829
28.7912
39.4024
39.0621
39.3056
50.9707
37.1832
48.4724
20.5252
36.1326
45.7562
40.6433
29.7261
47.9724
37.2372
43.6972
45.5869
28.5789
38.8625
41.5909
36.5652
29.6997
39.5137
34.6054
39.513
42.7134
48.8861
26.8407
47.5329
42.7572
35.9469
33.4908
37.0416
32.8501
48.0695
40.995
37.8323
43.9302
22.5299
36.7994
41.538
32.8637
32.8949
23.4246
38.8671
38.8957
24.9183
38.6166
32.4714
16.8103
44.9201
40.1409
39.5798
35.1444
42.6644
41.2209
40.9488
42.8365
47.9313
43.7217
30.5218
30.7731
33.6673
22.4997
31.7615
27.2839
28.6379
35.2164
25.8326
37.6523
40.3699
37.7054
38.477
35.3772
36.2696
38.0204
32.3598
43.9172
32.6432
23.9242
45.5366
43.6525
23.0267
28.7508
41.1749
42.9668
28.4242
40.3655
39.9582
33.1891
26.2188
27.168
33.7362
39.353
37.6361
45.6896
40.8015
44.5858
41.052
45.1578
45.0051
44.9107
32.188
42.3467
39.3747
39.2852
34.7384
21.5177
46.5728
47.1701
30.6298
43.4721
47.4334
28.9257
35.3341
39.9117
42.0022
45.011
45.1709
49.7836
36.6497
31.1527
34.7486
23.1021
41.0217
42.6974
47.8822
30.6639
44.5136
39.2916
32.6995
39.3143
45.7633
34.8392
36.743
42.4004
35.5032
48.2136
25.2191
45.7854
35.4541
26.7337
42.3613
18.1242
33.2466
42.6601
46.4269
20.719
46.9827
36.9356
43.6891
39.4424
30.7809
25.1778
46.9187
14.8773
28.726
27.3762
42.2204
28.7791
39.4258
44.6296
17.563
46.1266
32.127
24.0301
48.7547
44.7177
35.8803
32.8931
45.0897
41.3742
36.1054
37.766
44.6822
42.2719
43.349
38.6037
36.4543
43.8598
36.3502
35.3199
44.955
41.9966
41.5319
45.8083
45.2778
39.3749
43.4052
44.5983
40.5005
31.2696
38.1951
34.6384
29.253
26.8111
27.8835
45.4695
46.8742
33.7685
23.6977
41.2203
33.6062
36.2802
38.9428
40.6798
40.8946
34.7879
41.8877
32.8203
44.9219
39.2427
36.0637
41.8781
35.0758
46.091
31.718
28.8909
25.3394
46.1889
46.2971
30.9922
44.4269
33.9923
45.9572
38.6474
40.8905
42.0744
29.4471
42.5384
32.9185
25.1928
39.7021
46.6052
44.1295
40.3911
40.2553
47.0341
42.6553
41.4249
36.3843
31.3979
48.2727
38.3644
42.4545
48.2022
40.2369
39.5289
43.4055
45.2404
36.555
37.4584
25.5329
46.6554
25.7524
26.357
38.8753
31.3246
37.2393
45.9355
34.1286
47.7394
47.228
38.8175
33.2821
29.8723
15.2417
39.7037
22.1864
38.6128
29.5743
47.5405
43.3739
33.4689
39.2695
34.175
41.405
31.7723
18.976
42.3053
35.7985
37.5611
35.022
27.299
29.4816
23.8835
38.8738
34.9043
46.2663
32.1891
38.7795
38.6925
25.2878
30.7024
31.3042
26.5607
33.6957
44.4675
30.9822
30.0451
32.522
28.2952
43.3578
26.0766
38.6031
21.298
34.6682
46.839
38.7592
38.9203
50.2365
45.1962
37.3133
40.6421
42.0158
38.9786
46.2141
22.8607
16.1886
27.7285
30.2658
40.757
44.7516
45.6413
29.7639
45.3006
43.2705
36.7202
47.1938
45.3825
19.9609
34.2561
43.4369
29.8531
32.2066
49.4375
50.4238
46.5213
30.3305
41.6339
24.6325
33.5811
39.9143
39.6863
45.5395
44.6754
45.784
49.3774
39.9616
36.4642
39.1724
22.7835
24.452
41.6844
31.8822
44.5514
43.3634
28.9676
26.3362
43.0772
43.638
39.8137
25.4604
43.0464
46.0823
33.9696
39.7939
12.8091
16.5291
45.7532
43.8271
27.8561
48.5573
36.5576
43.7156
32.2278
41.0348
34.1071
32.9615
35.5781
50.3498
36.3438
41.8612
46.5856
40.4147
47.6958
42.4818
40.9029
38.6927
37.9216
43.1918
36.2666
24.8325
36.8866
40.8166
45.3415
19.4854
40.3058
35.6915
42.239
44.4423
49.9953
28.8249
48.0396
24.8162
34.2097
45.284
46.8204
41.1797
36.7835
24.0251
28.9025
34.0733
35.8096
43.4629
41.2522
26.2728
39.8181
46.2993
40.7713
27.3224
36.3351
37.0003
31.9276
28.8435
30.3995
49.7219
37.9103
37.0775
24.8717
35.1006
44.4178
36.163
22.2867
38.7809
44.0675
25.4947
35.4084
45.6357
43.761
46.5115
30.0759
27.1032
37.9694
40.8667
45.3694
37.1109
39.7342
39.8383
48.6695
34.8266
25.3318
15.3378
47.6039
40.1827
16.6786
37.1127
41.656
39.1927
41.5909
36.5831
43.8377
29.1506
34.2052
44.4898
43.3067
30.5001
44.7388
38.4896
38.4439
45.6373
34.6983
38.0217
46.4308
38.7039
45.3307
17.4625
33.1183
21.2338
38.359
49.2091
34.7713
26.3858
28.2627
45.3835
36.2813
48.3901
42.6012
48.4339
40.6195
36.3639
44.2622
38.6564
25.8039
36.1672
31.878
27.6462
37.6327
38.587
36.8445
35.064
35.5596
39.2353
43.3987
46.4247
42.7598
36.0534
31.5144
37.9378
48.3213
42.226
39.9958
31.5352
46.5399
47.1036
47.9831
20.8917
50.2228
43.5288
49.4564
46.7896
35.3787
24.2375
42.4548
45.4575
47.7297
43.7322
45.3728
36.8215
49.6636
46.8273
25.8083
38.1949
37.6157
32.7785
33.0127
39.8865
42.5134
40.1884
40.9485
47.6291
37.3969
41.8702
43.7572
39.5589
43.4668
27.2872
37.6215
44.0674
45.4215
40.5333
41.2502
42.0829
42.689
43.4003
40.564
32.9002
32.3035
44.7291
20.8809
34.4917
45.5036
36.5729
28.0491
44.7127
32.8717
33.5335
38.8926
33.8328
45.8265
37.2537
20.8859
35.1863
42.4879
45.5926
31.1018
43.7092
29.7843
28.0022
45.5867
39.0838
33.203
30.8177
33.8076
37.2155
45.7339
25.1899
33.7592
15.8733
36.4962
29.5986
45.4635
46.2251
38.225
42.1578
39.0905
37.7286
48.3649
47.3664
28.9457
43.8127
42.0156
47.8597
34.8798
48.9289
29.5788
33.5366
40.179
43.2827
37.2242
45.1143
48.279
30.9935
40.2898
40.8045
32.4797
45.7055
31.6088
41.6954
38.6846
36.9585
46.4494
49.0295
35.6167
40.1477
49.4765
43.2011
42.374
34.1839
42.8049
41.835
49.1109
47.7252
32.3877
47.0505
40.3338
35.1416
31.4635
45.6188
31.5022
44.6832
43.17
38.684
36.4421
47.176
26.9886
30.9895
29.6666
47.1748
37.8477
37.226
44.4385
43.7172
22.7358
37.7519
32.5003
20.7161
36.6134
29.2833
37.7167
37.6857
37.283
40.8347
32.8215
47.9862
42.8882
27.108
41.2301
29.9166
29.7756
42.6765
39.8668
39.8729
38.7854
34.0943
40.6027
41.6949
23.5298
40.7957
39.7234
45.7923
38.5093
43.2361
30.524
27.0441
36.7403
44.1242
45.3729
35.6022
34.8109
34.9973
31.9686
39.8157
47.0174
47.5889
24.0404
37.5336
45.4946
47.8011
37.1935
30.795
34.7617
48.8184
40.3798
36.9204
46.19
39.0599
43.5777
38.2398
41.706
29.5193
30.7613
29.4879
38.7216
29.213
46.0106
33.8878
44.5566
35.4618
32.2653
30.1223
36.4483
39.6129
39.4764
32.3128
40.3482
38.6224
46.3877
28.5304
34.419
40.3285
49.1071
38.6864
37.0887
34.6225
43.4582
44.4281
49.5361
31.3675
47.2216
30.3997
44.4628
44.6284
39.4703
43.4502
32.6336
48.0067
39.127
40.9824
31.6722
45.1553
37.6899
21.5329
33.4188
33.6104
29.1295
47.3318
21.2479
38.5268
34.0471
43.2395
33.132
17.2396
36.1198
44.601
47.1943
45.1391
33.3099
30.6963
43.6967
38.6017
28.5416
26.8861
35.7183
24.9221
37.456
47.4208
18.0924
28.5619
43.4483
42.6419
28.2982
40.1771
38.4436
31.669
44.4904
26.5346
41.1805
49.7282
44.8176
44.2741
41.8715
46.7253
48.8281
44.0059
32.5194
37.7681
46.8917
36.2108
33.6117
45.0781
38.707
49.561
38.5317
32.7516
14.4443
35.956
28.264
46.5162
37.2993
42.0506
28.4682
47.6119
45.2211
36.9701
28.0926
27.7938
44.4087
25.3523
36.809
20.0912
27.5217
37.225
30.6824
34.671
37.0739
33.861
38.5419
25.3114
40.0562
36.2408
27.5801
23.951
32.0231
40.0374
46.5178
45.921
47.1596
31.8728
37.1488
42.1228
48.2943
47.5386
27.8798
25.4487
25.8903
19.7719
42.8669
36.5123
41.9118
33.5231
40.3146
44.5338
35.665
34.6948
45.6565
47.5059
34.9135
30.314
42.7196
44.4124
29.9681
45.6353
43.2804
41.9064
37.6351
17.2027
47.3005
50.2503
46.2092
36.7026
35.558
40.2598
40.4983
39.7453
35.6416
49.6291
14.9988
44.9021
47.7624
47.5357
50.9662
24.0988
37.4579
42.2475
30.2503
33.6949
41.4467
29.6493
31.3469
39.5116
32.9093
45.2955
39.9511
30.4866
40.3769
39.191
48.7806
46.4441
43.5741
40.8133
34.9822
42.7039
35.1801
38.0463
39.7013
37.9278
36.4385
38.3109
28.1725
43.8046
46.5556
46.1635
28.3331
36.5171
40.682
35.1796
44.884
44.4213
44.1917
29.7585
34.2381
49.0965
26.3075
44.2388
33.4138
34.5476
24.6391
42.1934
34.6996
33.6197
44.6826
33.6227
28.6179
38.6331
35.0191
34.6637
42.2381
44.2191
44.3101
15.752
35.4504
40.4257
33.0157
36.6787
33.3611
31.6858
45.5348
42.8775
46.0792
39.2385
41.9408
43.107
32.4603
45.4661
18.1536
38.3454
43.9162
30.2107
21.9623
41.5827
34.1475
40.6469
30.6562
37.3085
46.4252
31.5423
39.5678
31.2872
42.3546
42.6418
42.1035
31.8594
48.3691
31.7093
34.1804
46.7941
43.2384
35.345
39.2015
47.9079
37.1451
24.7161
48.166
45.7917
41.426
47.0913
34.316
26.4785
40.9675
34.1918
36.5594
43.4871
43.0037
41.031
21.6275
40.3939
39.1794
34.7543
47.2169
43.645
45.2583
39.5262
25.068
50.1148
35.0978
39.3296
36.1995
30.5911
29.2058
40.3176
30.181
29.6276
39.4929
37.7488
46.0617
37.5814
29.5354
40.4842
45.8411
35.6906
21.399
37.627
34.0987
29.3316
30.5032
42.3612
29.4204
39.8272
45.2148
37.0249
41.8811
39.0413
24.3829
41.3855
26.4676
27.901
35.6938
40.8913
41.2904
46.6554
38.3859
39.9682
44.9106
33.5533
30.6288
46.7801
36.2532
38.3761
31.6181
38.3455
43.6853
28.4592
32.9597
39.9008
34.6786
34.4992
31.4588
38.7798
42.7815
42.7082
34.7898
46.4988
19.7938
47.3785
43.9536
37.1361
32.9061
44.55
44.4335
48.4481
44.6676
38.1337
37.6249
33.9286
36.7532
39.1455
35.0308
49.1387
28.4492
39.2888
27.807
42.9484
46.5072
36.072
30.7443
33.4969
26.8537
39.6675
39.1749
43.0769
36.2807
33.0233
34.2954
41.4256
34.5109
45.9904
38.8351
39.8544
27.9099
47.3039
47.6134
43.7494
9.51848
34.2689
46.7872
38.6401
26.0841
39.2506
34.4796
25.786
44.8779
43.5628
14.0538
37.1188
50.4602
47.776
38.7676
47.0046
39.2558
41.7662
36.5554
44.7695
37.259
49.5071
12.483
45.8355
12.8122
45.4178
17.586
36.78
39.714
22.7726
43.6562
25.7162
49.072
36.8964
39.5195
48.4627
45.0168
36.5396
47.8739
30.0879
35.3323
43.376
23.3893
29.2675
18.4866
44.7991
33.4321
30.1712
38.7639
24.6876
28.278
30.2499
44.2593
40.4875
38.9698
34.0278
36.3206
17.9269
29.7805
40.1875
41.9232
28.7136
29.8113
39.2313
43.5649
34.4402
47.7814
36.9005
40.8483
27.8123
42.4255
36.1673
43.7458
39.8763
15.0565
25.6287
23.3775
39.1783
25.6204
28.7492
28.7237
31.6511
33.418
49.1059
41.7537
36.953
36.883
32.8027
39.7678
37.4182
49.1377
36.7922
41.5766
49.3623
38.6048
39.8947
26.2773
35.7925
43.0026
43.2222
29.472
36.9471
44.1541
41.9267
48.6324
38.4423
41.6678
45.9015
17.7619
41.2263
38.3462
36.595
38.5021
46.6585
34.979
43.6476
22.9398
24.3691
39.7904
38.0846
47.751
43.672
39.2266
37.526
40.6445
40.6371
30.8454
28.5602
43.2169
36.6154
36.1894
36.4706
33.1098
15.1289
38.5167
36.8146
38.171
29.3873
41.4823
34.1781
46.1148
20.4479
43.5151
44.3316
34.9398
44.886
19.1165
42.8484
27.2192
15.0932
47.9867
35.1472
45.9795
41.2691
37.0757
30.7698
44.3608
32.0778
48.8035
39.6049
49.0641
47.5504
47.939
33.0845
36.8274
48.6023
35.3266
31.0456
36.6712
34.347
34.2815
36.8561
39.1914
29.5021
27.6588
41.5573
32.0641
39.1987
43.2821
35.1181
47.6079
28.7017
41.6522
33.5219
33.2188
34.0796
48.2052
23.3009
42.6839
27.1345
30.7078
45.667
42.5927
39.6549
46.3651
40.6103
36.1914
37.326
33.5702
31.7851
48.7817
33.2951
38.517
35.0189
39.8892
28.8634
41.2319
41.9594
38.9561
43.082
41.522
44.541
39.2172
50.4533
39.8354
42.6161
36.649
42.3304
42.6536
50.2328
34.3223
47.5016
42.8363
40.6267
35.2939
42.882
25.3379
32.7558
38.604
35.1794
32.7696
42.1196
35.6161
39.9098
26.7702
49.7454
50.5383
41.5904
32.0735
38.1618
41.9566
37.7192
37.8614
37.4359
43.2092
38.183
35.0235
38.3093
45.2694
49.0024
47.9917
43.7302
29.1694
30.8585
39.595
15.6389
43.1356
41.2878
27.9008
25.6397
30.9394
20.2606
30.191
26.6509
36.3452
39.3137
38.9632
36.4267
35.3196
39.1647
46.4408
25.8027
43.4307
37.5492
20.0524
21.1278
46.6134
48.5203
33.3233
46.6134
37.7365
33.1358
33.0983
36.5254
42.2602
36.0668
49.254
39.974
42.3234
47.2671
43.7751
20.5301
15.4906
38.1676
35.6598
41.2028
48.7537
32.5359
50.0791
28.9037
41.424
36.1443
35.7067
44.4753
39.1744
43.301
35.3245
30.3171
30.519
38.5344
38.9743
22.1545
31.6882
44.9145
44.8651
47.4541
45.4824
34.6397
39.8288
39.6242
42.0726
41.075
44.0116
38.2094
42.2786
38.9699
32.5611
49.1435
22.6929
27.7601
26.538
33.7488
30.699
41.8658
22.9954
41.4706
37.1448
44.2146
46.6475
35.3894
38.8745
36.7729
39.736
38.5428
44.1959
35.7896
39.6974
36.4908
36.4763
35.4736
40.3064
35.3211
47.6089
22.4942
44.4088
46.8291
42.6972
38.3213
23.7031
47.853
33.5718
25.7492
37.8487
31.04
44.6375
33.4407
31.0842
34.7193
48.9375
30.5027
39.9175
39.9053
31.3034
37.6883
45.9303
36.3792
32.3488
33.9802
38.64
48.87
29.3801
39.5303
30.9418
34.1301
40.7138
39.8821
44.6629
39.0606
26.517
46.9072
44.9171
40.2667
49.6316
42.3597
25.1148
37.3202
37.276
36.3054
34.3021
35.1259
46.0815
30.7652
33.787
40.8041
47.3838
37.7146
37.4587
34.5766
43.9941
39.6018
40.3785
39.3697
41.7551
46.3236
45.5813
45.2542
47.5777
30.6808
48.6119
43.2561
41.5726
34.3893
36.6578
38.9754
37.4562
27.4371
30.2349
49.1455
21.29
35.0275
42.6962
48.1908
46.7099
34.0833
36.1543
34.9962
33.0727
47.0127
40.4096
47.328
33.8397
43.96
13.1592
31.5065
36.1692
30.1058
28.942
39.9134
34.3793
32.9958
46.82
43.2146
25.4306
16.7372
35.0467
28.7205
43.9606
39.6171
43.5558
47.0242
36.529
46.5438
37.5147
46.994
32.0805
41.845
37.9709
38.7998
27.6325
43.135
39.4407
43.179
21.1653
31.9764
40.1513
33.2769
33.281
40.202
37.3784
40.1195
44.186
41.4073
48.6059
38.0092
39.0581
29.5859
45.8138
44.0659
27.5034
50.439
45.1925
16.4346
31.0031
41.3038
26.3517
43.4725
32.6758
31.8461
29.3646
46.3964
23.8193
32.6972
49.0071
43.3222
41.5223
45.9466
44.7319
24.3319
17.7854
39.8005
42.4695
46.7595
40.2366
33.6964
33.327
26.1727
32.2566
47.9343
36.4853
37.9416
45.9533
45.1319
29.8722
42.1179
37.0042
35.8142
36.4952
37.2178
39.7666
39.8671
43.9476
27.216
33.9044
37.2194
24.2656
34.0866
39.0966
41.5539
49.2872
36.9713
32.1988
38.8702
43.1085
47.8634
39.1497
35.598
41.0033
25.9618
42.0313
49.5589
28.5763
43.2792
44.6078
25.8462
34.6703
29.9524
31.3359
25.0722
31.8888
23.7772
45.5661
41.5727
37.2063
32.1315
47.7827
44.8057
25.2556
26.2423
44.6823
30.2454
44.6115
42.0303
36.5791
27.4938
39.0005
26.9071
43.7456
29.8662
40.4859
41.3273
46.4453
35.9899
44.4684
46.8337
34.3612
19.3814
38.4102
43.5699
39.0285
37.264
22.6826
38.7478
46.9828
32.6921
21.1767
35.6311
38.0285
47.1151
49.8455
47.319
43.3499
31.7297
45.0183
37.3794
34.4281
38.9611
40.7606
39.3374
43.129
35.5606
34.5495
48.701
46.0324
32.6247
31.1362
35.22
36.6666
36.876
22.3087
41.0533
33.0126
48.3213
49.4552
40.8574
18.6327
37.439
41.0601
30.1443
35.8438
39.7296
37.1568
40.2757
36.2202
17.3127
38.0362
44.9028
44.6352
36.7025
26.5918
34.2747
45.4223
46.043
35.247
29.5475
26.3488
39.082
29.069
37.001
36.7893
23.2817
37.2077
34.1041
45.4566
27.0136
38.2849
43.4159
31.2243
42.3493
44.3204
24.4092
20.1695
27.8934
48.1813
35.4609
37.2473
39.0522
44.1999
24.2296
27.8934
41.1996
38.5131
43.0405
38.0019
45.5777
41.5995
42.07
38.4504
26.6411
42.3665
18.5332
32.0336
46.7748
44.7043
35.8561
24.8104
41.67
42.8563
45.4672
34.0233
48.4583
41.0562
35.9462
31.9379
48.0755
31.9542
40.8699
30.4078
13.0377
34.9646
29.9715
40.3794
42.7123
44.2481
41.7962
26.4202
27.3903
41.0064
42.7217
46.4217
46.0448
43.6736
24.927
39.1189
22.2039
35.4352
34.1986
30.2766
24.7979
34.3924
36.0228
43.4093
48.1159
36.1857
45.5164
35.0604
38.4296
43.6855
44.37
46.0883
38.5261
42.3451
35.4769
40.602
39.4679
38.594
35.0777
34.6497
30.6425
43.7902
33.7664
23.0857
36.0656
28.3588
42.6986
45.1946
49.6743
46.0033
34.3886
38.9109
39.0876
37.3969
43.9566
41.7971
29.4714
47.9389
28.8316
35.7148
43.039
36.9939
43.7569
39.1355
28.9588
38.4987
41.5222
43.3257
34.8991
38.456
43.2463
32.3252
42.308
43.9729
32.1237
49.5828
37.3284
32.4781
43.9695
43.7147
21.3762
29.7897
29.5374
44.988
42.0313
24.0111
44.768
40.2376
38.7925
41.4161
41.4074
35.4469
39.1374
31.5671
26.5671
42.7692
45.2561
46.4209
49.2428
31.2258
44.0539
43.5388
33.2796
38.3585
34.7506
24.046
30.7594
49.0577
43.2486
48.2224
50.674
28.4863
48.6184
46.7621
24.6929
40.2782
40.0147
45.5417
45.263
35.5533
23.6923
46.779
33.5157
19.8839
25.5615
47.559
31.6306
25.9436
48.4698
21.6506
28.0689
49.4334
32.5648
44.6949
42.7508
24.8233
30.6995
42.9679
50.2073
43.2529
42.9063
38.3201
40.9555
40.4677
37.7492
39.17
43.1145
19.8517
37.4779
46.3011
20.2522
30.4234
36.2332
39.0147
46.1972
46.1071
35.331
29.6211
30.3556
41.2547
41.3259
37.9719
40.5922
49.5947
33.7379
39.6791
41.4537
43.2602
44.5712
48.0125
34.962
36.5434
35.7508
24.1824
40.0606
47.7852
46.8936
24.1165
36.93
35.1686
45.0633
27.8929
33.7658
26.644
39.6727
32.8114
25.6676
20.9696
29.4148
38.1327
35.5356
24.8549
46.4287
42.5995
17.9849
46.0531
44.2429
32.1442
50.295
22.5087
35.3789
35.8255
42.4201
42.1041
36.332
47.4871
36.1297
31.7259
38.7958
39.0067
49.0974
32.0314
39.8951
40.5562
27.2147
48.1782
40.8735
36.3619
31.6878
33.1629
32.9823
34.2772
33.9407
38.4288
38.0487
26.7109
46.8888
30.9527
36.9909
45.2317
41.7269
37.4035
35.3616
40.1964
38.2106
34.8879
46.7463
41.921
38.9706
40.7013
37.9865
45.6245
42.6538
36.2028
31.7406
28.2557
42.1066
48.7177
27.2154
31.1859
48.2138
25.0185
49.4124
39.5335
38.4603
39.1294
42.1568
43.8788
29.7008
39.3003
40.5141
39.3301
25.445
41.0383
40.4089
36.5397
40.8929
40.7582
36.6923
40.9954
46.8655
45.1472
39.8395
29.1317
27.1973
47.0205
37.9846
42.0424
22.0995
31.6457
36.5651
17.9362
44.1548
24.6192
17.2531
46.6974
40.7817
40.7637
31.1113
39.2842
22.1481
22.8309
26.9097
40.9061
31.7251
38.3672
40.3645
33.8826
38.7316
37.4539
22.9185
40.502
33.545
44.9061
47.1304
42.4637
29.837
29.1792
40.1565
42.2054
39.9129
21.9559
40.8374
35.519
44.7175
32.2807
42.8081
39.8342
31.7528
43.7734
24.7525
43.2389
42.4904
49.7992
22.8055
32.3122
21.3418
40.773
27.5001
34.0852
33.9306
43.4401
40.2024
32.4676
30.3281
27.4238
36.9392
48.2285
35.9948
46.3451
30.1784
31.2548
31.2004
36.8181
38.4376
26.8338
34.9402
49.7444
44.4094
35.186
47.1057
26.5072
28.1404
46.787
44.9327
20.0208
33.8833
48.5423
47.1961
21.228
47.5159
30.4833
39.1986
32.6819
34.3575
33.1642
45.7894
45.1075
34.2863
41.9365
35.1059
24.1209
32.0386
45.2302
35.3393
39.5627
21.4525
35.3586
39.6664
38.4863
28.9931
35.2462
47.5961
42.0678
46.712
34.7596
28.8035
38.5868
43.9371
37.4884
37.7009
36.5441
42.0254
48.2076
39.9667
35.9821
44.3569
41.9235
39.6659
49.2443
37.8071
34.7699
33.3515
44.9006
36.6436
49.7252
42.1793
37.4406
26.9813
37.6028
33.3911
44.0662
28.1442
27.4609
47.3767
47.8341
33.191
45.4843
29.285
30.6561
39.6923
41.0341
49.2228
34.4188
35.4172
47.7752
21.6027
21.5193
46.5746
27.2555
37.0049
39.4573
31.9002
46.2749
44.2467
33.6853
22.9697
42.8889
26.7818
47.8553
33.803
28.3595
41.0606
21.8654
39.3038
39.0066
21.9405
48.4271
45.994
39.3233
20.4384
39.7869
33.4329
46.1712
31.1256
41.4959
46.3125
36.0648
25.4639
38.7976
26.5399
34.2997
40.1992
26.0857
18.2982
43.8159
42.5269
40.8181
25.4535
43.424
44.6492
16.3561
43.6734
34.7864
38.4501
33.2664
41.298
39.4298
33.2019
42.9315
23.2563
27.2469
49.7892
35.5196
42.7963
38.9993
40.7678
48.5097
34.5276
42.8549
33.0972
45.0614
44.7394
39.8767
46.9058
30.8231
27.3843
50.3433
30.6532
38.1747
36.0575
42.0132
45.6881
38.8203
38.3463
13.6096
38.4112
33.4946
30.3829
36.6525
38.931
22.7876
35.8879
33.9068
29.4278
47.2149
33.4251
37.3786
29.3626
48.449
42.3187
23.8263
37.164
38.4599
34.401
48.9863
38.6789
22.9383
24.1579
50.5806
44.1145
37.374
27.3773
41.9527
43.6876
36.8955
49.4986
24.8725
49.47
26.3812
30.9814
43.7493
44.6771
46.4745
45.0347
41.7641
19.0653
38.2502
41.6519
37.3711
25.1744
25.483
19.0181
44.0981
32.9111
16.2501
39.8767
37.4954
21.8802
30.2651
28.477
32.7856
46.4985
33.1687
48.331
26.4506
32.6188
35.4588
43.761
35.9649
30.9645
20.204
43.414
32.8739
47.4298
27.2653
22.3837
47.4622
37.5121
45.3531
40.1094
40.2463
23.8903
37.73
43.1559
34.2435
39.3182
46.5189
46.6898
30.9925
47.8084
30.9862
46.5342
38.6539
35.2004
33.3431
35.8614
39.7851
38.0553
31.7515
35.3205
18.7947
37.1176
41.6142
42.7315
50.58
39.9082
45.269
38.4822
42.2297
39.7269
30.513
48.3625
37.9506
38.734
34.4715
38.1046
27.8606
29.4149
27.5091
36.5043
45.8189
30.9084
31.0167
27.8566
47.0583
40.275
42.5677
38.9747
24.937
47.215
38.8819
38.6206
48.6096
33.2447
42.1763
48.181
28.6764
42.7527
38.6004
37.9281
33.0385
38.2967
29.036
41.4432
34.0995
41.9078
33.4117
40.1486
41.9543
39.8749
36.1488
42.8825
32.2345
40.9527
19.0433
45.6659
40.9996
31.829
43.3232
44.9474
29.4974
43.3319
31.6858
27.9944
20.9396
34.2224
44.6176
41.752
40.447
40.1456
47.5432
35.8875
39.4201
41.1634
36.9998
40.9182
44.696
46.6175
43.6476
12.0125
41.2406
43.0158
25.8036
39.2868
48.1403
34.6098
24.697
42.7546
24.8891
38.3012
39.4036
32.1656
27.3009
38.6574
40.2868
41.7117
44.5623
46.4384
34.3844
40.1328
33.6292
26.8832
26.3947
46.4091
48.9252
38.0212
39.5528
50.1153
33.689
43.5471
47.7016
10.9948
44.7273
44.87
29.6932
39.3971
41.3503
24.1198
46.5367
38.7917
35.7663
43.3104
38.544
22.9222
40.9074
40.9981
34.3304
45.3055
37.1061
39.7635
37.4767
34.1707
38.6429
32.8475
49.0915
48.6316
42.156
39.3267
41.3703
46.2267
41.3868
27.1495
29.821
33.2074
24.0963
31.7319
31.9887
42.995
46.8808
45.1709
44.1012
25.0869
41.6666
24.9093
33.3372
23.5207
41.0126
38.6533
30.0817
41.3102
20.0198
48.4725
41.9892
43.8422
30.1305
39.7988
47.1554
23.7412
30.6628
38.2309
32.3482
36.7245
39.8581
48.8358
29.6265
22.8582
30.18
42.7152
33.083
37.9192
40.2547
30.5263
35.8326
48.8284
22.7416
47.9073
33.548
22.0781
43.4719
26.8783
45.2889
40.4881
40.1945
48.3626
43.5417
26.3601
23.7675
34.9883
35.4464
46.4534
47.4247
36.3351
47.3856
41.1486
43.505
36.6627
25.8174
45.2205
33.4098
41.4675
29.6916
41.2232
37.6231
35.8322
40.1539
41.8558
36.4909
38.6569
28.652
42.2319
30.4019
28.4098
32.5266
24.3333
46.0891
48.16
35.249
26.356
34.9657
39.7162
33.1087
49.8644
30.2238
26.9019
28.8793
28.3574
45.7948
32.4419
39.3085
45.8733
37.8508
38.439
39.2565
42.8695
45.3321
28.2928
35.027
45.7802
28.3588
35.2831
28.0114
28.043
42.114
37.9211
33.0232
17.862
45.4375
36.6721
49.26
16.4591
23.5436
20.246
45.8424
40.3601
23.2234
41.715
22.9303
26.3172
38.0418
46.1449
26.8661
41.3581
18.9364
34.9453
31.5426
41.2914
28.6247
41.5109
42.8431
40.0041
19.3384
36.1933
32.678
35.1658
50.9227
27.2193
30.7626
44.9398
37.6114
33.986
45.4403
32.3007
24.3818
44.0156
29.4276
38.2296
41.4283
32.1249
46.0292
48.4446
37.5142
46.7166
33.4573
34.6243
27.0542
39.1641
36.844
22.2753
47.9429
38.3545
35.724
41.9928
44.3057
42.0629
36.1909
34.6481
47.3506
28.515
14.1698
44.0587
28.4073
49.2535
44.8676
37.3854
41.8229
41.2972
33.3101
44.6772
44.8404
43.2921
48.1519
25.7741
44.6905
33.292
17.5601
46.1046
45.2922
43.9208
42.3991
34.3172
19.9969
34.0267
46.9141
44.7188
39.9236
42.3578
36.2376
43.3358
33.7259
34.6625
37.972
27.9475
36.6136
30.2586
41.603
48.5841
45.1548
38.0709
29.7383
48.4576
46.914
26.037
34.5658
43.9067
41.3896
40.8656
42.1291
38.3118
36.9857
39.7699
29.5653
36.1417
40.1408
39.9112
35.0274
46.2972
46.1088
23.5964
24.3335
45.4283
35.437
45.5085
28.0486
38.2877
39.6487
42.8175
41.5082
41.0088
43.6191
27.6138
43.1279
47.4895
47.4241
33.4952
30.5502
28.6888
44.3424
44.653
45.4943
28.6013
42.7223
26.9598
46.7224
41.8147
44.0903
38.0406
36.0827
32.1149
19.0996
42.3163
42.1258
32.9468
40.8319
40.3283
49.1807
34.4268
33.778
45.9386
45.5353
27.6467
36.7114
34.8751
25.1505
25.0165
36.9717
36.2198
35.3235
36.3119
43.2205
44.1548
36.0853
49.2421
42.3336
25.5739
38.947
33.1223
46.7017
41.2271
34.6785
38.4596
26.7725
48.4107
44.6399
46.1803
40.6708
46.3741
41.8007
40.4439
49.3336
38.3761
34.0163
48.0853
32.9527
42.6485
48.1363
22.7061
36.5735
42.0601
33.6576
39.0787
28.6176
32.5761
28.24
39.1963
47.1764
32.6672
16.4354
34.1548
40.2588
27.2976
39.3369
32.7711
49.4396
31.0678
27.684
26.8527
33.5222
39.046
41.1728
48.9318
30.1236
46.4195
41.8434
34.6541
28.5016
42.5723
44.1738
38.1123
39.2956
43.229
42.4997
42.5562
28.316
41.1154
29.5676
41.2218
45.7102
40.8172
35.8967
49.5561
16.9614
28.3505
45.3925
35.2326
48.1778
49.0894
43.8381
22.1888
49.1191
34.0927
46.2956
46.3114
48.8909
28.7097
36.8958
45.6162
28.052
31.4019
30.5081
22.8043
35.1622
44.5516
20.2459
39.5576
29.2796
40.8971
28.9012
47.1637
48.1911
48.0453
40.5873
41.4599
46.0511
41.8721
44.798
25.1047
36.6458
24.897
43.5528
31.4067
43.8506
47.598
33.5424
44.8003
38.6554
39.1187
32.1325
35.636
27.5545
17.489
35.9842
34.0347
44.901
32.4623
29.2374
38.5542
48.9213
39.9514
42.2632
25.3962
32.0677
45.9967
36.4915
43.599
30.6617
48.9965
40.2395
21.0003
15.0646
33.2382
46.6635
49.0145
44.7876
43.8654
28.8312
47.15
35.4669
33.5221
40.7436
30.6203
46.3631
40.348
47.2322
36.6568
48.417
40.3499
24.1042
34.3612
47.3924
41.9702
35.201
37.5606
43.9805
36.3611
28.9753
45.4156
40.2505
40.6455
41.586
33.5885
26.2441
40.5771
44.503
48.3771
51.3604
17.05
42.0099
28.8573
44.5585
31.2524
31.5162
43.7878
45.3484
45.4935
45.332
34.1529
37.6687
37.2001
29.1392
37.4113
48.8839
44.9755
36.5576
36.4535
45.4945
36.5737
29.312
36.3545
35.432
48.3197
31.9125
44.6552
42.6356
50.4248
22.0957
49.263
34.3842
25.7288
46.2469
32.6062
33.4448
34.7425
44.3205
25.1026
40.4953
47.6452
30.6762
42.4831
44.9701
44.1676
48.3098
20.1549
38.4681
49.0618
41.3385
46.3309
46.9424
18.6909
43.4424
24.8713
47.5438
44.7287
28.8751
44.8774
39.433
37.5497
35.1038
37.2295
44.3887
34.1902
22.5567
47.7689
46.4528
29.1335
46.78
45.1703
20.7858
26.0136
41.1288
37.2781
34.8711
26.6538
41.8524
33.7399
41.6237
37.5309
35.8414
30.4544
22.4616
27.9174
29.6302
29.9472
46.6625
39.5802
31.3632
29.2988
38.7203
39.877
36.9653
39.6004
41.3986
30.6905
38.6746
40.981
34.55
49.7802
45.4768
41.5165
33.5981
27.8743
31.7482
39.5648
41.4625
34.8937
31.2716
45.8291
39.3367
42.7333
41.4268
39.5488
42.989
34.8512
30.1709
28.6656
39.1415
34.8074
39.5217
49.7058
36.0908
42.7334
34.388
29.7044
39.8123
38.8758
46.1376
32.7265
38.1465
46.918
37.9952
37.4649
49.3275
32.4232
29.6154
35.9886
34.3787
38.3087
28.5406
30.4372
45.9197
39.1031
41.7742
43.5716
45.7181
49.2335
34.1467
41.8777
35.7413
46.5037
45.9005
46.7239
41.8616
28.383
25.6014
47.1022
30.1118
42.9678
35.3301
27.9929
42.4719
38.6977
36.4925
27.9359
41.9906
42.5407
38.8505
45.5376
38.2192
40.0811
38.7726
23.9196
42.9491
47.656
44.4091
32.9912
32.9034
38.7177
22.1632
31.9373
43.174
39.7586
44.7103
33.4808
40.5984
36.0164
50.1277
36.0106
17.8183
38.1816
33.0081
38.9978
47.7267
46.0722
40.5348
42.548
39.8221
38.6083
31.2596
47.1082
44.8872
49.5537
41.7091
37.0055
37.5893
21.0356
49.2306
44.2568
35.4355
37.6024
31.1842
33.3225
32.9548
36.2002
40.9222
50.3025
22.1902
36.7158
38.3138
38.8477
40.5344
31.5752
48.2405
30.0112
43.0545
29.8809
46.9375
34.7502
49.8595
39.243
31.8364
33.6373
34.085
40.6047
39.3467
32.9559
49.2709
40.2048
40.2518
21.2826
31.5403
40.938
35.8556
23.8375
43.2724
44.0687
28.2778
35.5987
25.2031
36.0474
35.3563
35.764
31.0061
35.3063
49.6093
35.101
48.8385
50.0981
32.7308
40.9931
37.2935
48.0487
46.8261
38.4332
42.5611
44.9744
20.6826
36.0454
33.5708
45.6119
48.9652
48.8009
42.7665
32.6576
34.2532
33.4173
38.3039
34.2425
41.4723
46.5704
43.1552
29.8029
45.3008
30.0175
43.3179
40.361
24.4206
44.0261
39.2378
39.0921
31.7555
46.4707
40.8376
44.5492
41.8128
44.7725
43.9951
36.7966
30.4688
43.2097
23.9101
48.3919
25.1441
46.6167
49.284
28.564
29.0462
35.3125
24.7009
26.0711
46.8246
32.8297
44.2188
30.6574
39.5426
41.5041
44.2373
47.4236
39.3468
41.9228
34.7226
45.7053
29.5693
43.5881
41.4212
44.1978
